0 -1.497
0.0122718 -8.63322
0.0245437 -8.63283
0.0368155 -8.63219
0.0490874 -8.6313
0.0613592 -8.63014
0.0736311 -8.62874
0.0859029 -8.62708
0.0981748 -8.62518
0.110447 -8.62303
0.122718 -8.62064
0.13499 -8.61801
0.147262 -8.61517
0.159534 -8.61212
0.171806 -8.60889
0.184078 -8.60553
0.19635 -8.60209
0.208621 -8.59869
0.220893 -8.59538
0.233165 -8.59207
0.245437 -8.58838
0.257709 -8.58389
0.269981 -8.57863
0.282252 -8.57289
0.294524 -8.56691
0.306796 -8.56077
0.319068 -8.55452
0.33134 -8.54815
0.343612 -8.54166
0.355884 -8.53502
0.368155 -8.52825
0.380427 -8.52133
0.392699 -8.51426
0.404971 -8.50705
0.417243 -8.4997
0.429515 -8.49222
0.441786 -8.48464
0.454058 -8.47698
0.46633 -8.46927
0.478602 -8.46151
0.490874 -8.45369
0.503146 -8.44578
0.515418 -8.43782
0.527689 -8.43012
0.539961 -8.42315
0.552233 -8.41755
0.564505 -8.41409
0.576777 -8.41357
0.589049 -8.41637
0.60132 -8.42171
0.613592 -8.42727
0.625864 -8.43021
0.638136 -8.42885
0.650408 -8.42335
0.66268 -8.41489
0.674952 -8.40473
0.687223 -8.39379
0.699495 -8.38261
0.711767 -8.37146
0.724039 -8.36045
0.736311 -8.34961
0.748583 -8.33895
0.760854 -8.32846
0.773126 -8.31816
0.785398 -8.30806
0.79767 -8.29815
0.809942 -8.28841
0.822214 -8.27881
0.834486 -8.26932
0.846757 -8.25991
0.859029 -8.25058
0.871301 -8.24131
0.883573 -8.23209
0.895845 -8.22293
0.908117 -8.21381
0.920388 -8.20474
0.93266 -8.1957
0.944932 -8.1867
0.957204 -8.17774
0.969476 -8.16881
0.981748 -8.15992
0.99402 -8.15105
1.00629 -8.14221
1.01856 -8.1334
1.03084 -8.12463
1.04311 -8.11587
1.05538 -8.10714
1.06765 -8.09841
1.07992 -8.08967
1.09219 -8.08091
1.10447 -8.07217
1.11674 -8.06346
1.12901 -8.05481
1.14128 -8.04619
1.15355 -8.03761
1.16583 -8.02907
1.1781 -8.02055
1.19037 -8.01206
1.20264 -8.00359
1.21491 -7.99514
1.22718 -7.98672
1.23946 -7.97831
1.25173 -7.96991
1.264 -7.96153
1.27627 -7.95316
1.28854 -7.94481
1.30082 -7.93648
1.31309 -7.92816
1.32536 -7.91986
1.33763 -7.91158
1.3499 -7.90331
1.36217 -7.89507
1.37445 -7.88684
1.38672 -7.87863
1.39899 -7.87044
1.41126 -7.86226
1.42353 -7.85409
1.43581 -7.84593
1.44808 -7.83778
1.46035 -7.82964
1.47262 -7.82151
1.48489 -7.8134
1.49717 -7.80532
1.50944 -7.79725
1.52171 -7.78919
1.53398 -7.78115
1.54625 -7.77313
1.55852 -7.76512
1.5708 -7.75712
1.58307 -7.74914
1.59534 -7.74117
1.60761 -7.73321
1.61988 -7.72527
1.63216 -7.71735
1.64443 -7.70945
1.6567 -7.70158
1.66897 -7.69375
1.68124 -7.68595
1.69351 -7.6782
1.70579 -7.67048
1.71806 -7.66278
1.73033 -7.65507
1.7426 -7.64735
1.75487 -7.6396
1.76715 -7.63183
1.77942 -7.62405
1.79169 -7.61627
1.80396 -7.60849
1.81623 -7.60071
1.82851 -7.59294
1.84078 -7.58518
1.85305 -7.57742
1.86532 -7.56967
1.87759 -7.56192
1.88986 -7.55418
1.90214 -7.54645
1.91441 -7.53872
1.92668 -7.53101
1.93895 -7.5233
1.95122 -7.51561
1.9635 -7.50792
1.97577 -7.50023
1.98804 -7.49255
2.00031 -7.48488
2.01258 -7.4772
2.02485 -7.46953
2.03713 -7.46187
2.0494 -7.4542
2.06167 -7.44654
2.07394 -7.43887
2.08621 -7.43121
2.09849 -7.42355
2.11076 -7.41589
2.12303 -7.40824
2.1353 -7.4006
2.14757 -7.39296
2.15984 -7.38533
2.17212 -7.3777
2.18439 -7.37008
2.19666 -7.36244
2.20893 -7.35481
2.2212 -7.34718
2.23348 -7.33954
2.24575 -7.3319
2.25802 -7.32427
2.27029 -7.31662
2.28256 -7.30898
2.29484 -7.30132
2.30711 -7.29367
2.31938 -7.286
2.33165 -7.27834
2.34392 -7.27066
2.35619 -7.26298
2.36847 -7.2553
2.38074 -7.24761
2.39301 -7.23991
2.40528 -7.23221
2.41755 -7.2245
2.42983 -7.21679
2.4421 -7.20907
2.45437 -7.20134
2.46664 -7.19361
2.47891 -7.18586
2.49118 -7.17811
2.50346 -7.17035
2.51573 -7.16259
2.528 -7.15481
2.54027 -7.14702
2.55254 -7.13922
2.56482 -7.13141
2.57709 -7.12359
2.58936 -7.11576
2.60163 -7.10792
2.6139 -7.10007
2.62618 -7.0922
2.63845 -7.08432
2.65072 -7.07643
2.66299 -7.06853
2.67526 -7.06061
2.68753 -7.05268
2.69981 -7.04473
2.71208 -7.03677
2.72435 -7.02879
2.73662 -7.02079
2.74889 -7.01278
2.76117 -7.00475
2.77344 -6.9967
2.78571 -6.98864
2.79798 -6.98056
2.81025 -6.97246
2.82252 -6.96434
2.8348 -6.95621
2.84707 -6.94807
2.85934 -6.9399
2.87161 -6.9317
2.88388 -6.92348
2.89616 -6.91522
2.90843 -6.90695
2.9207 -6.89864
2.93297 -6.89032
2.94524 -6.88197
2.95751 -6.8736
2.96979 -6.86521
2.98206 -6.85679
2.99433 -6.84834
3.0066 -6.83987
3.01887 -6.83138
3.03115 -6.82285
3.04342 -6.8143
3.05569 -6.80572
3.06796 -6.79711
3.08023 -6.78847
3.09251 -6.7798
3.10478 -6.77109
3.11705 -6.76235
3.12932 -6.75357
3.14159 -6.74475
3.15386 -6.73589
3.16614 -6.72699
3.17841 -6.71805
3.19068 -6.70906
3.20295 -6.70003
3.21522 -6.69094
3.2275 -6.6818
3.23977 -6.67261
3.25204 -6.66338
3.26431 -6.65413
3.27658 -6.64488
3.28885 -6.63563
3.30113 -6.6264
3.3134 -6.61717
3.32567 -6.60792
3.33794 -6.59863
3.35021 -6.58929
3.36249 -6.57988
3.37476 -6.57041
3.38703 -6.56088
3.3993 -6.55129
3.41157 -6.54164
3.42385 -6.53192
3.43612 -6.52215
3.44839 -6.51232
3.46066 -6.50244
3.47293 -6.49249
3.4852 -6.48249
3.49748 -6.47243
3.50975 -6.46231
3.52202 -6.45212
3.53429 -6.44189
3.54656 -6.43158
3.55884 -6.42122
3.57111 -6.41079
3.58338 -6.40029
3.59565 -6.38971
3.60792 -6.37907
3.62019 -6.36836
3.63247 -6.35757
3.64474 -6.34672
3.65701 -6.33579
3.66928 -6.32478
3.68155 -6.31369
3.69383 -6.30253
3.7061 -6.29128
3.71837 -6.27995
3.73064 -6.26854
3.74291 -6.25704
3.75518 -6.24546
3.76746 -6.23378
3.77973 -6.22201
3.792 -6.21015
3.80427 -6.19819
3.81654 -6.18613
3.82882 -6.17398
3.84109 -6.16172
3.85336 -6.14935
3.86563 -6.13689
3.8779 -6.12431
3.89018 -6.11162
3.90245 -6.09882
3.91472 -6.08589
3.92699 -6.07284
3.93926 -6.05965
3.95153 -6.04634
3.96381 -6.0329
3.97608 -6.01933
3.98835 -6.00562
4.00062 -5.99177
4.01289 -5.97778
4.02517 -5.96364
4.03744 -5.94935
4.04971 -5.9349
4.06198 -5.92029
4.07425 -5.90552
4.08652 -5.89058
4.0988 -5.87546
4.11107 -5.86016
4.12334 -5.84468
4.13561 -5.82901
4.14788 -5.81314
4.16016 -5.79708
4.17243 -5.7808
4.1847 -5.76431
4.19697 -5.7476
4.20924 -5.73066
4.22152 -5.71349
4.23379 -5.69607
4.24606 -5.6784
4.25833 -5.66048
4.2706 -5.64228
4.28287 -5.62381
4.29515 -5.60505
4.30742 -5.586
4.31969 -5.56662
4.33196 -5.54693
4.34423 -5.52689
4.35651 -5.50649
4.36878 -5.4857
4.38105 -5.46453
4.39332 -5.44295
4.40559 -5.42098
4.41786 -5.3986
4.43014 -5.37581
4.44241 -5.35258
4.45468 -5.32889
4.46695 -5.3047
4.47922 -5.27999
4.4915 -5.25473
4.50377 -5.22889
4.51604 -5.20245
4.52831 -5.17537
4.54058 -5.14761
4.55285 -5.11915
4.56513 -5.08994
4.5774 -5.05993
4.58967 -5.02908
4.60194 -4.99735
4.61421 -4.96466
4.62649 -4.93097
4.63876 -4.8962
4.65103 -4.86028
4.6633 -4.82313
4.67557 -4.78465
4.68785 -4.74475
4.70012 -4.7033
4.71239 -4.66018
4.72466 -4.61524
4.73693 -4.56831
4.7492 -4.5192
4.76148 -4.4677
4.77375 -4.41356
4.78602 -4.35647
4.79829 -4.2961
4.81056 -4.23202
4.82284 -4.16375
4.83511 -4.09066
4.84738 -4.01203
4.85965 -3.92692
4.87192 -3.83413
4.88419 -3.73213
4.89647 -3.61883
4.90874 -3.49139
4.92101 -3.34571
4.93328 -3.1756
4.94555 -2.97107
4.95783 -2.71441
4.9701 -2.36928
4.98237 -1.83971
4.99464 -0.647534
5.00691 -0.90104
5.01919 -1.92049
5.03146 -2.41373
5.04373 -2.74189
5.056 -2.98801
5.06827 -3.18493
5.08054 -3.349
5.09282 -3.48959
5.10509 -3.61255
5.11736 -3.72179
5.12963 -3.82003
5.1419 -3.90927
5.15418 -3.99101
5.16645 -4.0664
5.17872 -4.13634
5.19099 -4.20156
5.20326 -4.26264
5.21553 -4.32008
5.22781 -4.37428
5.24008 -4.42557
5.25235 -4.47424
5.26462 -4.52055
5.27689 -4.5647
5.28917 -4.6069
5.30144 -4.64729
5.31371 -4.68603
5.32598 -4.72324
5.33825 -4.75904
5.35052 -4.79353
5.3628 -4.82679
5.37507 -4.85891
5.38734 -4.88996
5.39961 -4.92001
5.41188 -4.94912
5.42416 -4.97735
5.43643 -5.00474
5.4487 -5.03135
5.46097 -5.05721
5.47324 -5.08237
5.48552 -5.10686
5.49779 -5.13071
5.51006 -5.15396
5.52233 -5.17664
5.5346 -5.19877
5.54687 -5.22038
5.55915 -5.2415
5.57142 -5.26213
5.58369 -5.28231
5.59596 -5.30203
5.60823 -5.32132
5.62051 -5.34019
5.63278 -5.35865
5.64505 -5.37674
5.65732 -5.39447
5.66959 -5.41185
5.68186 -5.42891
5.69414 -5.44565
5.70641 -5.46209
5.71868 -5.47823
5.73095 -5.49408
5.74322 -5.50965
5.7555 -5.52496
5.76777 -5.54
5.78004 -5.5548
5.79231 -5.56934
5.80458 -5.58365
5.81686 -5.59773
5.82913 -5.61158
5.8414 -5.62522
5.85367 -5.63865
5.86594 -5.65187
5.87821 -5.6649
5.89049 -5.67773
5.90276 -5.69037
5.91503 -5.70284
5.9273 -5.71512
5.93957 -5.72723
5.95185 -5.73918
5.96412 -5.75096
5.97639 -5.76258
5.98866 -5.77404
6.00093 -5.78535
6.0132 -5.79651
6.02548 -5.80753
6.03775 -5.81841
6.05002 -5.82914
6.06229 -5.83974
6.07456 -5.85021
6.08684 -5.86055
6.09911 -5.87077
6.11138 -5.88087
6.12365 -5.89085
6.13592 -5.90071
6.14819 -5.91046
6.16047 -5.92009
6.17274 -5.92961
6.18501 -5.93903
6.19728 -5.94834
6.20955 -5.95754
6.22183 -5.96665
6.2341 -5.97565
6.24637 -5.98456
6.25864 -5.99337
6.27091 -6.00208
6.28319 -6.01071
6.29546 -6.01924
6.30773 -6.02769
6.32 -6.03605
6.33227 -6.04433
6.34454 -6.05252
6.35682 -6.06063
6.36909 -6.06866
6.38136 -6.0766
6.39363 -6.08448
6.4059 -6.09227
6.41818 -6.09999
6.43045 -6.10764
6.44272 -6.11521
6.45499 -6.12272
6.46726 -6.13016
6.47953 -6.13753
6.49181 -6.14483
6.50408 -6.15207
6.51635 -6.15924
6.52862 -6.16634
6.54089 -6.17339
6.55317 -6.18037
6.56544 -6.18729
6.57771 -6.19415
6.58998 -6.20095
6.60225 -6.2077
6.61453 -6.21439
6.6268 -6.22103
6.63907 -6.22762
6.65134 -6.23416
6.66361 -6.24066
6.67588 -6.24711
6.68816 -6.25351
6.70043 -6.25986
6.7127 -6.26614
6.72497 -6.27236
6.73724 -6.27851
6.74952 -6.28459
6.76179 -6.29061
6.77406 -6.29658
6.78633 -6.30251
6.7986 -6.30839
6.81087 -6.31422
6.82315 -6.32002
6.83542 -6.32577
6.84769 -6.33148
6.85996 -6.33715
6.87223 -6.34277
6.88451 -6.34836
6.89678 -6.35391
6.90905 -6.35941
6.92132 -6.36488
6.93359 -6.3703
6.94587 -6.37569
6.95814 -6.38104
6.97041 -6.38635
6.98268 -6.39162
6.99495 -6.39686
7.00722 -6.40205
7.0195 -6.40721
7.03177 -6.41233
7.04404 -6.41742
7.05631 -6.42247
7.06858 -6.42748
7.08086 -6.43246
7.09313 -6.43741
7.1054 -6.44232
7.11767 -6.44719
7.12994 -6.45204
7.14221 -6.45685
7.15449 -6.46163
7.16676 -6.46638
7.17903 -6.4711
7.1913 -6.47579
7.20357 -6.48044
7.21585 -6.48506
7.22812 -6.48965
7.24039 -6.49421
7.25266 -6.49873
7.26493 -6.50323
7.2772 -6.50769
7.28948 -6.51213
7.30175 -6.51653
7.31402 -6.52091
7.32629 -6.52526
7.33856 -6.52958
7.35084 -6.53387
7.36311 -6.53813
7.37538 -6.54237
7.38765 -6.54658
7.39992 -6.55076
7.4122 -6.55491
7.42447 -6.55904
7.43674 -6.56314
7.44901 -6.56722
7.46128 -6.57127
7.47355 -6.57529
7.48583 -6.57928
7.4981 -6.58326
7.51037 -6.5872
7.52264 -6.59112
7.53491 -6.59502
7.54719 -6.59889
7.55946 -6.60274
7.57173 -6.60656
7.584 -6.61036
7.59627 -6.61413
7.60854 -6.61788
7.62082 -6.62161
7.63309 -6.62531
7.64536 -6.62899
7.65763 -6.63264
7.6699 -6.63628
7.68218 -6.63988
7.69445 -6.64347
7.70672 -6.64703
7.71899 -6.65057
7.73126 -6.65409
7.74354 -6.65759
7.75581 -6.66106
7.76808 -6.66451
7.78035 -6.66794
7.79262 -6.67135
7.80489 -6.67474
7.81717 -6.6781
7.82944 -6.68145
7.84171 -6.68477
7.85398 -6.68806
7.86625 -6.69132
7.87853 -6.69456
7.8908 -6.69778
7.90307 -6.70098
7.91534 -6.70415
7.92761 -6.70731
7.93988 -6.71046
7.95216 -6.71358
7.96443 -6.71668
7.9767 -6.71977
7.98897 -6.72283
8.00124 -6.72587
8.01352 -6.7289
8.02579 -6.7319
8.03806 -6.73489
8.05033 -6.73786
8.0626 -6.74081
8.07487 -6.74373
8.08715 -6.74664
8.09942 -6.74952
8.11169 -6.75237
8.12396 -6.7552
8.13623 -6.75802
8.14851 -6.76081
8.16078 -6.76359
8.17305 -6.76634
8.18532 -6.76909
8.19759 -6.77181
8.20987 -6.77452
8.22214 -6.77722
8.23441 -6.7799
8.24668 -6.78256
8.25895 -6.7852
8.27122 -6.78781
8.2835 -6.79039
8.29577 -6.79292
8.30804 -6.79542
8.32031 -6.79789
8.33258 -6.80033
8.34486 -6.80275
8.35713 -6.80515
8.3694 -6.80753
8.38167 -6.80989
8.39394 -6.81224
8.40621 -6.81457
8.41849 -6.81688
8.43076 -6.81917
8.44303 -6.82143
8.4553 -6.82368
8.46757 -6.8259
8.47985 -6.82811
8.49212 -6.83028
8.50439 -6.83244
8.51666 -6.83457
8.52893 -6.83668
8.54121 -6.83877
8.55348 -6.84083
8.56575 -6.84287
8.57802 -6.84488
8.59029 -6.84687
8.60256 -6.84883
8.61484 -6.85077
8.62711 -6.85269
8.63938 -6.85457
8.65165 -6.85643
8.66392 -6.85827
8.6762 -6.86007
8.68847 -6.86185
8.70074 -6.8636
8.71301 -6.86532
8.72528 -6.86701
8.73755 -6.86867
8.74983 -6.87031
8.7621 -6.87191
8.77437 -6.87348
8.78664 -6.87502
8.79891 -6.87653
8.81119 -6.87801
8.82346 -6.87945
8.83573 -6.88086
8.848 -6.88223
8.86027 -6.88357
8.87254 -6.88487
8.88482 -6.88613
8.89709 -6.88735
8.90936 -6.88853
8.92163 -6.88967
8.9339 -6.89077
8.94618 -6.89183
8.95845 -6.89285
8.97072 -6.89383
8.98299 -6.89477
8.99526 -6.89566
9.00754 -6.89651
9.01981 -6.8973
9.03208 -6.89805
9.04435 -6.89875
9.05662 -6.89939
9.06889 -6.89998
9.08117 -6.90051
9.09344 -6.90099
9.10571 -6.90141
9.11798 -6.90177
9.13025 -6.90206
9.14253 -6.90229
9.1548 -6.90245
9.16707 -6.90255
9.17934 -6.90257
9.19161 -6.90252
9.20388 -6.9024
9.21616 -6.90219
9.22843 -6.90191
9.2407 -6.90154
9.25297 -6.90108
9.26524 -6.90053
9.27752 -6.8999
9.28979 -6.89917
9.30206 -6.89834
9.31433 -6.89742
9.3266 -6.8964
9.33888 -6.89528
9.35115 -6.89404
9.36342 -6.89267
9.37569 -6.89113
9.38796 -6.88938
9.40023 -6.88738
9.41251 -6.88514
9.42478 -6.88269
9.43705 -6.88004
9.44932 -6.87722
9.46159 -6.87422
9.47387 -6.87102
9.48614 -6.86761
9.49841 -6.86397
9.51068 -6.86008
9.52295 -6.85592
9.53522 -6.85146
9.5475 -6.84669
9.55977 -6.84158
9.57204 -6.8361
9.58431 -6.83024
9.59658 -6.82395
9.60886 -6.8172
9.62113 -6.80995
9.6334 -6.80216
9.64567 -6.79379
9.65794 -6.78478
9.67021 -6.77507
9.68249 -6.76459
9.69476 -6.75327
9.70703 -6.74101
9.7193 -6.72773
9.73157 -6.7133
9.74385 -6.69759
9.75612 -6.68044
9.76839 -6.66167
9.78066 -6.64106
9.79293 -6.61834
9.80521 -6.59321
9.81748 -6.56528
9.82975 -6.53408
9.84202 -6.49904
9.85429 -6.45942
9.86656 -6.41428
9.87884 -6.36236
9.89111 -6.30202
9.90338 -6.23096
9.91565 -6.14589
9.92792 -6.04192
9.9402 -5.9113
9.95247 -5.74073
9.96474 -5.50464
9.97701 -5.14333
9.98928 -4.45104
10.0016 -2.59648
10.0138 -4.86365
10.0261 -5.58776
10.0384 -6.07025
10.0506 -6.45484
10.0629 -6.79126
10.0752 -7.10455
10.0875 -7.41132
10.0997 -7.72614
10.112 -8.06613
10.1243 -8.45773
10.1365 -8.95506
10.1488 -9.7213
10.1611 -11.9268
10.1734 -9.9166
10.1856 -9.28955
10.1979 -8.94786
10.2102 -8.72114
10.2224 -8.55608
10.2347 -8.42907
10.247 -8.32755
10.2593 -8.24408
10.2715 -8.17404
10.2838 -8.11437
10.2961 -8.06291
10.3084 -8.01807
10.3206 -7.97866
10.3329 -7.94375
10.3452 -7.91261
10.3574 -7.88468
10.3697 -7.8595
10.382 -7.83669
10.3943 -7.81595
10.4065 -7.79701
10.4188 -7.77966
10.4311 -7.76372
10.4433 -7.74904
10.4556 -7.73548
10.4679 -7.72293
10.4802 -7.71129
