0 -3.01213
0.0122718 -8.98372
0.0245437 -8.98299
0.0368155 -8.98179
0.0490874 -8.9801
0.0613592 -8.97795
0.0736311 -8.97534
0.0859029 -8.97227
0.0981748 -8.96876
0.110447 -8.96482
0.122718 -8.96047
0.13499 -8.95571
0.147262 -8.95058
0.159534 -8.94508
0.171806 -8.93924
0.184078 -8.93308
0.19635 -8.92662
0.208621 -8.91989
0.220893 -8.91291
0.233165 -8.9057
0.245437 -8.8983
0.257709 -8.89071
0.269981 -8.88297
0.282252 -8.8751
0.294524 -8.86713
0.306796 -8.85908
0.319068 -8.85097
0.33134 -8.84284
0.343612 -8.83471
0.355884 -8.82657
0.368155 -8.81842
0.380427 -8.81019
0.392699 -8.80177
0.404971 -8.79289
0.417243 -8.78306
0.429515 -8.77137
0.441786 -8.75633
0.454058 -8.73566
0.46633 -8.70674
0.478602 -8.66841
0.490874 -8.62389
0.503146 -8.58118
0.515418 -8.54781
0.527689 -8.52568
0.539961 -8.5121
0.552233 -8.50341
0.564505 -8.49695
0.576777 -8.49116
0.589049 -8.48531
0.60132 -8.47904
0.613592 -8.47227
0.625864 -8.46498
0.638136 -8.45722
0.650408 -8.44903
0.66268 -8.44047
0.674952 -8.4316
0.687223 -8.42246
0.699495 -8.41309
0.711767 -8.40353
0.724039 -8.39381
0.736311 -8.38396
0.748583 -8.374
0.760854 -8.36395
0.773126 -8.35382
0.785398 -8.34363
0.79767 -8.3334
0.809942 -8.32312
0.822214 -8.31283
0.834486 -8.30251
0.846757 -8.29218
0.859029 -8.28185
0.871301 -8.27151
0.883573 -8.26118
0.895845 -8.25086
0.908117 -8.24055
0.920388 -8.23026
0.93266 -8.21998
0.944932 -8.20972
0.957204 -8.19949
0.969476 -8.18928
0.981748 -8.17909
0.99402 -8.16893
1.00629 -8.15879
1.01856 -8.14868
1.03084 -8.13859
1.04311 -8.12853
1.05538 -8.1185
1.06765 -8.1085
1.07992 -8.09855
1.09219 -8.08864
1.10447 -8.07879
1.11674 -8.069
1.12901 -8.05928
1.14128 -8.0496
1.15355 -8.03995
1.16583 -8.03034
1.1781 -8.02075
1.19037 -8.01119
1.20264 -8.00166
1.21491 -7.99216
1.22718 -7.98269
1.23946 -7.97325
1.25173 -7.96384
1.264 -7.95446
1.27627 -7.94512
1.28854 -7.93581
1.30082 -7.92653
1.31309 -7.91729
1.32536 -7.90807
1.33763 -7.89889
1.3499 -7.88974
1.36217 -7.88063
1.37445 -7.87154
1.38672 -7.86249
1.39899 -7.85347
1.41126 -7.84447
1.42353 -7.83551
1.43581 -7.82658
1.44808 -7.81768
1.46035 -7.8088
1.47262 -7.79996
1.48489 -7.79114
1.49717 -7.78235
1.50944 -7.77359
1.52171 -7.76485
1.53398 -7.75614
1.54625 -7.74746
1.55852 -7.7388
1.5708 -7.73017
1.58307 -7.72156
1.59534 -7.71298
1.60761 -7.70442
1.61988 -7.69588
1.63216 -7.68737
1.64443 -7.67887
1.6567 -7.6704
1.66897 -7.66196
1.68124 -7.65353
1.69351 -7.64512
1.70579 -7.63673
1.71806 -7.62837
1.73033 -7.62002
1.7426 -7.61169
1.75487 -7.60338
1.76715 -7.59509
1.77942 -7.58681
1.79169 -7.57856
1.80396 -7.57031
1.81623 -7.56209
1.82851 -7.55388
1.84078 -7.54569
1.85305 -7.53751
1.86532 -7.52934
1.87759 -7.52119
1.88986 -7.51306
1.90214 -7.50494
1.91441 -7.49683
1.92668 -7.48873
1.93895 -7.48064
1.95122 -7.47257
1.9635 -7.46451
1.97577 -7.45646
1.98804 -7.44842
2.00031 -7.44039
2.01258 -7.43237
2.02485 -7.42437
2.03713 -7.41637
2.0494 -7.40838
2.06167 -7.40039
2.07394 -7.39242
2.08621 -7.38445
2.09849 -7.37649
2.11076 -7.36853
2.12303 -7.36058
2.1353 -7.35264
2.14757 -7.3447
2.15984 -7.33676
2.17212 -7.32883
2.18439 -7.32091
2.19666 -7.31298
2.20893 -7.30507
2.2212 -7.29715
2.23348 -7.28924
2.24575 -7.28133
2.25802 -7.27342
2.27029 -7.26551
2.28256 -7.2576
2.29484 -7.2497
2.30711 -7.24179
2.31938 -7.23389
2.33165 -7.22598
2.34392 -7.21808
2.35619 -7.21017
2.36847 -7.20226
2.38074 -7.19435
2.39301 -7.18644
2.40528 -7.17852
2.41755 -7.1706
2.42983 -7.16268
2.4421 -7.15475
2.45437 -7.14682
2.46664 -7.13889
2.47891 -7.13095
2.49118 -7.123
2.50346 -7.11505
2.51573 -7.10709
2.528 -7.09913
2.54027 -7.09116
2.55254 -7.08318
2.56482 -7.07519
2.57709 -7.06719
2.58936 -7.05919
2.60163 -7.05118
2.6139 -7.04315
2.62618 -7.03512
2.63845 -7.02708
2.65072 -7.01903
2.66299 -7.01096
2.67526 -7.00288
2.68753 -6.99479
2.69981 -6.98669
2.71208 -6.97858
2.72435 -6.97045
2.73662 -6.96231
2.74889 -6.95416
2.76117 -6.94598
2.77344 -6.9378
2.78571 -6.9296
2.79798 -6.92138
2.81025 -6.91315
2.82252 -6.9049
2.8348 -6.89663
2.84707 -6.88834
2.85934 -6.88004
2.87161 -6.87171
2.88388 -6.86337
2.89616 -6.85501
2.90843 -6.84662
2.9207 -6.83822
2.93297 -6.82979
2.94524 -6.82134
2.95751 -6.81287
2.96979 -6.80438
2.98206 -6.79586
2.99433 -6.78731
3.0066 -6.77875
3.01887 -6.77016
3.03115 -6.76154
3.04342 -6.75289
3.05569 -6.74422
3.06796 -6.73552
3.08023 -6.72679
3.09251 -6.71804
3.10478 -6.70925
3.11705 -6.70044
3.12932 -6.69159
3.14159 -6.68271
3.15386 -6.6738
3.16614 -6.66486
3.17841 -6.65588
3.19068 -6.64687
3.20295 -6.63782
3.21522 -6.62874
3.2275 -6.61962
3.23977 -6.61047
3.25204 -6.60128
3.26431 -6.59204
3.27658 -6.58277
3.28885 -6.57346
3.30113 -6.56411
3.3134 -6.55472
3.32567 -6.54528
3.33794 -6.5358
3.35021 -6.52628
3.36249 -6.51671
3.37476 -6.5071
3.38703 -6.49744
3.3993 -6.48773
3.41157 -6.47797
3.42385 -6.46816
3.43612 -6.4583
3.44839 -6.44838
3.46066 -6.43842
3.47293 -6.4284
3.4852 -6.41833
3.49748 -6.4082
3.50975 -6.39801
3.52202 -6.38776
3.53429 -6.37745
3.54656 -6.36709
3.55884 -6.35666
3.57111 -6.34616
3.58338 -6.3356
3.59565 -6.32498
3.60792 -6.31428
3.62019 -6.30352
3.63247 -6.29269
3.64474 -6.28179
3.65701 -6.27081
3.66928 -6.25976
3.68155 -6.24863
3.69383 -6.23742
3.7061 -6.22613
3.71837 -6.21476
3.73064 -6.20331
3.74291 -6.19177
3.75518 -6.18014
3.76746 -6.16842
3.77973 -6.15661
3.792 -6.14471
3.80427 -6.13271
3.81654 -6.12061
3.82882 -6.10841
3.84109 -6.09611
3.85336 -6.0837
3.86563 -6.07118
3.8779 -6.05855
3.89018 -6.04582
3.90245 -6.03297
3.91472 -6.02001
3.92699 -6.00693
3.93926 -5.99373
3.95153 -5.9804
3.96381 -5.96695
3.97608 -5.95336
3.98835 -5.93963
4.00062 -5.92576
4.01289 -5.91175
4.02517 -5.89759
4.03744 -5.88327
4.04971 -5.8688
4.06198 -5.85417
4.07425 -5.83938
4.08652 -5.82441
4.0988 -5.80927
4.11107 -5.79396
4.12334 -5.77846
4.13561 -5.76276
4.14788 -5.74688
4.16016 -5.73079
4.17243 -5.71449
4.1847 -5.69799
4.19697 -5.68126
4.20924 -5.6643
4.22152 -5.64711
4.23379 -5.62967
4.24606 -5.61199
4.25833 -5.59405
4.2706 -5.57583
4.28287 -5.55735
4.29515 -5.53857
4.30742 -5.5195
4.31969 -5.50012
4.33196 -5.48042
4.34423 -5.46038
4.35651 -5.44
4.36878 -5.41927
4.38105 -5.39816
4.39332 -5.37666
4.40559 -5.35476
4.41786 -5.33243
4.43014 -5.30967
4.44241 -5.28644
4.45468 -5.26273
4.46695 -5.23851
4.47922 -5.21377
4.4915 -5.18847
4.50377 -5.16261
4.51604 -5.13615
4.52831 -5.10906
4.54058 -5.08131
4.55285 -5.05285
4.56513 -5.02364
4.5774 -4.99364
4.58967 -4.9628
4.60194 -4.93107
4.61421 -4.89838
4.62649 -4.86469
4.63876 -4.82993
4.65103 -4.79401
4.6633 -4.75686
4.67557 -4.71839
4.68785 -4.67849
4.70012 -4.63704
4.71239 -4.59393
4.72466 -4.54899
4.73693 -4.50207
4.7492 -4.45298
4.76148 -4.4015
4.77375 -4.34737
4.78602 -4.2903
4.79829 -4.22994
4.81056 -4.16587
4.82284 -4.0976
4.83511 -4.02453
4.84738 -3.94591
4.85965 -3.86081
4.87192 -3.76803
4.88419 -3.66604
4.89647 -3.55276
4.90874 -3.42533
4.92101 -3.27966
4.93328 -3.10956
4.94555 -2.90505
4.95783 -2.6484
4.9701 -2.30329
4.98237 -1.77374
4.99464 -0.581578
5.00691 -0.835101
5.01919 -1.85457
5.03146 -2.34783
5.04373 -2.676
5.056 -2.92215
5.06827 -3.11908
5.08054 -3.28318
5.09282 -3.42379
5.10509 -3.54677
5.11736 -3.65602
5.12963 -3.75429
5.1419 -3.84355
5.15418 -3.92531
5.16645 -4.00072
5.17872 -4.07069
5.19099 -4.13593
5.20326 -4.19704
5.21553 -4.2545
5.22781 -4.30871
5.24008 -4.36003
5.25235 -4.40873
5.26462 -4.45507
5.27689 -4.49925
5.28917 -4.54148
5.30144 -4.58191
5.31371 -4.62068
5.32598 -4.65792
5.33825 -4.69375
5.35052 -4.72827
5.3628 -4.76157
5.37507 -4.79372
5.38734 -4.82481
5.39961 -4.8549
5.41188 -4.88405
5.42416 -4.91232
5.43643 -4.93976
5.4487 -4.96642
5.46097 -4.99234
5.47324 -5.01755
5.48552 -5.04209
5.49779 -5.06598
5.51006 -5.08925
5.52233 -5.11192
5.5346 -5.13404
5.54687 -5.15564
5.55915 -5.17674
5.57142 -5.19736
5.58369 -5.21754
5.59596 -5.23727
5.60823 -5.25659
5.62051 -5.27551
5.63278 -5.29404
5.64505 -5.31219
5.65732 -5.32999
5.66959 -5.34745
5.68186 -5.36457
5.69414 -5.38137
5.70641 -5.39786
5.71868 -5.41405
5.73095 -5.42996
5.74322 -5.44558
5.7555 -5.46094
5.76777 -5.47603
5.78004 -5.49087
5.79231 -5.50547
5.80458 -5.51983
5.81686 -5.53396
5.82913 -5.54787
5.8414 -5.56156
5.85367 -5.57504
5.86594 -5.58832
5.87821 -5.60139
5.89049 -5.61428
5.90276 -5.62698
5.91503 -5.63949
5.9273 -5.65183
5.93957 -5.664
5.95185 -5.676
5.96412 -5.68784
5.97639 -5.69951
5.98866 -5.71103
6.00093 -5.72241
6.0132 -5.73363
6.02548 -5.74471
6.03775 -5.75565
6.05002 -5.76646
6.06229 -5.77713
6.07456 -5.78767
6.08684 -5.79809
6.09911 -5.80837
6.11138 -5.81853
6.12365 -5.82857
6.13592 -5.83848
6.14819 -5.84828
6.16047 -5.85796
6.17274 -5.86753
6.18501 -5.877
6.19728 -5.88637
6.20955 -5.89563
6.22183 -5.90479
6.2341 -5.91385
6.24637 -5.92282
6.25864 -5.9317
6.27091 -5.94048
6.28319 -5.94917
6.29546 -5.95777
6.30773 -5.96629
6.32 -5.97472
6.33227 -5.98306
6.34454 -5.99132
6.35682 -5.9995
6.36909 -6.00761
6.38136 -6.01563
6.39363 -6.02358
6.4059 -6.03145
6.41818 -6.03924
6.43045 -6.04696
6.44272 -6.05462
6.45499 -6.0622
6.46726 -6.06971
6.47953 -6.07715
6.49181 -6.08453
6.50408 -6.09184
6.51635 -6.09908
6.52862 -6.10626
6.54089 -6.11338
6.55317 -6.12044
6.56544 -6.12744
6.57771 -6.13437
6.58998 -6.14125
6.60225 -6.14807
6.61453 -6.15483
6.6268 -6.16154
6.63907 -6.16819
6.65134 -6.17479
6.66361 -6.18133
6.67588 -6.18782
6.68816 -6.19426
6.70043 -6.20064
6.7127 -6.20698
6.72497 -6.21327
6.73724 -6.2195
6.74952 -6.22569
6.76179 -6.23183
6.77406 -6.23792
6.78633 -6.24397
6.7986 -6.24997
6.81087 -6.25593
6.82315 -6.26184
6.83542 -6.26771
6.84769 -6.27353
6.85996 -6.27931
6.87223 -6.28505
6.88451 -6.29075
6.89678 -6.2964
6.90905 -6.30202
6.92132 -6.30759
6.93359 -6.31313
6.94587 -6.31863
6.95814 -6.32408
6.97041 -6.3295
6.98268 -6.33488
6.99495 -6.34023
7.00722 -6.34554
7.0195 -6.35081
7.03177 -6.35604
7.04404 -6.36124
7.05631 -6.36641
7.06858 -6.37154
7.08086 -6.37664
7.09313 -6.3817
7.1054 -6.38673
7.11767 -6.39172
7.12994 -6.39668
7.14221 -6.40161
7.15449 -6.40651
7.16676 -6.41138
7.17903 -6.41621
7.1913 -6.42101
7.20357 -6.42579
7.21585 -6.43053
7.22812 -6.43524
7.24039 -6.43993
7.25266 -6.44458
7.26493 -6.4492
7.2772 -6.4538
7.28948 -6.45837
7.30175 -6.4629
7.31402 -6.46742
7.32629 -6.4719
7.33856 -6.47635
7.35084 -6.48078
7.36311 -6.48518
7.37538 -6.48956
7.38765 -6.49391
7.39992 -6.49823
7.4122 -6.50253
7.42447 -6.5068
7.43674 -6.51104
7.44901 -6.51526
7.46128 -6.51946
7.47355 -6.52363
7.48583 -6.52778
7.4981 -6.5319
7.51037 -6.536
7.52264 -6.54007
7.53491 -6.54412
7.54719 -6.54815
7.55946 -6.55215
7.57173 -6.55613
7.584 -6.56009
7.59627 -6.56402
7.60854 -6.56793
7.62082 -6.57182
7.63309 -6.57569
7.64536 -6.57953
7.65763 -6.58336
7.6699 -6.58716
7.68218 -6.59094
7.69445 -6.5947
7.70672 -6.59843
7.71899 -6.60215
7.73126 -6.60584
7.74354 -6.60952
7.75581 -6.61317
7.76808 -6.6168
7.78035 -6.62042
7.79262 -6.62401
7.80489 -6.62758
7.81717 -6.63113
7.82944 -6.63466
7.84171 -6.63818
7.85398 -6.64167
7.86625 -6.64514
7.87853 -6.64859
7.8908 -6.65203
7.90307 -6.65544
7.91534 -6.65884
7.92761 -6.66221
7.93988 -6.66557
7.95216 -6.66891
7.96443 -6.67223
7.9767 -6.67553
7.98897 -6.67882
8.00124 -6.68208
8.01352 -6.68533
8.02579 -6.68855
8.03806 -6.69176
8.05033 -6.69495
8.0626 -6.69812
8.07487 -6.70128
8.08715 -6.70441
8.09942 -6.70753
8.11169 -6.71063
8.12396 -6.71371
8.13623 -6.71677
8.14851 -6.71981
8.16078 -6.72284
8.17305 -6.72585
8.18532 -6.72884
8.19759 -6.73181
8.20987 -6.73477
8.22214 -6.7377
8.23441 -6.74062
8.24668 -6.74353
8.25895 -6.74641
8.27122 -6.74928
8.2835 -6.75212
8.29577 -6.75496
8.30804 -6.75777
8.32031 -6.76056
8.33258 -6.76334
8.34486 -6.7661
8.35713 -6.76884
8.3694 -6.77157
8.38167 -6.77427
8.39394 -6.77696
8.40621 -6.77963
8.41849 -6.78228
8.43076 -6.78491
8.44303 -6.78753
8.4553 -6.79013
8.46757 -6.7927
8.47985 -6.79526
8.49212 -6.79781
8.50439 -6.80033
8.51666 -6.80283
8.52893 -6.80532
8.54121 -6.80778
8.55348 -6.81023
8.56575 -6.81266
8.57802 -6.81507
8.59029 -6.81746
8.60256 -6.81983
8.61484 -6.82218
8.62711 -6.82451
8.63938 -6.82682
8.65165 -6.82911
8.66392 -6.83138
8.6762 -6.83362
8.68847 -6.83585
8.70074 -6.83806
8.71301 -6.84024
8.72528 -6.84241
8.73755 -6.84455
8.74983 -6.84667
8.7621 -6.84876
8.77437 -6.85084
8.78664 -6.85289
8.79891 -6.85492
8.81119 -6.85692
8.82346 -6.8589
8.83573 -6.86085
8.848 -6.86278
8.86027 -6.86468
8.87254 -6.86655
8.88482 -6.86839
8.89709 -6.87021
8.90936 -6.87199
8.92163 -6.87374
8.9339 -6.87547
8.94618 -6.87717
8.95845 -6.87883
8.97072 -6.88047
8.98299 -6.88208
8.99526 -6.88366
9.00754 -6.8852
9.01981 -6.88671
9.03208 -6.88819
9.04435 -6.88963
9.05662 -6.89103
9.06889 -6.8924
9.08117 -6.89372
9.09344 -6.89501
9.10571 -6.89625
9.11798 -6.89745
9.13025 -6.8986
9.14253 -6.89971
9.1548 -6.90077
9.16707 -6.90179
9.17934 -6.90275
9.19161 -6.90365
9.20388 -6.9045
9.21616 -6.9053
9.22843 -6.90603
9.2407 -6.9067
9.25297 -6.90731
9.26524 -6.90784
9.27752 -6.90831
9.28979 -6.9087
9.30206 -6.90901
9.31433 -6.90924
9.3266 -6.90939
9.33888 -6.90944
9.35115 -6.90939
9.36342 -6.90924
9.37569 -6.90897
9.38796 -6.90859
9.40023 -6.90808
9.41251 -6.90743
9.42478 -6.90663
9.43705 -6.90568
9.44932 -6.90457
9.46159 -6.90332
9.47387 -6.90197
9.48614 -6.90059
9.49841 -6.89926
9.51068 -6.89796
9.52295 -6.89655
9.53522 -6.89489
9.5475 -6.89288
9.55977 -6.8905
9.57204 -6.88778
9.58431 -6.8847
9.59658 -6.88127
9.60886 -6.87748
9.62113 -6.8733
9.6334 -6.86871
9.64567 -6.86368
9.65794 -6.85816
9.67021 -6.85211
9.68249 -6.84548
9.69476 -6.83821
9.70703 -6.83021
9.7193 -6.82142
9.73157 -6.81173
9.74385 -6.80104
9.75612 -6.7892
9.76839 -6.77607
9.78066 -6.76145
9.79293 -6.74513
9.80521 -6.72682
9.81748 -6.7062
9.82975 -6.68283
9.84202 -6.65621
9.85429 -6.62565
9.86656 -6.59028
9.87884 -6.54896
9.89111 -6.5001
9.90338 -6.44153
9.91565 -6.37009
9.92792 -6.28101
9.9402 -6.16669
9.95247 -6.01401
9.96474 -5.79753
9.97701 -5.45768
9.98928 -4.78875
10.0016 -2.9593
10.0138 -5.25277
10.0261 -6.00303
10.0384 -6.50858
10.0506 -6.90723
10.0629 -7.23776
10.0752 -7.50725
10.0875 -7.70887
10.0997 -7.83623
10.112 -7.89577
10.1243 -7.90631
10.1365 -7.88841
10.1488 -7.8571
10.1611 -7.82115
10.1734 -7.78506
10.1856 -7.75088
10.1979 -7.71941
10.2102 -7.69083
10.2224 -7.66505
10.2347 -7.64185
10.247 -7.62098
10.2593 -7.60219
10.2715 -7.58525
10.2838 -7.56993
10.2961 -7.55607
10.3084 -7.54348
10.3206 -7.53204
10.3329 -7.52161
10.3452 -7.51209
10.3574 -7.50338
10.3697 -7.4954
10.382 -7.48806
10.3943 -7.48131
10.4065 -7.47508
10.4188 -7.46931
10.4311 -7.46393
10.4433 -7.45888
10.4556 -7.45411
10.4679 -7.44957
10.4802 -7.44526
