0 0 0 0 0
0.03125 0.000328125 0.021 1.23697e-37 1.37769e-34
0.0625 0.0013125 0.042 8.29983e-28 4.25082e-25
0.09375 0.00295313 0.063 3.10355e-22 1.03943e-19
0.125 0.00525 0.084 2.40892e-18 5.94344e-16
0.15625 0.00820312 0.105 2.15622e-15 4.14132e-13
0.1875 0.0118125 0.126 4.70821e-13 7.29442e-11
0.21875 0.0160781 0.147 3.84619e-11 4.92405e-09
0.25 0.021 0.168 1.47632e-09 1.56544e-07
0.28125 0.0265781 0.189 3.02563e-08 2.66178e-06
0.3125 0.0328124 0.209995 3.75764e-07 2.76997e-05
0.34375 0.0397027 0.230982 3.06823e-06 0.000186234
0.375 0.0472493 0.252021 1.6777e-05 0.000810233
0.40625 0.0554563 0.273269 6.45085e-05 0.00247693
0.4375 0.0643296 0.294577 0.000189023 0.00577764
0.46875 0.0738571 0.314906 0.000438473 0.0102959
0.5 0.0839926 0.333565 0.000841156 0.0157783
0.53125 0.0947093 0.352694 0.00145569 0.0240944
0.5625 0.106072 0.375129 0.00236825 0.0344364
0.59375 0.118175 0.399461 0.00361857 0.0459731
0.625 0.131035 0.423649 0.0052778 0.0608026
0.65625 0.144681 0.450394 0.00744254 0.0779311
0.6875 0.159208 0.479119 0.010158 0.0960498
0.71875 0.174571 0.502855 0.013463 0.115847
0.75 0.190581 0.521462 0.0174242 0.137968
0.78125 0.207163 0.539724 0.0220817 0.159711
0.8125 0.224278 0.554625 0.0273912 0.180386
0.84375 0.241775 0.564914 0.0334003 0.204782
0.875 0.259597 0.576021 0.0401807 0.228502
0.90625 0.277773 0.586726 0.0476721 0.251752
0.9375 0.29624 0.595185 0.0559867 0.280939
0.96875 0.315 0.606049 0.0651944 0.307244
1 0.334134 0.618338 0.0751732 0.332288
1.03125 0.353637 0.630084 0.0860273 0.362599
1.0625 0.373552 0.645153 0.0977848 0.388809
1.09375 0.39398 0.662239 0.110316 0.413864
1.125 0.414942 0.679651 0.123689 0.441889
1.15625 0.436499 0.700668 0.137893 0.466609
1.1875 0.458752 0.723517 0.152852 0.491215
1.21875 0.481724 0.747083 0.168615 0.517579
1.25 0.505484 0.774121 0.185187 0.542861
1.28125 0.530119 0.80245 0.202549 0.568658
1.3125 0.555646 0.831702 0.220758 0.597175
1.34375 0.582135 0.864037 0.239893 0.627766
1.375 0.609652 0.896997 0.260021 0.661185
1.40625 0.638208 0.930985 0.281262 0.698271
1.4375 0.667868 0.967516 0.3036 0.729732
1.46875 0.698678 1.00434 0.326819 0.757131
1.5 0.730654 1.04256 0.351088 0.800021
1.53125 0.763855 1.08225 0.377085 0.867933
1.5625 0.79828 1.12077 0.405532 0.953692
1.59375 0.833915 1.16028 0.436517 1.02301
1.625 0.870821 1.20197 0.469049 1.05476
1.65625 0.909047 1.24469 0.502453 1.0867
1.6875 0.948629 1.28862 0.537156 1.13462
1.71875 0.989575 1.33155 0.573222 1.17052
1.75 1.03184 1.3733 0.610243 1.2002
1.78125 1.07541 1.4155 0.648427 1.24712
1.8125 1.12028 1.45516 0.688339 1.30788
1.84375 1.16634 1.49302 0.730091 1.36208
1.875 1.21363 1.53399 0.773411 1.41173
1.90625 1.26224 1.57764 0.818503 1.47674
1.9375 1.31223 1.6216 0.865733 1.54486
1.96875 1.36359 1.66502 0.915064 1.61472
2 1.41629 1.70771 0.96682 1.69772
2.03125 1.4703 1.7489 1.02089 1.75596
2.0625 1.52554 1.78516 1.07629 1.78947
2.09375 1.58183 1.8168 1.13275 1.8194
2.125 1.63908 1.84698 1.18932 1.78687
2.15625 1.69722 1.8733 1.24376 1.69404
2.1875 1.75612 1.89573 1.29525 1.60047
2.21875 1.81571 1.91856 1.34334 1.46584
2.25 1.87601 1.94028 1.38637 1.28657
2.28125 1.93695 1.95943 1.424 1.12594
2.3125 1.99848 1.97834 1.45673 0.965459
2.34375 2.06058 1.9956 1.48413 0.787282
2.375 2.12316 2.00874 1.50608 0.620959
2.40625 2.18608 2.0175 1.5231 0.468847
2.4375 2.2492 2.0209 1.53522 0.302752
2.46875 2.31231 2.01693 1.54185 0.122538
2.5 2.37516 2.0041 1.54322 -0.0288385
2.53125 2.43748 1.9827 1.54019 -0.166426
2.5625 2.49899 1.95247 1.53274 -0.30843
2.59375 2.5594 1.91175 1.52122 -0.424643
2.625 2.61838 1.86218 1.50614 -0.543268
2.65625 2.67571 1.80572 1.48749 -0.637921
2.6875 2.73116 1.74176 1.46735 -0.635984
2.71875 2.78452 1.67286 1.44812 -0.59556
2.75 2.83568 1.60053 1.43014 -0.550019
2.78125 2.8845 1.52339 1.41429 -0.454449
2.8125 2.93087 1.4443 1.40247 -0.287406
2.84375 2.97478 1.36592 1.39731 -0.0306287
2.875 3.01625 1.28819 1.40065 0.235333
2.90625 3.0553 1.21111 1.41146 0.454418
2.9375 3.09195 1.13436 1.42943 0.705191
2.96875 3.1262 1.05787 1.45576 0.976505
3 3.15804 0.979603 1.49005 1.21031
3.03125 3.18739 0.898544 1.53082 1.38646
3.0625 3.21419 0.816179 1.57589 1.48764
3.09375 3.2384 0.732979 1.62349 1.55955
3.125 3.26002 0.651073 1.67365 1.65864
3.15625 3.27909 0.569254 1.72781 1.81958
3.1875 3.29555 0.483821 1.78791 2.02849
3.21875 3.30931 0.396425 1.85419 2.2021
3.25 3.32031 0.306764 1.92499 2.32428
3.28125 3.32843 0.212098 1.99933 2.43269
3.3125 3.33353 0.114271 2.0769 2.52734
3.34375 3.33558 0.0171199 2.15687 2.58324
3.375 3.33462 -0.0779365 2.23816 2.62565
3.40625 3.33073 -0.170873 2.32191 2.75046
3.4375 3.32399 -0.259019 2.41035 2.90148
3.46875 3.3146 -0.34105 2.50257 2.99509
3.5 3.30272 -0.419197 2.59765 3.09319
3.53125 3.28844 -0.49409 2.69562 3.16317
3.5625 3.27187 -0.565623 2.79417 3.12168
3.59375 3.25312 -0.634108 2.88928 2.94352
3.625 3.23227 -0.700214 2.97705 2.66121
3.65625 3.20938 -0.763589 3.05479 2.29824
3.6875 3.1846 -0.821122 3.11975 1.85161
3.71875 3.15813 -0.872227 3.17082 1.43044
3.75 3.13015 -0.917018 3.20979 1.06426
3.78125 3.10091 -0.952781 3.23688 0.661139
3.8125 3.0707 -0.979523 3.25104 0.25139
3.84375 3.03977 -0.998939 3.25322 -0.101333
3.875 3.00834 -1.01113 3.24526 -0.402181
3.90625 2.97664 -1.01637 3.22819 -0.691181
3.9375 2.94486 -1.01737 3.20209 -0.974913
3.96875 2.91307 -1.01756 3.16771 -1.21985
4 2.88128 -1.01598 3.12574 -1.47383
4.03125 2.84959 -1.01241 3.07514 -1.76955
4.0625 2.818 -1.00915 3.01489 -2.09276
4.09375 2.78653 -1.00436 2.94381 -2.46294
4.125 2.75525 -0.997973 2.86095 -2.83344
4.15625 2.72415 -0.992586 2.76728 -3.15355
4.1875 2.69322 -0.986222 2.66414 -3.4442
4.21875 2.66253 -0.977999 2.55233 -3.70497
4.25 2.6321 -0.969029 2.43315 -3.91073
4.28125 2.60199 -0.957432 2.30872 -4.03969
4.3125 2.57231 -0.941752 2.18139 -4.10073
4.34375 2.54316 -0.923714 2.05294 -4.10861
4.375 2.51456 -0.906847 1.92554 -4.02996
4.40625 2.48645 -0.893262 1.80165 -3.89738
4.4375 2.4587 -0.883077 1.68177 -3.77737
4.46875 2.43121 -0.877237 1.56566 -3.65037
4.5 2.40381 -0.877182 1.45364 -3.52226
4.53125 2.37632 -0.882757 1.34532 -3.41158
4.5625 2.3486 -0.89201 1.24033 -3.31169
4.59375 2.32054 -0.905015 1.13794 -3.24733
4.625 2.29197 -0.92397 1.03731 -3.1889
4.65625 2.26273 -0.948418 0.93893 -3.10559
4.6875 2.23264 -0.97812 0.843088 -3.03052
4.71875 2.20154 -1.0137 0.749657 -2.94182
4.75 2.16924 -1.05426 0.659804 -2.80084
4.78125 2.1356 -1.09915 0.574743 -2.64807
4.8125 2.10052 -1.14559 0.493669 -2.55062
4.84375 2.06401 -1.19108 0.415315 -2.45133
4.875 2.02609 -1.23572 0.341719 -2.23953
4.90625 1.98681 -1.27714 0.27603 -1.95995
4.9375 1.94633 -1.3128 0.219626 -1.63918
4.96875 1.90482 -1.34333 0.174132 -1.27196
5 1.86241 -1.37034 0.139527 -0.957096
5.03125 1.81921 -1.39297 0.113668 -0.703017
5.0625 1.7754 -1.41031 0.0953179 -0.477785
5.09375 1.73109 -1.42581 0.0833139 -0.297883
5.125 1.6863 -1.43972 0.0762605 -0.162262
5.15625 1.64115 -1.44953 0.072453 -0.09336
5.1875 1.59571 -1.4594 0.0699907 -0.0643191
5.21875 1.54993 -1.46992 0.0687194 -0.0111529
5.25 1.50389 -1.47566 0.0695246 0.0639818
5.28125 1.45773 -1.47875 0.0727768 0.146474
5.3125 1.41147 -1.48101 0.07897 0.255867
5.34375 1.36522 -1.47821 0.0890292 0.38865
5.375 1.31912 -1.47185 0.103163 0.515079
5.40625 1.27323 -1.46484 0.121419 0.659307
5.4375 1.2276 -1.45557 0.144526 0.814393
5.46875 1.18228 -1.44467 0.171553 0.901121
5.5 1.13731 -1.43264 0.200307 0.936978
5.53125 1.09277 -1.41737 0.230022 0.958962
5.5625 1.04876 -1.39886 0.259504 0.913203
5.59375 1.00535 -1.37943 0.286328 0.794232
5.625 0.962539 -1.36084 0.308539 0.614878
5.65625 0.920299 -1.34238 0.323881 0.35506
5.6875 0.878638 -1.32434 0.330398 0.0634543
5.71875 0.837484 -1.31027 0.328118 -0.205264
5.75 0.796715 -1.29902 0.317706 -0.459776
5.78125 0.756311 -1.28657 0.299554 -0.697254
5.8125 0.716302 -1.27426 0.27448 -0.901836
5.84375 0.676664 -1.26237 0.243526 -1.0734
5.875 0.637431 -1.24805 0.207862 -1.19949
5.90625 0.598682 -1.23168 0.169302 -1.25397
5.9375 0.560463 -1.21408 0.130527 -1.21042
5.96875 0.522819 -1.19493 0.094487 -1.08961
6 0.485786 -1.17508 0.0623473 -0.97378
6.03125 0.449387 -1.15421 0.0332473 -0.892018
6.0625 0.413661 -1.13214 0.00650245 -0.821134
6.09375 0.378624 -1.11038 -0.0182126 -0.76214
6.125 0.344266 -1.08825 -0.0410282 -0.693012
6.15625 0.310636 -1.06354 -0.0610978 -0.58387
6.1875 0.277814 -1.03697 -0.0770382 -0.428922
6.21875 0.245828 -1.01007 -0.0875779 -0.243559
6.25 0.2147 -0.981759 -0.0922375 -0.053245
6.28125 0.184481 -0.952233 -0.0906229 0.162358
6.3125 0.155174 -0.923613 -0.0819508 0.390574
6.34375 0.126752 -0.895315 -0.066278 0.617026
6.375 0.0992191 -0.866979 -0.0428183 0.891224
6.40625 0.0725408 -0.84098 -0.0108815 1.13664
6.4375 0.0466248 -0.818101 0.0272205 1.29384
6.46875 0.0213837 -0.797733 0.0699542 1.44024
6.5 -0.0032582 -0.779734 0.116522 1.519
6.53125 -0.0273741 -0.764077 0.163615 1.48129
6.5625 -0.0510305 -0.749948 0.208591 1.38843
6.59375 -0.0742206 -0.733467 0.249448 1.20673
6.625 -0.0968257 -0.712782 0.282898 0.9206
6.65625 -0.118759 -0.690847 0.306324 0.568584
6.6875 -0.139976 -0.666155 0.317782 0.155525
6.71875 -0.160336 -0.636256 0.315735 -0.285772
6.75 -0.179721 -0.604085 0.300383 -0.683656
6.78125 -0.198048 -0.56769 0.273865 -1.00422
6.8125 -0.21513 -0.524783 0.237676 -1.31638
6.84375 -0.230824 -0.479357 0.191586 -1.6241
6.875 -0.245041 -0.429275 0.137178 -1.84178
6.90625 -0.257583 -0.372817 0.0770795 -1.99962
6.9375 -0.268342 -0.316045 0.0127353 -2.10252
6.96875 -0.277339 -0.259418 -0.0530605 -2.08912
7 -0.284531 -0.20063 -0.116979 -1.99253
7.03125 -0.289881 -0.142064 -0.177127 -1.85142
7.0625 -0.293433 -0.0855748 -0.232669 -1.70873
7.09375 -0.295233 -0.0293812 -0.284259 -1.59162
7.125 -0.295244 0.0289926 -0.331359 -1.40304
7.15625 -0.293419 0.0876244 -0.371021 -1.13129
7.1875 -0.289773 0.145971 -0.402352 -0.880177
7.21875 -0.284264 0.207105 -0.425997 -0.625425
7.25 -0.276816 0.269479 -0.440859 -0.318314
7.28125 -0.267428 0.33137 -0.44559 0.0191554
7.3125 -0.256105 0.393171 -0.439444 0.377225
7.34375 -0.242876 0.452979 -0.421862 0.750193
7.375 -0.227815 0.510743 -0.392494 1.12735
7.40625 -0.210962 0.567683 -0.35179 1.46943
7.4375 -0.192357 0.622588 -0.300977 1.78218
7.46875 -0.172074 0.675262 -0.240376 2.09298
7.5 -0.150162 0.726932 -0.1708 2.34448
7.53125 -0.126664 0.77643 -0.0949284 2.49256
7.5625 -0.101667 0.823038 -0.0162824 2.52044
7.59375 -0.0752341 0.868546 0.0615608 2.4492
7.625 -0.0474021 0.912184 0.135985 2.29632
7.65625 -0.0182575 0.95262 0.203751 2.02182
7.6875 0.0121181 0.991157 0.261793 1.69303
7.71875 0.0436624 1.02699 0.309565 1.35855
7.75 0.0762508 1.05771 0.346059 0.968458
7.78125 0.109713 1.0831 0.370064 0.574597
7.8125 0.143912 1.10543 0.382421 0.220113
7.84375 0.178796 1.12708 0.383845 -0.129756
7.875 0.214342 1.14758 0.374377 -0.472557
7.90625 0.250513 1.16754 0.354701 -0.777717
7.9375 0.287338 1.18972 0.326495 -1.01363
7.96875 0.324885 1.21331 0.29234 -1.15464
8 0.363173 1.23724 0.25544 -1.19198
8.03125 0.402226 1.26235 0.218274 -1.18921
8.0625 0.442071 1.28767 0.180648 -1.22495
8.09375 0.482712 1.31366 0.141825 -1.2511
8.125 0.524194 1.34132 0.102911 -1.2383
8.15625 0.566541 1.3687 0.0642339 -1.23726
8.1875 0.609729 1.39526 0.026326 -1.16567
8.21875 0.65374 1.42128 -0.00724432 -0.9716
8.25 0.698538 1.44531 -0.0345432 -0.783943
8.28125 0.744039 1.46613 -0.0562856 -0.597354
8.3125 0.790123 1.48241 -0.0710494 -0.339492
8.34375 0.83665 1.49495 -0.0775446 -0.0804994
8.375 0.883533 1.50491 -0.0760267 0.184513
8.40625 0.930647 1.50933 -0.0656357 0.48077
8.4375 0.977823 1.50979 -0.0463064 0.750052
8.46875 1.02503 1.51153 -0.0188898 1.00622
8.5 1.07228 1.51254 0.0166422 1.26555
8.53125 1.11954 1.5121 0.0597895 1.48524
8.5625 1.16682 1.51405 0.108657 1.62907
8.59375 1.21417 1.51612 0.161015 1.71732
8.625 1.26155 1.51625 0.215785 1.78087
8.65625 1.30895 1.51703 0.271363 1.75439
8.6875 1.35636 1.51682 0.324139 1.6079
8.71875 1.40372 1.51375 0.37132 1.40784
8.75 1.45096 1.51011 0.411977 1.19191
8.78125 1.49808 1.50511 0.445647 0.960232
8.8125 1.545 1.49751 0.471851 0.715408
8.84375 1.59167 1.48908 0.490324 0.467142
8.875 1.63806 1.47989 0.501181 0.232538
8.90625 1.68416 1.47084 0.505318 0.0410188
8.9375 1.73001 1.4635 0.50431 -0.095849
8.96875 1.77563 1.45577 0.50002 -0.166907
9 1.82097 1.44579 0.494525 -0.176354
9.03125 1.86597 1.43402 0.489452 -0.143203
9.0625 1.91059 1.42114 0.485465 -0.122699
9.09375 1.95477 1.40608 0.480889 -0.180129
9.125 1.99843 1.38807 0.474217 -0.240576
9.15625 2.04153 1.3706 0.466057 -0.281941
9.1875 2.08411 1.35436 0.456958 -0.28278
9.21875 2.12616 1.33681 0.449941 -0.143352
9.25 2.16766 1.31931 0.448784 0.0736722
9.28125 2.20861 1.30116 0.454805 0.3186
9.3125 2.24896 1.28051 0.469298 0.620442
9.34375 2.28863 1.25816 0.494344 0.993721
9.375 2.32756 1.23227 0.53189 1.4146
9.40625 2.36561 1.20267 0.583276 1.88706
9.4375 2.40269 1.17029 0.650578 2.42466
9.46875 2.43871 1.13369 0.73444 2.93112
9.5 2.47351 1.09337 0.83337 3.40189
9.53125 2.507 1.04934 0.94732 3.89046
9.5625 2.53906 1.00211 1.07568 4.29796
9.59375 2.56962 0.953155 1.214 4.52816
9.625 2.59861 0.901914 1.35777 4.66583
9.65625 2.62598 0.849961 1.5049 4.73077
9.6875 2.65177 0.801706 1.65216 4.68116
9.71875 2.67615 0.759762 1.79732 4.61178
9.75 2.69932 0.724001 1.94043 4.54454
9.78125 2.72148 0.695683 2.08118 4.46401
9.8125 2.74289 0.676192 2.21977 4.41407
9.84375 2.76381 0.662757 2.35753 4.40505
9.875 2.78434 0.652139 2.49467 4.35769
9.90625 2.80459 0.643626 2.62892 4.22327
9.9375 2.82459 0.636435 2.75822 4.04718
9.96875 2.84435 0.628139 2.88162 3.84821
10 2.86383 0.618572 2.99873 3.64539
10.0312 2.88302 0.609935 3.10887 3.38683
10.0625 2.90195 0.601311 3.20937 3.03162
10.0938 2.92062 0.59412 3.29756 2.5984
10.125 2.93915 0.593251 3.37084 2.07954
10.1562 2.95775 0.597523 3.42721 1.52948
10.1875 2.97653 0.6049 3.46674 1.00729
10.2188 2.9956 0.616151 3.49058 0.522524
10.25 3.01506 0.629534 3.49939 0.0386124
10.2812 3.03495 0.643658 3.49296 -0.44718
10.3125 3.05528 0.657158 3.47174 -0.906733
10.3438 3.07601 0.669003 3.43658 -1.33482
10.375 3.09709 0.679844 3.38918 -1.68168
10.4062 3.11846 0.68741 3.3324 -1.94193
10.4375 3.13999 0.689269 3.26818 -2.16482
10.4688 3.16146 0.683171 3.19734 -2.36388
10.5 3.18257 0.665635 3.12072 -2.53973
10.5312 3.20294 0.636178 3.03807 -2.76266
10.5625 3.22219 0.593566 2.94786 -3.00064
10.5938 3.23988 0.535962 2.8512 -3.18804
10.625 3.25555 0.465323 2.74735 -3.48444
10.6562 3.26884 0.383341 2.63269 -3.84691
10.6875 3.27939 0.290047 2.50784 -4.12931
10.7188 3.28686 0.186287 2.37542 -4.32902
10.75 3.29096 0.0752226 2.23855 -4.41184
10.7812 3.29152 -0.0404988 2.10061 -4.40344
10.8125 3.28837 -0.161574 1.9642 -4.31305
10.8438 3.28139 -0.28502 1.83179 -4.14697
10.875 3.27058 -0.406438 1.70638 -3.85188
10.9062 3.256 -0.526334 1.59256 -3.41689
10.9375 3.23773 -0.642321 1.49328 -2.93272
10.9688 3.21592 -0.752897 1.40963 -2.41453
11 3.1907 -0.860048 1.34268 -1.86908
11.0312 3.16221 -0.962305 1.2925 -1.35322
11.0625 3.13062 -1.05842 1.25711 -0.933805
11.0938 3.09613 -1.14833 1.23233 -0.684776
11.125 3.05892 -1.23201 1.2127 -0.584486
11.1562 3.01922 -1.30662 1.19561 -0.507978
11.1875 2.97738 -1.36929 1.18109 -0.415026
11.2188 2.93373 -1.42364 1.17054 -0.244492
11.25 2.88849 -1.46975 1.16619 -0.0382412
11.2812 2.84198 -1.50544 1.16779 0.141336
11.3125 2.79446 -1.53506 1.17561 0.374003
11.3438 2.74607 -1.56111 1.19216 0.698825
11.375 2.69692 -1.5847 1.21969 1.05878
11.4062 2.64701 -1.60972 1.25751 1.34668
11.4375 2.59627 -1.63813 1.30328 1.5781
11.4688 2.5446 -1.66936 1.35561 1.75394
11.5 2.49192 -1.70238 1.41145 1.79583
11.5312 2.43818 -1.73725 1.46669 1.72728
11.5625 2.38334 -1.77238 1.51866 1.58128
11.5938 2.32744 -1.80439 1.56385 1.27858
11.625 2.2706 -1.83295 1.59679 0.809711
11.6562 2.2129 -1.85947 1.6135 0.242162
11.6875 2.15441 -1.88335 1.61052 -0.453904
11.7188 2.09525 -1.90239 1.58477 -1.1819
11.75 2.03556 -1.91665 1.5379 -1.79976
11.7812 1.97549 -1.92691 1.47295 -2.35009
11.8125 1.9152 -1.93088 1.39171 -2.83127
11.8438 1.85489 -1.92806 1.29741 -3.18013
11.875 1.79474 -1.92038 1.19437 -3.39332
11.9062 1.73491 -1.90808 1.08669 -3.47343
11.9375 1.67553 -1.89149 0.97912 -3.37827
11.9688 1.61672 -1.87235 0.877418 -3.10912
12 1.55853 -1.85124 0.785467 -2.77289
12.0312 1.50103 -1.82852 0.704202 -2.42645
12.0625 1.44424 -1.80686 0.633728 -2.09111
12.0938 1.3881 -1.78574 0.57274 -1.82505
12.125 1.33266 -1.76215 0.519245 -1.59769
12.1562 1.27796 -1.73867 0.47321 -1.34268
12.1875 1.22398 -1.71617 0.435554 -1.06524
12.2188 1.17073 -1.69121 0.406822 -0.768912
12.25 1.11828 -1.666 0.387755 -0.450902
12.2812 1.0666 -1.64146 0.378257 -0.168265
12.3125 1.01571 -1.61471 0.376646 0.0627746
12.3438 0.965681 -1.58736 0.382603 0.330441
12.375 0.916524 -1.55788 0.39782 0.644398
12.4062 0.868377 -1.52268 0.422539 0.929101
12.4375 0.821389 -1.48419 0.455315 1.15722
12.4688 0.77565 -1.44226 0.493836 1.2867
12.5 0.731306 -1.39493 0.534339 1.28539
12.5312 0.688512 -1.34319 0.573117 1.1806
12.5625 0.647406 -1.28684 0.606952 0.961564
12.5938 0.608103 -1.22862 0.631535 0.583814
12.625 0.570615 -1.17042 0.641939 0.0645868
12.6562 0.534969 -1.11097 0.634897 -0.522
12.6875 0.501147 -1.0545 0.608919 -1.14594
12.7188 0.469021 -1.00174 0.563361 -1.75814
12.75 0.438538 -0.949423 0.500298 -2.25471
12.7812 0.409641 -0.900758 0.423649 -2.63521
12.8125 0.382218 -0.854063 0.336678 -2.90949
12.8438 0.356292 -0.804979 0.243224 -3.05177
12.875 0.331882 -0.758078 0.146917 -3.09688
12.9062 0.308878 -0.714267 0.0509339 -3.02
12.9375 0.287252 -0.66969 -0.040107 -2.78061
12.9688 0.267003 -0.626885 -0.12144 -2.40564
13 0.248028 -0.588073 -0.189586 -1.94781
13.0312 0.230231 -0.551003 -0.242937 -1.46358
13.0625 0.213582 -0.514757 -0.280831 -0.960798
13.0938 0.198035 -0.480809 -0.303544 -0.512022
13.125 0.183495 -0.450268 -0.314108 -0.177449
13.1562 0.169875 -0.421508 -0.314768 0.14013
13.1875 0.157141 -0.393772 -0.305118 0.478315
13.2188 0.145237 -0.368504 -0.28475 0.830752
13.25 0.134095 -0.344746 -0.252819 1.21456
13.2812 0.12367 -0.323079 -0.209233 1.56263
13.3125 0.113855 -0.305669 -0.155935 1.83838
13.3438 0.104547 -0.290166 -0.0948079 2.06762
13.375 0.0957039 -0.276371 -0.0270388 2.26486
13.4062 0.0872271 -0.266755 0.0463949 2.42714
13.4375 0.0790193 -0.258364 0.124001 2.52693
13.4688 0.0710943 -0.248754 0.203402 2.53687
13.5 0.0634645 -0.239778 0.281194 2.417
13.5312 0.056098 -0.231728 0.35292 2.15043
13.5625 0.0489849 -0.223396 0.414268 1.75619
13.5938 0.042144 -0.214283 0.461643 1.26366
13.625 0.0356003 -0.204374 0.49267 0.711634
13.6562 0.0293831 -0.193261 0.505102 0.063711
13.6875 0.0235374 -0.180696 0.495737 -0.665767
13.7188 0.0180947 -0.167537 0.464068 -1.34568
13.75 0.0130849 -0.152564 0.412511 -1.9409
13.7812 0.00859459 -0.134422 0.34388 -2.42655
13.8125 0.00469141 -0.115395 0.26256 -2.7538
13.8438 0.00139211 -0.0953382 0.172913 -2.96734
13.875 -0.00123521 -0.07245 0.078434 -3.05206
13.9062 -0.00313561 -0.0494525 -0.0161392 -2.97851
13.9375 -0.00434423 -0.028082 -0.106725 -2.80523
13.9688 -0.00490019 -0.00778157 -0.190324 -2.52108
14 -0.0048641 0.00938825 -0.262705 -2.08926
14.0312 -0.00434956 0.0232471 -0.320067 -1.57809
14.0625 -0.00341281 0.0367888 -0.361554 -1.08487
14.0938 -0.00205261 0.0500748 -0.388346 -0.635646
14.125 -0.000292598 0.062647 -0.401588 -0.21802
14.1562 0.00189071 0.0778011 -0.402541 0.146668
14.1875 0.00461113 0.096705 -0.392813 0.476782
14.2188 0.00794167 0.116447 -0.372306 0.844248
14.25 0.011903 0.137644 -0.339836 1.23073
14.2812 0.0165928 0.163252 -0.295748 1.58609
14.3125 0.0221343 0.191514 -0.240898 1.91926
14.3438 0.0285586 0.219594 -0.17657 2.17866
14.375 0.0358671 0.248443 -0.105816 2.34054
14.4062 0.0441048 0.278946 -0.0302739 2.497
14.4375 0.0533005 0.309438 0.0498698 2.61495
14.4688 0.0634392 0.339509 0.131856 2.61516
14.5 0.0745331 0.370731 0.212636 2.54393
14.5312 0.0866144 0.402366 0.289544 2.3463
14.5625 0.0996747 0.43354 0.357213 1.95876
14.5938 0.11372 0.465425 0.411051 1.47868
14.625 0.128742 0.495283 0.448969 0.933209
14.6562 0.144634 0.521475 0.468454 0.30324
14.6875 0.161348 0.548646 0.467589 -0.360869
14.7188 0.178926 0.575854 0.445783 -1.03541
14.75 0.197302 0.599932 0.40314 -1.68235
14.7812 0.216433 0.624901 0.341827 -2.21643
14.8125 0.236369 0.650804 0.266384 -2.58297
14.8438 0.257092 0.675411 0.182014 -2.79509
14.875 0.278602 0.701599 0.0928363 -2.89466
14.9062 0.300947 0.728229 0.00238423 -2.87039
14.9375 0.3241 0.753553 -0.0850399 -2.70228
14.9688 0.348055 0.779793 -0.165265 -2.41326
15 0.372832 0.805618 -0.234618 -2.00481
15.0312 0.398386 0.829548 -0.289507 -1.49716
15.0625 0.424664 0.851986 -0.327873 -0.956811
15.0938 0.451615 0.872649 -0.349299 -0.416832
15.125 0.479204 0.893126 -0.354466 0.0707689
15.1562 0.507429 0.91295 -0.345901 0.46601
15.1875 0.536243 0.930962 -0.32548 0.84512
15.2188 0.565616 0.948905 -0.292903 1.23856
15.25 0.595524 0.964439 -0.248196 1.62373
15.2812 0.625847 0.975773 -0.191176 2.02753
15.3125 0.656489 0.984807 -0.121852 2.3963
15.3438 0.687347 0.989178 -0.0421717 2.69546
15.375 0.718273 0.989964 0.0461926 2.94841
15.4062 0.749231 0.991401 0.140943 3.09529
15.4375 0.780209 0.990548 0.238939 3.17647
15.4688 0.811125 0.988419 0.339677 3.2685
15.5 0.842038 0.99094 0.442349 3.27959
15.5312 0.873098 0.997349 0.543159 3.151
15.5625 0.904402 1.00681 0.638091 2.9051
15.5938 0.936077 1.02129 0.723354 2.52815
15.625 0.96829 1.04116 0.794776 2.02737
15.6562 1.00119 1.06522 0.849593 1.47951
15.6875 1.03488 1.09052 0.887103 0.913818
15.7188 1.06936 1.11699 0.90605 0.291567
15.75 1.10472 1.14601 0.905622 -0.302322
15.7812 1.14099 1.17562 0.888389 -0.783499
15.8125 1.17821 1.20628 0.857648 -1.16264
15.8438 1.2164 1.23791 0.81772 -1.35418
15.875 1.25555 1.2676 0.775067 -1.35385
15.9062 1.29563 1.29753 0.733968 -1.2639
15.9375 1.33666 1.32876 0.697164 -1.07031
15.9688 1.37865 1.35814 0.668353 -0.755635
16 1.42155 1.38741 0.650939 -0.343893
16.0312 1.46539 1.4191 0.647739 0.151753
16.0625 1.51025 1.45215 0.661016 0.702111
16.0938 1.55617 1.48692 0.691355 1.22744
16.125 1.60322 1.52489 0.736885 1.6766
16.1562 1.65151 1.56612 0.795735 2.08067
16.1875 1.70113 1.61007 0.86579 2.3791
16.2188 1.75217 1.65727 0.943503 2.59598
16.25 1.80474 1.7072 1.02881 2.87553
16.2812 1.85886 1.75637 1.12327 3.16164
16.3125 1.91449 1.8036 1.22598 3.40893
16.3438 1.97157 1.8491 1.33594 3.61466
16.375 2.03001 1.88997 1.45079 3.7198
16.4062 2.08963 1.9249 1.56768 3.74962
16.4375 2.15027 1.95532 1.6842 3.6908
16.4688 2.21178 1.98004 1.7975 3.54987
16.5 2.27393 1.99589 1.90515 3.31755
16.5312 2.33642 2.00189 2.00322 2.93516
16.5625 2.39894 1.99754 2.08736 2.42778
16.5938 2.46114 1.98084 2.153 1.73519
16.625 2.52261 1.95137 2.19376 0.851578
16.6562 2.58297 1.90985 2.20546 -0.108389
16.6875 2.64186 1.85733 2.18706 -1.06048
16.7188 2.69896 1.79572 2.14006 -1.92963
16.75 2.75403 1.72836 2.06775 -2.67339
16.7812 2.80694 1.65699 1.97485 -3.23812
16.8125 2.85754 1.58024 1.86785 -3.56238
16.8438 2.90569 1.502 1.7556 -3.56474
16.875 2.9514 1.42274 1.64819 -3.26945
16.9062 2.99454 1.33681 1.55323 -2.7849
16.9375 3.03492 1.24757 1.47489 -2.22656
16.9688 3.07251 1.15751 1.41416 -1.65251
17 3.10725 1.06579 1.37257 -0.992287
17.0312 3.13914 0.975641 1.35297 -0.251615
17.0625 3.16825 0.888191 1.3572 0.517658
17.0938 3.1947 0.805411 1.38422 1.18885
17.125 3.21866 0.729422 1.43073 1.78803
17.1562 3.24034 0.658803 1.49571 2.3502
17.1875 3.2599 0.593837 1.57567 2.74067
17.2188 3.27751 0.534241 1.66646 3.07493
17.25 3.29332 0.477637 1.7681 3.42675
17.2812 3.30739 0.423738 1.88015 3.738
17.3125 3.31982 0.371295 2.00162 4.03573
17.3438 3.33057 0.316563 2.13198 4.2914
17.375 3.33956 0.25834 2.26852 4.42926
17.4062 3.34669 0.196828 2.40837 4.52293
17.4375 3.35179 0.128337 2.55104 4.59145
17.4688 3.35461 0.0504357 2.69344 4.48631
17.5 3.35487 -0.0349406 2.8294 4.18641
17.5312 3.35234 -0.12842 2.95325 3.7062
17.5625 3.34676 -0.229477 3.05874 3.00974
17.5938 3.33798 -0.332614 3.13961 2.14776
17.625 3.32599 -0.434565 3.19228 1.21367
17.6562 3.31084 -0.533748 3.21473 0.213876
17.6875 3.29269 -0.626573 3.20585 -0.765784
17.7188 3.27177 -0.711513 3.16808 -1.63607
17.75 3.24829 -0.790105 3.10454 -2.4073
17.7812 3.22246 -0.861837 3.01976 -2.97962
17.8125 3.19452 -0.924738 2.9203 -3.36209
17.8438 3.16473 -0.980864 2.8114 -3.5676
17.875 3.13327 -1.03186 2.70033 -3.49275
17.9062 3.10032 -1.07518 2.59538 -3.20212
17.9375 3.06613 -1.11238 2.50087 -2.84142
17.9688 3.03083 -1.14645 2.41826 -2.43394
18 2.99452 -1.17662 2.34961 -1.94667
18.0312 2.95731 -1.20443 2.29712 -1.4096
18.0625 2.91926 -1.23053 2.26124 -0.900887
18.0938 2.88043 -1.25406 2.23934 -0.52907
18.125 2.8409 -1.27612 2.22664 -0.302427
18.1562 2.80072 -1.29405 2.21953 -0.162939
18.1875 2.76009 -1.30502 2.2162 -0.0471166
18.2188 2.71923 -1.30886 2.21696 0.100107
18.25 2.67837 -1.30449 2.22262 0.265578
18.2812 2.63776 -1.29392 2.23392 0.461838
18.3125 2.59756 -1.27827 2.25118 0.628721
18.3438 2.55794 -1.25669 2.27207 0.688625
18.375 2.51902 -1.23441 2.29292 0.624507
18.4062 2.48076 -1.21385 2.30999 0.453926
18.4375 2.44316 -1.19252 2.32037 0.190818
18.4688 2.40622 -1.17253 2.3204 -0.212081
18.5 2.36985 -1.1551 2.30589 -0.738581
18.5312 2.33401 -1.13937 2.27235 -1.44342
18.5625 2.29862 -1.1256 2.21393 -2.31008
18.5938 2.26364 -1.11347 2.12758 -3.22132
18.625 2.229 -1.10386 2.01222 -4.1625
18.6562 2.19463 -1.09637 1.86813 -5.03806
18.6875 2.16046 -1.09079 1.69883 -5.77392
18.7188 2.1264 -1.08975 1.50867 -6.37353
18.75 2.09233 -1.0912 1.30213 -6.81113
18.7812 2.0582 -1.09307 1.08576 -6.98377
18.8125 2.02397 -1.09879 0.868871 -6.85336
18.8438 1.98951 -1.10615 0.659681 -6.50098
18.875 1.95484 -1.11279 0.46464 -5.95306
18.9062 1.91991 -1.12373 0.288812 -5.28752
18.9375 1.88457 -1.13835 0.135005 -4.54054
18.9688 1.84875 -1.15477 0.00576864 -3.72627
19 1.81235 -1.17539 -0.0979415 -2.9128
19.0312 1.77527 -1.19772 -0.176325 -2.10644
19.0625 1.73749 -1.22063 -0.230108 -1.34881
19.0938 1.69897 -1.24437 -0.261637 -0.688397
19.125 1.65974 -1.26568 -0.274482 -0.153934
19.1562 1.61988 -1.28522 -0.272053 0.304498
19.1875 1.57943 -1.30298 -0.25567 0.73818
19.2188 1.53849 -1.31736 -0.226222 1.14775
19.25 1.49711 -1.33034 -0.183456 1.59674
19.2812 1.45537 -1.34018 -0.126535 2.03556
19.3125 1.41339 -1.34649 -0.057026 2.40093
19.3438 1.3712 -1.35414 0.0225795 2.67268
19.375 1.32878 -1.36005 0.108473 2.80128
19.4062 1.28625 -1.361 0.196523 2.81883
19.4375 1.24372 -1.36127 0.283665 2.74195
19.4688 1.20119 -1.35944 0.366949 2.57327
19.5 1.1588 -1.35363 0.443288 2.28675
19.5312 1.1166 -1.34655 0.508029 1.82747
19.5625 1.07466 -1.33737 0.555902 1.21387
19.5938 1.03302 -1.32756 0.582594 0.475674
19.625 0.991657 -1.32033 0.584791 -0.340665
19.6562 0.950503 -1.3133 0.561552 -1.13401
19.6875 0.909585 -1.30547 0.514986 -1.82763
19.7188 0.868899 -1.29867 0.44853 -2.40334
19.75 0.828419 -1.29176 0.3665 -2.81568
19.7812 0.788192 -1.28222 0.274307 -3.06073
19.8125 0.74831 -1.26988 0.176844 -3.14214
19.8438 0.708845 -1.25545 0.0805757 -2.9777
19.875 0.669886 -1.23705 -0.00756262 -2.65092
19.9062 0.631577 -1.21421 -0.0846092 -2.26948
19.9375 0.594013 -1.18969 -0.148727 -1.83016
19.9688 0.557246 -1.16284 -0.199385 -1.42149
20 0.521368 -1.13313 -0.237553 -1.00978
20.0312 0.486426 -1.10314 -0.26181 -0.541781
20.0625 0.452437 -1.0717 -0.272124 -0.134739
20.0938 0.419476 -1.03741 -0.270933 0.205438
20.125 0.387611 -1.0019 -0.259741 0.496805
20.1562 0.356862 -0.965985 -0.241137 0.673108
20.1875 0.327231 -0.930545 -0.218435 0.77971
20.2188 0.298699 -0.895502 -0.191726 0.94705
20.25 0.271252 -0.861549 -0.158287 1.20244
20.2812 0.244815 -0.830963 -0.116314 1.48607
20.3125 0.219303 -0.801755 -0.0652421 1.78312
20.3438 0.194703 -0.772971 -0.00531957 2.03623
20.375 0.170967 -0.746416 0.0609421 2.19179
20.4062 0.148054 -0.719814 0.131228 2.29936
20.4375 0.125979 -0.693239 0.203614 2.3068
20.4688 0.104714 -0.667515 0.273733 2.16203
20.5 0.0842949 -0.638653 0.338193 1.95817
20.5312 0.0648111 -0.608676 0.395234 1.66545
20.5625 0.0462179 -0.581678 0.440144 1.17594
20.5938 0.028453 -0.555183 0.467378 0.557474
20.625 0.011509 -0.529749 0.474765 -0.0871169
20.6562 -0.00470003 -0.50833 0.461753 -0.74545
20.6875 -0.0202997 -0.490598 0.428804 -1.34201
20.7188 -0.035394 -0.475822 0.379569 -1.78218
20.75 -0.0500493 -0.462121 0.318787 -2.08934
20.7812 -0.0642787 -0.44875 0.250291 -2.26877
20.8125 -0.0781145 -0.436997 0.178708 -2.28768
20.8438 -0.091597 -0.425847 0.108455 -2.19518
20.875 -0.10473 -0.414782 0.0424364 -2.0106
20.9062 -0.117532 -0.404694 -0.0159059 -1.7076
20.9375 -0.130029 -0.395133 -0.0641183 -1.3875
20.9688 -0.142232 -0.385984 -0.103325 -1.12659
21 -0.154153 -0.376834 -0.134293 -0.848877
21.0312 -0.16577 -0.366377 -0.156426 -0.576389
21.0625 -0.177033 -0.35411 -0.170827 -0.34667
21.0938 -0.187872 -0.338894 -0.177853 -0.101839
21.125 -0.198157 -0.318211 -0.177889 0.0774014
21.1562 -0.207686 -0.290502 -0.174335 0.138337
21.1875 -0.216243 -0.256002 -0.16924 0.19427
21.2188 -0.223609 -0.214074 -0.161937 0.272899
21.25 -0.229541 -0.164491 -0.152199 0.354559
21.2812 -0.23384 -0.109981 -0.139088 0.499499
21.3125 -0.236362 -0.0503321 -0.120243 0.712029
21.3438 -0.236917 0.0156477 -0.0946154 0.924151
21.375 -0.235358 0.0842781 -0.0628722 1.09721
21.4062 -0.231627 0.155157 -0.0270653 1.17368
21.4375 -0.225613 0.230353 0.00938957 1.14947
21.4688 -0.217221 0.306519 0.0445035 1.09271
21.5 -0.206476 0.380884 0.0768269 0.953832
21.5312 -0.193424 0.454352 0.102684 0.683058
21.5625 -0.178095 0.526183 0.118821 0.34193
21.5938 -0.160579 0.594085 0.123368 -0.0668579
21.625 -0.141013 0.657412 0.113608 -0.568985
21.6562 -0.119544 0.715626 0.0878759 -1.0645
21.6875 -0.0963412 0.768675 0.0482461 -1.45315
21.7188 -0.0715292 0.81901 -0.00184299 -1.73159
21.75 -0.0451766 0.867008 -0.0581623 -1.83871
21.7812 -0.0173798 0.911481 -0.11505 -1.78731
21.8125 0.0117784 0.954719 -0.169391 -1.67924
21.8438 0.0422977 0.998507 -0.218432 -1.42414
21.875 0.0741682 1.04073 -0.256584 -1.00286
21.9062 0.107312 1.08012 -0.280819 -0.54287
21.9375 0.14166 1.1179 -0.289558 0.0041837
21.9688 0.177163 1.15394 -0.279972 0.599947
22 0.213763 1.18831 -0.253431 1.07667
22.0312 0.25143 1.22236 -0.213237 1.49817
22.0625 0.290149 1.25547 -0.1598 1.91135
22.0938 0.329899 1.28879 -0.094957 2.2197
22.125 0.370715 1.32351 -0.0217487 2.45968
22.1562 0.412609 1.35748 0.0579207 2.61209
22.1875 0.455558 1.39146 0.139324 2.56582
22.2188 0.49958 1.42575 0.217265 2.42222
22.25 0.544645 1.45803 0.291133 2.31143
22.2812 0.590689 1.48848 0.361782 2.20722
22.3125 0.63764 1.51561 0.428916 2.08804
22.3438 0.685372 1.53879 0.492152 1.95284
22.375 0.733796 1.56005 0.550077 1.73251
22.4062 0.782843 1.5784 0.599023 1.38304
22.4375 0.83243 1.59523 0.636033 0.983296
22.4688 0.882544 1.61175 0.660111 0.546376
22.5 0.933133 1.62546 0.669665 0.0675826
22.5312 0.984124 1.63795 0.665094 -0.34933
22.5625 1.03548 1.64835 0.647417 -0.805852
22.5938 1.08709 1.65355 0.613309 -1.38447
22.625 1.13881 1.65637 0.561586 -1.9063
22.6562 1.19058 1.65586 0.494973 -2.3512
22.6875 1.24225 1.65072 0.415242 -2.73073
22.7188 1.29373 1.64338 0.326269 -2.92712
22.75 1.34491 1.63151 0.234507 -2.91129
22.7812 1.39567 1.61707 0.146537 -2.68201
22.8125 1.446 1.60457 0.0690714 -2.24537
22.8438 1.49593 1.59014 0.00758911 -1.676
22.875 1.54537 1.57453 -0.0350809 -1.04305
22.9062 1.59438 1.56245 -0.0563966 -0.29814
22.9375 1.64303 1.55146 -0.0528661 0.522015
22.9688 1.69136 1.54224 -0.0245903 1.27221
23 1.73947 1.53726 0.0258781 1.94414
23.0312 1.78747 1.53516 0.095566 2.48893
23.0625 1.83548 1.53895 0.18012 2.91101
23.0938 1.88373 1.54957 0.27692 3.26931
23.125 1.93236 1.56296 0.383042 3.49695
23.1562 1.98144 1.57854 0.494008 3.58229
23.1875 2.03102 1.59442 0.605435 3.52447
23.2188 2.08105 1.60665 0.712865 3.3299
23.25 2.13137 1.61228 0.812358 3.02416
23.2812 2.18172 1.60879 0.901702 2.69949
23.3125 2.23182 1.59596 0.981257 2.38709
23.3438 2.28136 1.57266 1.05048 2.04305
23.375 2.32999 1.53789 1.10942 1.73655
23.4062 2.37739 1.49431 1.15884 1.41498
23.4375 2.4233 1.44252 1.19732 1.04863
23.4688 2.46745 1.38217 1.22505 0.741349
23.5 2.50963 1.31638 1.24435 0.497856
23.5312 2.54966 1.24473 1.25618 0.2631
23.5625 2.58736 1.16748 1.2617 0.108753
23.5938 2.62263 1.08988 1.26336 -0.0132895
23.625 2.65548 1.01226 1.25987 -0.217271
23.6562 2.68592 0.936671 1.25034 -0.374149
23.6875 2.71411 0.868745 1.23769 -0.412191
23.7188 2.74028 0.807334 1.22673 -0.246247
23.75 2.76464 0.753305 1.22478 0.151732
23.7812 2.78746 0.70841 1.23762 0.688734
23.8125 2.80897 0.668858 1.26883 1.32186
23.8438 2.82932 0.635004 1.32109 2.03708
23.875 2.84872 0.606907 1.39667 2.79762
23.9062 2.86728 0.581464 1.49527 3.50291
23.9375 2.88509 0.558403 1.61556 4.19966
23.9688 2.90219 0.536473 1.75749 4.87009
24 2.91864 0.51658 1.91891 5.4446
24.0312 2.93452 0.500241 2.0966 5.90516
24.0625 2.94991 0.484655 2.28674 6.25182
24.0938 2.96482 0.469941 2.4869 6.5489
24.125 2.9793 0.4575 2.69503 6.75064
24.1562 2.99341 0.445508 2.9074 6.81342
24.1875 3.00714 0.432423 3.11864 6.66741
24.2188 3.02042 0.417145 3.32235 6.35394
24.25 3.03319 0.400036 3.51479 5.94087
24.2812 3.04542 0.382981 3.69223 5.39902
24.3125 3.0571 0.363828 3.85165 4.79325
24.3438 3.06813 0.341516 3.99039 4.05034
24.375 3.07844 0.31864 4.1021 3.05112
24.4062 3.08802 0.293462 4.17812 1.77445
24.4375 3.09678 0.267536 4.21158 0.359984
24.4688 3.10477 0.244973 4.20021 -1.09944
24.5 3.11212 0.225593 4.14247 -2.58374
24.5312 3.11896 0.214036 4.04063 -3.90127
24.5625 3.12559 0.211768 3.8996 -5.12235
24.5938 3.13224 0.21435 3.72139 -6.24613
24.625 3.13905 0.222005 3.51235 -7.08562
24.6562 3.14613 0.230744 3.28071 -7.70914
24.6875 3.1534 0.233701 3.03295 -8.09609
24.7188 3.16065 0.228629 2.77851 -8.1248
24.75 3.16756 0.21054 2.52846 -7.84155
24.7812 3.17364 0.176366 2.28988 -7.4085
24.8125 3.17844 0.128616 2.06703 -6.82497
24.8438 3.18151 0.0651565 1.86446 -6.1357
24.875 3.18236 -0.0131103 1.68347 -5.44246
24.9062 3.18061 -0.10021 1.52547 -4.64465
24.9375 3.17598 -0.197844 1.39431 -3.74233
24.9688 3.16816 -0.303544 1.29146 -2.84568
25 3.15699 -0.411707 1.21624 -1.97113
25.0312 3.14238 -0.523531 1.16776 -1.14653
25.0625 3.12428 -0.634123 1.14368 -0.398413
25.0938 3.1028 -0.739827 1.14329 0.37811
25.125 3.07808 -0.841991 1.16633 1.05953
25.1562 3.05026 -0.936784 1.20712 1.52539
25.1875 3.01961 -1.02393 1.2607 1.88705
25.2188 2.98633 -1.10439 1.32332 2.08617
25.25 2.95067 -1.17664 1.38939 2.12856
25.2812 2.91284 -1.24441 1.45596 2.12087
25.3125 2.87292 -1.30932 1.52021 1.94753
25.3438 2.83106 -1.36942 1.57487 1.51429
25.375 2.78735 -1.42772 1.61293 0.887494
25.4062 2.74183 -1.48572 1.62789 0.0367143
25.4375 2.69452 -1.54152 1.61461 -0.87261
25.4688 2.6455 -1.59479 1.57481 -1.65224
25.5 2.5949 -1.64304 1.51258 -2.30891
25.5312 2.54286 -1.68669 1.43198 -2.82802
25.5625 2.48951 -1.72753 1.33691 -3.24117
25.5938 2.43496 -1.7619 1.23046 -3.5496
25.625 2.37945 -1.79014 1.11702 -3.66796
25.6562 2.32312 -1.81423 1.00429 -3.5006
25.6875 2.26612 -1.83245 0.900309 -3.13128
25.7188 2.20866 -1.84459 0.810198 -2.60245
25.75 2.1509 -1.85103 0.739653 -1.89267
25.7812 2.09301 -1.85375 0.69205 -1.16306
25.8125 2.03505 -1.85478 0.66626 -0.501266
25.8438 1.97711 -1.85315 0.659263 0.0193834
25.875 1.91923 -1.85126 0.665289 0.339475
25.9062 1.86139 -1.85084 0.679454 0.553897
25.9375 1.80357 -1.84923 0.698569 0.639219
25.9688 1.7458 -1.84858 0.717678 0.567787
26 1.68803 -1.84781 0.733872 0.470877
26.0312 1.63037 -1.8417 0.746796 0.343021
26.0625 1.57295 -1.83323 0.7547 0.166355
26.0938 1.51584 -1.82038 0.758405 0.0981188
26.125 1.45927 -1.79893 0.762108 0.147743
26.1562 1.40344 -1.7743 0.767782 0.217489
26.1875 1.34842 -1.74548 0.775991 0.311581
26.2188 1.29439 -1.7123 0.787103 0.391847
26.25 1.24139 -1.68 0.800137 0.443729
26.2812 1.18942 -1.64586 0.815307 0.534991
26.3125 1.13851 -1.6129 0.833426 0.607737
26.3438 1.08856 -1.58453 0.851365 0.500397
26.375 1.03947 -1.55717 0.862267 0.165194
26.4062 0.991171 -1.53545 0.860264 -0.309574
26.4375 0.943458 -1.51827 0.841978 -0.875233
26.4688 0.896278 -1.50181 0.805087 -1.48095
26.5 0.849521 -1.49183 0.75052 -1.9876
26.5312 0.80302 -1.48377 0.681965 -2.39149
26.5625 0.756807 -1.47409 0.601401 -2.75494
26.5938 0.710853 -1.4673 0.51082 -3.02302
26.625 0.665118 -1.45918 0.413396 -3.20057
26.6562 0.619666 -1.44989 0.311919 -3.26226
26.6875 0.574512 -1.43895 0.21228 -3.06627
26.7188 0.52983 -1.41925 0.122548 -2.65802
26.75 0.485856 -1.39481 0.0464951 -2.20803
26.7812 0.442708 -1.36497 -0.0150381 -1.71977
26.8125 0.400671 -1.3237 -0.0608668 -1.22713
26.8438 0.360036 -1.27631 -0.0934707 -0.89159
26.875 0.320967 -1.22257 -0.118035 -0.693646
26.9062 0.283716 -1.16056 -0.137538 -0.568673
26.9375 0.24847 -1.09448 -0.154309 -0.506393
26.9688 0.215387 -1.02144 -0.168603 -0.397334
27 0.184679 -0.94395 -0.179271 -0.301029
27.0312 0.156367 -0.868084 -0.188248 -0.272647
27.0625 0.130449 -0.790186 -0.19533 -0.160157
27.0938 0.106966 -0.713771 -0.19746 0.030003
27.125 0.0857692 -0.643553 -0.192846 0.282175
27.1562 0.0667164 -0.576356 -0.178755 0.629174
27.1875 0.0496828 -0.515154 -0.153606 0.972603
27.2188 0.0344484 -0.460574 -0.118448 1.26991
27.25 0.0208576 -0.410108 -0.0749225 1.50111
27.2812 0.00874727 -0.365964 -0.0254855 1.65276
27.3125 -0.00204809 -0.32509 0.0278275 1.74719
27.3438 -0.0115879 -0.286019 0.0824782 1.72374
27.375 -0.0199588 -0.249922 0.133681 1.52143
27.4062 -0.0271989 -0.213334 0.175546 1.12715
27.4375 -0.0333174 -0.179066 0.202699 0.599742
27.4688 -0.0384265 -0.147943 0.213147 0.0801791
27.5 -0.0425503 -0.116044 0.208623 -0.353449
27.5312 -0.0457245 -0.088197 0.192249 -0.671958
27.5625 -0.0481089 -0.0646253 0.168003 -0.863254
27.5938 -0.0497754 -0.0426531 0.13876 -1.00672
27.625 -0.0508429 -0.0267912 0.105471 -1.10759
27.6562 -0.0514872 -0.0145868 0.0710188 -1.07339
27.6875 -0.0517767 -0.00483083 0.0394237 -0.937499
27.7188 -0.0518607 -0.00143335 0.0133388 -0.710746
27.75 -0.05188 0.000437001 -0.00369502 -0.367868
27.7812 -0.0518252 0.00296372 -0.00990527 -0.0453209
27.8125 -0.0516944 0.00578998 -0.00757447 0.180554
27.8438 -0.0514251 0.0119133 0.000487133 0.316651
27.875 -0.0509455 0.0187103 0.0107607 0.317572
27.9062 -0.0502305 0.0280386 0.0193175 0.22213
27.9375 -0.0491281 0.0431231 0.0244625 0.105748
27.9688 -0.0475308 0.059067 0.0257426 -0.0278574
28 -0.0454048 0.0780676 0.0226781 -0.161453
28.0312 -0.0425822 0.103368 0.016695 -0.198692
28.0625 -0.0389149 0.131762 0.0113319 -0.139204
28.0938 -0.0343123 0.163345 0.00780993 -0.0874855
28.125 -0.0286908 0.196405 0.00661693 0.0347944
28.1562 -0.0220343 0.229855 0.0112649 0.270622
28.1875 -0.014312 0.264234 0.0232525 0.487543
28.2188 -0.00555409 0.295591 0.0414058 0.670999
28.25 0.00413652 0.324407 0.0646149 0.797042
28.2812 0.0146945 0.350457 0.0899812 0.809783
28.3125 0.0259802 0.371139 0.114533 0.753097
28.3438 0.0378694 0.389408 0.136396 0.632786
28.375 0.0502625 0.40244 0.153125 0.421058
28.4062 0.06296 0.40993 0.161646 0.10907
28.4375 0.0758903 0.417445 0.159278 -0.267439
28.4688 0.0889924 0.419756 0.144511 -0.68416
28.5 0.102077 0.417736 0.116661 -1.07921
28.5312 0.115122 0.417067 0.0793432 -1.26512
28.5625 0.128104 0.413142 0.0396367 -1.2601
28.5938 0.140958 0.410632 0.00105047 -1.20125
28.625 0.153836 0.414105 -0.0346556 -1.07235
28.6562 0.166847 0.418915 -0.0657139 -0.915921
28.6875 0.180091 0.430388 -0.0915458 -0.721166
28.7188 0.193836 0.450175 -0.109465 -0.407421
28.75 0.20827 0.474574 -0.116428 -0.0360975
28.7812 0.223584 0.50693 -0.111725 0.335704
28.8125 0.240005 0.544483 -0.095841 0.666905
28.8438 0.257658 0.586497 -0.071438 0.866096
28.875 0.276743 0.635809 -0.043592 0.888832
28.9062 0.297402 0.686111 -0.0170994 0.795625
28.9375 0.319629 0.736769 0.00573392 0.66089
28.9688 0.343451 0.787178 0.0239972 0.508795
29 0.368763 0.831979 0.0379563 0.394433
29.0312 0.395444 0.875838 0.0490676 0.319332
29.0625 0.423474 0.916812 0.0581819 0.274235
29.0938 0.452663 0.950695 0.0671225 0.310954
29.125 0.482913 0.985885 0.0779112 0.37724
29.1562 0.514275 1.02032 0.0905915 0.437
29.1875 0.546617 1.04906 0.10562 0.531565
29.2188 0.579843 1.07753 0.124023 0.644933
29.25 0.613942 1.10413 0.145471 0.714023
29.2812 0.648819 1.12786 0.167561 0.682518
29.3125 0.684429 1.15076 0.187334 0.57422
29.3438 0.720693 1.16934 0.202943 0.416573
29.375 0.757492 1.18591 0.213039 0.22903
29.4062 0.7948 1.20108 0.217308 0.041137
29.4375 0.832496 1.21056 0.214955 -0.205986
29.4688 0.870431 1.21698 0.203975 -0.491999
29.5 0.90852 1.21978 0.185137 -0.69465
29.5312 0.946605 1.21688 0.161573 -0.799252
29.5625 0.984542 1.21055 0.136416 -0.781289
29.5938 1.02221 1.19923 0.114918 -0.564657
29.625 1.05945 1.18409 0.101826 -0.280933
29.6562 1.09622 1.16888 0.0966604 -0.0519125
29.6875 1.1325 1.15325 0.0991854 0.225622
29.7188 1.1683 1.1379 0.110899 0.519288
29.75 1.20364 1.12432 0.131964 0.85049
29.7812 1.2386 1.11353 0.165623 1.31545
29.8125 1.27327 1.10599 0.213461 1.72079
29.8438 1.30776 1.10185 0.271923 2.00925
29.875 1.3422 1.10357 0.338147 2.20547
29.9062 1.37679 1.11129 0.408113 2.25304
29.9375 1.41171 1.1251 0.47843 2.24303
29.9688 1.44722 1.14874 0.547902 2.19891
30 1.48359 1.17969 0.616284 2.19326
30.0312 1.52098 1.21424 0.685652 2.2465
30.0625 1.55955 1.25585 0.756614 2.30237
30.0938 1.59953 1.30277 0.830487 2.43716
30.125 1.64098 1.35047 0.908836 2.5686
30.1562 1.68394 1.39922 0.991065 2.70613
30.1875 1.72841 1.44554 1.07858 2.89294
30.2188 1.77423 1.48573 1.17117 3.0216
30.25 1.8212 1.5192 1.26719 3.12275
30.2812 1.86907 1.5429 1.36587 3.17776
30.3125 1.91752 1.55634 1.46471 3.12915
30.3438 1.96627 1.56289 1.56009 2.95249
30.375 2.01516 1.56568 1.64819 2.67727
30.4062 2.0641 1.56543 1.727 2.35754
30.4375 2.11298 1.56358 1.79481 1.97167
30.4688 2.16187 1.56624 1.84969 1.53005
30.5 2.21093 1.57398 1.8898 1.03525
30.5312 2.26027 1.58427 1.91548 0.641996
30.5625 2.31002 1.60108 1.93194 0.431772
30.5938 2.36039 1.62359 1.94328 0.310666
30.625 2.41151 1.64854 1.95282 0.321376
30.6562 2.46346 1.67601 1.96366 0.360618
30.6875 2.51624 1.70178 1.9744 0.315142
30.7188 2.56979 1.72446 1.98316 0.250395
30.75 2.62398 1.74296 1.99071 0.246577
30.7812 2.6786 1.75051 1.99927 0.305826
30.8125 2.73328 1.74752 2.00959 0.343748
30.8438 2.78771 1.73395 2.01953 0.263279
30.875 2.84149 1.70501 2.0241 0.00450869
30.9062 2.89415 1.66399 2.01899 -0.336987
30.9375 2.94536 1.61036 2.00284 -0.696468
30.9688 2.99463 1.54109 1.97601 -1.00128
31 3.04157 1.46146 1.94193 -1.14887
31.0312 3.08586 1.37063 1.90629 -1.09972
31.0625 3.1271 1.26752 1.87471 -0.905179
31.0938 3.16501 1.15788 1.85087 -0.594904
31.125 3.1994 1.0417 1.83922 -0.128935
31.1562 3.23008 0.921607 1.844 0.459268
31.1875 3.25701 0.802075 1.86962 1.19734
31.2188 3.2802 0.681963 1.91841 1.90261
31.25 3.29966 0.564392 1.98778 2.54181
31.2812 3.31553 0.452194 2.07741 3.17853
31.3125 3.32799 0.346903 2.18427 3.61738
31.3438 3.33732 0.25153 2.30089 3.80443
31.375 3.34382 0.165988 2.41929 3.72896
31.4062 3.3478 0.0904923 2.53125 3.39183
31.4375 3.34959 0.0264852 2.62851 2.7955
31.4688 3.34956 -0.0270726 2.70432 2.03539
31.5 3.34798 -0.0729773 2.7541 1.12442
31.5312 3.3451 -0.109651 2.77425 0.186803
31.5625 3.34122 -0.137241 2.76801 -0.549902
31.5938 3.33656 -0.160345 2.74193 -1.08346
31.625 3.33122 -0.181925 2.70275 -1.3891
31.6562 3.32516 -0.206859 2.65669 -1.53761
31.6875 3.31821 -0.239489 2.60822 -1.537
31.7188 3.31006 -0.284362 2.56208 -1.39479
31.75 3.30026 -0.345693 2.52293 -1.07191
31.7812 3.28829 -0.423231 2.49694 -0.584765
31.8125 3.27365 -0.516361 2.48539 -0.18084
31.8438 3.25589 -0.621916 2.48381 0.0426952
31.875 3.23469 -0.735604 2.48529 0.0108365
31.9062 3.20987 -0.853273 2.48313 -0.153515
31.9375 3.1814 -0.967629 2.47543 -0.347506
31.9688 3.14949 -1.0727 2.46125 -0.549797
32 3.11447 -1.16684 2.44191 -0.682891
32.0312 3.07671 -1.24655 2.41841 -0.821025
32.0625 3.03675 -1.30792 2.39117 -0.912853
32.0938 2.99513 -1.35395 2.36136 -0.997447
32.125 2.95226 -1.38742 2.32948 -1.02143
32.1562 2.90853 -1.40967 2.29841 -0.965005
32.1875 2.86424 -1.42426 2.26936 -0.878566
32.2188 2.81956 -1.43462 2.2447 -0.694338
32.25 2.77458 -1.44376 2.22492 -0.599438
32.2812 2.72933 -1.45255 2.20611 -0.610942
32.3125 2.68379 -1.46229 2.18633 -0.666042
32.3438 2.63791 -1.47389 2.16371 -0.793936
32.375 2.59168 -1.48492 2.13578 -1.01143
32.4062 2.54511 -1.4955 2.09956 -1.31441
32.4375 2.4982 -1.50723 2.05341 -1.64378
32.4688 2.45093 -1.51691 1.99646 -2.00055
32.5 2.40344 -1.52206 1.92915 -2.28753
32.5312 2.35583 -1.52428 1.85469 -2.45961
32.5625 2.30822 -1.52137 1.77687 -2.49257
32.5938 2.26081 -1.51271 1.70029 -2.3997
32.625 2.21371 -1.50122 1.62685 -2.30213
32.6562 2.16704 -1.4841 1.55655 -2.19541
32.6875 2.121 -1.46212 1.48947 -2.09834
32.7188 2.07568 -1.43819 1.42626 -1.91912
32.75 2.03118 -1.40795 1.37093 -1.61909
32.7812 1.98774 -1.372 1.32407 -1.40256
32.8125 1.94545 -1.33408 1.28226 -1.28633
32.8438 1.90439 -1.29392 1.24212 -1.32361
32.875 1.86457 -1.25503 1.19673 -1.61612
32.9062 1.82591 -1.21942 1.14014 -2.00697
32.9375 1.78833 -1.18616 1.07139 -2.39037
32.9688 1.75171 -1.15873 0.991228 -2.72663
33 1.71585 -1.13702 0.901751 -2.99432
33.0312 1.68064 -1.11686 0.804093 -3.25419
33.0625 1.64601 -1.10017 0.699001 -3.45455
33.0938 1.61182 -1.08889 0.589275 -3.55114
33.125 1.57794 -1.07949 0.478402 -3.51576
33.1562 1.54433 -1.07186 0.371488 -3.29958
33.1875 1.51089 -1.06898 0.273532 -2.94858
33.2188 1.47747 -1.07078 0.188723 -2.45668
33.25 1.44393 -1.07703 0.120447 -1.92441
33.2812 1.4101 -1.08863 0.0672022 -1.50043
33.3125 1.37582 -1.10607 0.0261736 -1.12918
33.3438 1.34091 -1.12955 -0.00399566 -0.81969
33.375 1.30517 -1.15885 -0.0263085 -0.625224
33.4062 1.26844 -1.19167 -0.0438297 -0.505934
33.4375 1.23068 -1.22526 -0.0586014 -0.45118
33.4688 1.19185 -1.26052 -0.0726823 -0.457753
33.5 1.15191 -1.29487 -0.0874731 -0.489051
33.5312 1.11098 -1.32349 -0.102858 -0.480302
33.5625 1.06924 -1.34733 -0.115916 -0.324213
33.5938 1.02685 -1.36398 -0.121553 -0.0248913
33.625 0.984094 -1.37069 -0.117574 0.271985
33.6562 0.941244 -1.37079 -0.104767 0.548045
33.6875 0.898493 -1.36392 -0.0835637 0.79822
33.7188 0.856088 -1.34869 -0.0554334 1.00431
33.75 0.814269 -1.3267 -0.0199086 1.28493
33.7812 0.77323 -1.29892 0.0248934 1.56504
33.8125 0.733141 -1.26585 0.0763524 1.7029
33.8438 0.694176 -1.22698 0.129608 1.6706
33.875 0.656493 -1.18456 0.178156 1.39567
33.9062 0.620133 -1.14266 0.215039 0.949259
33.9375 0.585077 -1.10084 0.237029 0.457427
33.9688 0.551321 -1.0599 0.244145 0.0152875
34 0.518807 -1.02126 0.239137 -0.322743
34.0312 0.487494 -0.982757 0.22448 -0.605651
34.0625 0.457364 -0.946146 0.202261 -0.800295
34.0938 0.428323 -0.912742 0.174812 -0.960011
34.125 0.400318 -0.879697 0.142557 -1.08032
34.1562 0.37331 -0.849783 0.109646 -0.990878
34.1875 0.347144 -0.825502 0.0816122 -0.802803
34.2188 0.321692 -0.803676 0.0597376 -0.582062
34.25 0.29689 -0.784219 0.0462053 -0.280872
34.2812 0.272641 -0.768189 0.0412921 -0.0567106
34.3125 0.248858 -0.754132 0.0414819 0.054613
34.3438 0.2255 -0.740848 0.0435842 0.0558957
34.375 0.202566 -0.726625 0.0436176 -0.0654879
34.4062 0.180103 -0.710827 0.0393821 -0.204928
34.4375 0.158146 -0.694256 0.0304706 -0.375096
34.4688 0.136734 -0.675554 0.0155998 -0.575221
34.5 0.115964 -0.653142 -0.00524442 -0.755995
34.5312 0.0959345 -0.628627 -0.0313006 -0.896953
34.5625 0.0766746 -0.603997 -0.0596796 -0.888438
34.5938 0.0581941 -0.578493 -0.0853791 -0.743414
34.625 0.040532 -0.551813 -0.105478 -0.527661
34.6562 0.0237031 -0.525289 -0.117163 -0.205402
34.6875 0.00770556 -0.498393 -0.118317 0.11811
34.7188 -0.00744209 -0.471167 -0.110631 0.368827
34.75 -0.0217555 -0.445026 -0.0949769 0.640431
34.7812 -0.0352473 -0.418076 -0.0705157 0.920905
34.8125 -0.0478639 -0.38922 -0.0376393 1.18174
34.8438 -0.0595689 -0.359704 0.00285267 1.38719
34.875 -0.0703161 -0.3275 0.046631 1.36848
34.9062 -0.0800131 -0.293073 0.0861338 1.13924
34.9375 -0.0886387 -0.25888 0.117177 0.840588
34.9688 -0.0961699 -0.222735 0.13846 0.527683
35 -0.102569 -0.187557 0.15137 0.324903
35.0312 -0.107944 -0.156828 0.159933 0.229753
35.0625 -0.112358 -0.125294 0.165871 0.15637
35.0938 -0.115781 -0.0945302 0.170367 0.139063
35.125 -0.118329 -0.0692715 0.174416 0.112104
35.1562 -0.120132 -0.0464233 0.177407 0.0933074
35.1875 -0.12127 -0.0274856 0.181505 0.185891
35.2188 -0.121926 -0.0155187 0.189553 0.33245
35.25 -0.122289 -0.00844496 0.202385 0.485677
35.2812 -0.122507 -0.00639687 0.218983 0.55094
35.3125 -0.122732 -0.00832968 0.235216 0.469088
35.3438 -0.123029 -0.0105273 0.247414 0.294839
35.375 -0.123378 -0.0116444 0.252148 -0.0178812
35.4062 -0.123739 -0.0110196 0.245245 -0.429285
35.4375 -0.124028 -0.00661857 0.225254 -0.852419
35.4688 -0.124084 0.00426919 0.191856 -1.2801
35.5 -0.123698 0.0211893 0.14619 -1.62297
35.5312 -0.122718 0.0422669 0.09119 -1.89344
35.5625 -0.120985 0.0700547 0.0282995 -2.10948
35.5938 -0.118257 0.105641 -0.03815 -2.09521
35.625 -0.114332 0.146299 -0.100354 -1.86628
35.6562 -0.109059 0.192215 -0.154186 -1.56977
35.6875 -0.102249 0.244739 -0.197629 -1.19808
35.7188 -0.0936929 0.303969 -0.228895 -0.810299
35.75 -0.0831781 0.370083 -0.248833 -0.469965
35.7812 -0.0705038 0.441847 -0.258126 -0.119357
35.8125 -0.0555196 0.517809 -0.256056 0.252489
35.8438 -0.038101 0.597498 -0.242622 0.595258
35.875 -0.0181584 0.678878 -0.22026 0.804283
35.9062 0.00432401 0.759848 -0.194439 0.818474
35.9375 0.0293148 0.839079 -0.170508 0.698345
35.9688 0.0567217 0.914107 -0.151128 0.54829
36 0.0863942 0.984107 -0.135116 0.50151
36.0312 0.118168 1.0483 -0.118427 0.580452
36.0625 0.151837 1.10535 -0.0983585 0.709681
36.0938 0.187193 1.15656 -0.073716 0.869832
36.125 0.224059 1.20182 -0.0443677 0.995422
36.1562 0.262261 1.24282 -0.0121377 1.06713
36.1875 0.301724 1.28243 0.0230304 1.20048
36.2188 0.342368 1.31785 0.0636767 1.40668
36.25 0.384052 1.34971 0.111117 1.63243
36.2812 0.426717 1.38061 0.165856 1.86858
36.3125 0.47031 1.40892 0.227122 2.02973
36.3438 0.514766 1.43624 0.290949 2.02561
36.375 0.560066 1.46265 0.352079 1.86554
36.4062 0.606166 1.4878 0.40664 1.61818
36.4375 0.653074 1.51451 0.4529 1.338
36.4688 0.700796 1.5388 0.489976 1.03224
36.5 0.749205 1.55917 0.517542 0.73754
36.5312 0.798246 1.57932 0.536368 0.470113
36.5625 0.847878 1.59631 0.547246 0.237401
36.5938 0.897984 1.61048 0.552208 0.0947612
36.625 0.948538 1.62493 0.553595 -0.00379936
36.6562 0.999533 1.63875 0.552549 -0.0426666
36.6875 1.05099 1.6551 0.552301 0.0377853
36.7188 1.10301 1.67485 0.554428 0.0787227
36.75 1.15567 1.69548 0.556289 0.0352854
36.7812 1.20902 1.71937 0.556579 -0.0184155
36.8125 1.26317 1.74648 0.555148 -0.0659933
36.8438 1.31818 1.77399 0.553152 -0.0572554
36.875 1.37403 1.80005 0.550719 -0.12573
36.9062 1.43064 1.82238 0.543883 -0.322388
36.9375 1.48789 1.84154 0.530137 -0.570224
36.9688 1.54568 1.85577 0.507229 -0.90206
37 1.60379 1.86143 0.474819 -1.13809
37.0312 1.66196 1.86103 0.438101 -1.18718
37.0625 1.72003 1.85379 0.402347 -1.06291
37.0938 1.77772 1.8368 0.374168 -0.714048
37.125 1.83479 1.8157 0.357927 -0.335751
37.1562 1.89115 1.78947 0.352993 0.0298043
37.1875 1.94654 1.75518 0.360732 0.479906
37.2188 2.00084 1.71943 0.384 1.03162
37.25 2.05397 1.67999 0.426711 1.71739
37.2812 2.10579 1.63622 0.491174 2.39072
37.3125 2.15625 1.59377 0.57478 2.93731
37.3438 2.20539 1.55078 0.672949 3.307
37.375 2.25322 1.51228 0.778796 3.4288
37.4062 2.29999 1.48138 0.885601 3.3905
37.4375 2.34586 1.45547 0.98975 3.25588
37.4688 2.39104 1.43775 1.08769 2.99123
37.5 2.43577 1.42524 1.17588 2.64703
37.5312 2.48015 1.41606 1.25268 2.25472
37.5625 2.52431 1.40988 1.31579 1.77454
37.5938 2.56823 1.40057 1.36387 1.31757
37.625 2.61182 1.38888 1.39881 0.920124
37.6562 2.65501 1.37405 1.42144 0.537147
37.6875 2.6976 1.34962 1.43348 0.251316
37.7188 2.73926 1.31535 1.43776 0.027925
37.75 2.77971 1.27142 1.43573 -0.148742
37.7812 2.81858 1.2143 1.42873 -0.29924
37.8125 2.85547 1.14503 1.41753 -0.395896
37.8438 2.89005 1.06593 1.40558 -0.349915
37.875 2.922 0.97846 1.39635 -0.230291
37.9062 2.95117 0.888381 1.39217 -0.0221668
37.9375 2.97752 0.797061 1.39521 0.214226
37.9688 3.00098 0.704728 1.40628 0.528051
38 3.02162 0.617185 1.43112 1.10895
38.0312 3.0396 0.533966 1.47806 1.92835
38.0625 3.05502 0.453598 1.55337 2.90987
38.0938 3.068 0.378484 1.66014 3.91087
38.125 3.0787 0.306293 1.79622 4.76277
38.1562 3.08718 0.237358 1.95537 5.38783
38.1875 3.09361 0.175229 2.13143 5.86443
38.2188 3.09817 0.116862 2.32089 6.2395
38.25 3.10097 0.0645567 2.51996 6.47927
38.2812 3.10234 0.0246298 2.72443 6.57992
38.3125 3.10261 -0.00528709 2.92916 6.48655
38.3438 3.10213 -0.0237387 3.12745 6.16161
38.375 3.10127 -0.0295319 3.31158 5.58794
38.4062 3.10036 -0.0274335 3.47555 4.89994
38.4375 3.09963 -0.0179606 3.61732 4.15993
38.4688 3.09926 -0.00586355 3.73511 3.38642
38.5 3.09925 0.00471642 3.8297 2.66714
38.5312 3.09955 0.0139426 3.90075 1.86295
38.5625 3.10004 0.0161194 3.94646 1.08497
38.5938 3.1005 0.0128194 3.96936 0.372096
38.625 3.10081 0.00587707 3.96883 -0.407276
38.6562 3.10075 -0.0112729 3.94465 -1.13193
38.6875 3.10005 -0.0340705 3.89736 -1.91908
38.7188 3.09859 -0.0602717 3.82369 -2.7998
38.75 3.09621 -0.0923725 3.72222 -3.69789
38.7812 3.09283 -0.123306 3.59282 -4.56682
38.8125 3.08852 -0.152347 3.43818 -5.31251
38.8438 3.08336 -0.176256 3.26156 -5.97735
38.875 3.0776 -0.19187 3.06581 -6.53107
38.9062 3.07139 -0.20524 2.8544 -6.97926
38.9375 3.06484 -0.212895 2.6316 -7.23943
38.9688 3.0581 -0.219195 2.40431 -7.26917
39 3.05108 -0.230452 2.18058 -6.98194
39.0312 3.04369 -0.242646 1.97158 -6.36033
39.0625 3.03581 -0.264407 1.78409 -5.62474
39.0938 3.02704 -0.298013 1.62086 -4.82452
39.125 3.0171 -0.340274 1.48092 -4.16513
39.1562 3.00558 -0.401078 1.35973 -3.58394
39.1875 2.99184 -0.480272 1.25721 -2.98282
39.2188 2.97544 -0.571809 1.17311 -2.39431
39.25 2.95594 -0.678568 1.10744 -1.83131
39.2812 2.93291 -0.79604 1.05629 -1.47644
39.3125 2.90615 -0.91722 1.01402 -1.24121
39.3438 2.87555 -1.04107 0.977674 -1.09716
39.375 2.84116 -1.15794 0.946045 -0.898949
39.4062 2.80329 -1.26456 0.922912 -0.574444
39.4375 2.76222 -1.36181 0.910223 -0.230417
39.4688 2.71837 -1.44153 0.909399 0.191023
39.5 2.67228 -1.50631 0.922632 0.660586
39.5312 2.62435 -1.55865 0.950837 1.13971
39.5625 2.57501 -1.59709 0.992825 1.52165
39.5938 2.5246 -1.62867 1.04405 1.72189
39.625 2.47328 -1.65415 1.0979 1.68188
39.6562 2.4213 -1.67207 1.14691 1.42577
39.6875 2.36879 -1.68836 1.18515 0.986892
39.7188 2.3158 -1.70213 1.20642 0.346048
39.75 2.26247 -1.71004 1.20575 -0.394923
39.7812 2.20895 -1.71503 1.18176 -1.13356
39.8125 2.15533 -1.71537 1.13584 -1.78371
39.8438 2.1018 -1.7107 1.07162 -2.30833
39.875 2.04842 -1.7048 0.992432 -2.74658
39.9062 1.99527 -1.69632 0.901201 -3.06364
39.9375 1.94241 -1.68761 0.803188 -3.16849
39.9688 1.88979 -1.6799 0.705942 -3.00745
40 1.83743 -1.67082 0.618277 -2.55675
40.0312 1.78533 -1.66417 0.548551 -1.87749
40.0625 1.73342 -1.65743 0.50184 -1.11389
40.0938 1.68176 -1.64923 0.477761 -0.458284
40.125 1.63028 -1.64691 0.471149 0.00577308
40.1562 1.57881 -1.64708 0.476495 0.311546
40.1875 1.52733 -1.64842 0.489258 0.489936
40.2188 1.47571 -1.65589 0.506473 0.599592
40.25 1.42382 -1.66461 0.525245 0.567405
40.2812 1.37167 -1.67335 0.539837 0.34012
40.3125 1.31923 -1.68276 0.545229 -0.0139335
40.3438 1.26653 -1.68942 0.537927 -0.461341
40.375 1.21364 -1.69586 0.516838 -0.868955
40.4062 1.16056 -1.70002 0.485068 -1.13937
40.4375 1.10745 -1.69862 0.447535 -1.22579
40.4688 1.05444 -1.69337 0.410609 -1.11358
40.5 1.00169 -1.68061 0.37875 -0.914621
40.5312 0.949458 -1.66218 0.354626 -0.604872
40.5625 0.897839 -1.64027 0.342015 -0.197726
40.5938 0.847048 -1.60874 0.342063 0.19555
40.625 0.797333 -1.57321 0.353697 0.530507
40.6562 0.748721 -1.53728 0.373291 0.687705
40.6875 0.701331 -1.49466 0.394898 0.674154
40.7188 0.655317 -1.45065 0.41392 0.511569
40.75 0.610651 -1.40776 0.424962 0.175569
40.7812 0.567342 -1.36438 0.424411 -0.216564
40.8125 0.525314 -1.32659 0.410597 -0.681796
40.8438 0.484387 -1.29307 0.382017 -1.12248
40.875 0.444458 -1.26362 0.34215 -1.41602
40.9062 0.405319 -1.24248 0.293388 -1.70489
40.9375 0.36676 -1.22576 0.237017 -1.86071
40.9688 0.328667 -1.21307 0.179512 -1.79363
41 0.290912 -1.20305 0.126414 -1.57025
41.0312 0.253515 -1.18971 0.0839847 -1.11282
41.0625 0.216575 -1.17415 0.0571429 -0.624157
41.0938 0.180191 -1.15282 0.043563 -0.264145
41.125 0.144629 -1.12194 0.0391016 -0.0587293
41.1562 0.110118 -1.08589 0.0372136 -0.0967251
41.1875 0.0768546 -1.04101 0.0319742 -0.245944
41.2188 0.0451514 -0.987234 0.0211054 -0.466274
41.25 0.0151822 -0.929917 0.00222832 -0.739731
41.2812 -0.0128682 -0.863496 -0.0248486 -0.997465
41.3125 -0.0387217 -0.791024 -0.0611506 -1.34621
41.3438 -0.0623112 -0.718332 -0.109551 -1.74514
41.375 -0.0835707 -0.641748 -0.169055 -2.03474
41.4062 -0.102438 -0.566635 -0.234406 -2.10279
41.4375 -0.119029 -0.495496 -0.297503 -1.89039
41.4688 -0.133427 -0.42674 -0.350245 -1.45712
41.5 -0.14577 -0.364139 -0.387241 -0.892958
41.5312 -0.156201 -0.303181 -0.404986 -0.227229
41.5625 -0.164722 -0.242888 -0.400963 0.481302
41.5938 -0.171444 -0.188038 -0.375602 1.12886
41.625 -0.176484 -0.134307 -0.331212 1.69256
41.6562 -0.17984 -0.0809717 -0.27207 2.04328
41.6875 -0.181582 -0.0309027 -0.206226 2.14256
41.7188 -0.18177 0.0189861 -0.139463 2.10229
41.75 -0.180414 0.0670681 -0.0773963 1.82916
41.7812 -0.177621 0.111436 -0.0262344 1.45195
41.8125 -0.173443 0.15606 0.0138919 1.1124
41.8438 -0.167899 0.197621 0.0426215 0.72512
41.875 -0.161166 0.232354 0.060474 0.450045
41.9062 -0.153412 0.263409 0.0723 0.320507
41.9375 -0.144747 0.290298 0.0814595 0.290601
41.9688 -0.135325 0.311828 0.09229 0.426134
42 -0.125316 0.327685 0.108965 0.652193
42.0312 -0.114903 0.338085 0.134058 0.970889
42.0625 -0.104212 0.345691 0.169981 1.31826
42.0938 -0.0933444 0.348927 0.215247 1.55432
42.125 -0.0824466 0.348282 0.265022 1.58311
42.1562 -0.0715832 0.346672 0.310589 1.27925
42.1875 -0.0608213 0.341331 0.342859 0.771847
42.2188 -0.0502728 0.33386 0.35832 0.208182
42.25 -0.0399438 0.327217 0.355348 -0.39975
42.2812 -0.0298241 0.320648 0.333773 -0.970745
42.3125 -0.0198601 0.3181 0.295128 -1.49793
42.3438 -0.00987712 0.321796 0.240541 -1.98595
42.375 0.000324329 0.332557 0.171931 -2.38242
42.4062 0.011005 0.352332 0.0938417 -2.56823
42.4375 0.0224006 0.377628 0.0145125 -2.46366
42.4688 0.034658 0.4079 -0.057613 -2.11229
42.5 0.0479505 0.443283 -0.115054 -1.53443
42.5312 0.0623697 0.479612 -0.15308 -0.913077
42.5625 0.0779467 0.517778 -0.173117 -0.374936
42.5938 0.0947419 0.556934 -0.176298 0.172026
42.625 0.112744 0.595311 -0.163287 0.632992
42.6562 0.13196 0.634353 -0.138535 0.925138
42.6875 0.152334 0.668171 -0.107174 1.04983
42.7188 0.173654 0.695925 -0.0750223 0.978096
42.75 0.195823 0.722499 -0.0475206 0.762046
42.7812 0.218744 0.743008 -0.0284366 0.450392
42.8125 0.242204 0.758194 -0.0191171 0.160312
42.8438 0.266125 0.77238 -0.0175107 -0.0457324
42.875 0.290436 0.783019 -0.0210153 -0.154474
42.9062 0.31507 0.794037 -0.0253904 -0.101879
42.9375 0.340078 0.806158 -0.02652 0.0404605
42.9688 0.365424 0.815923 -0.0215815 0.305176
43 0.391111 0.828975 -0.00591797 0.708804
43.0312 0.417274 0.84567 0.0229326 1.14188
43.0625 0.443977 0.863822 0.0658389 1.60293
43.0938 0.471313 0.886422 0.121924 1.95373
43.125 0.499399 0.911205 0.185944 2.11507
43.1562 0.528297 0.939272 0.251821 2.04877
43.1875 0.558161 0.972405 0.310369 1.65076
43.2188 0.589058 1.00461 0.353376 1.08998
43.25 0.62095 1.03691 0.377718 0.456109
43.2812 0.653885 1.0707 0.382136 -0.149405
43.3125 0.687825 1.10077 0.370005 -0.61598
43.3438 0.722664 1.12901 0.343291 -1.09963
43.375 0.758389 1.15711 0.302096 -1.50882
43.4062 0.794957 1.18291 0.250445 -1.78288
43.4375 0.832316 1.2081 0.192006 -1.91508
43.4688 0.870457 1.23266 0.13427 -1.72902
43.5 0.909341 1.25566 0.0856626 -1.37156
43.5312 0.948914 1.27643 0.049418 -0.926042
43.5625 0.989081 1.29394 0.0286343 -0.413241
43.5938 1.02979 1.31132 0.0216135 -0.0752537
43.625 1.07103 1.32792 0.0224036 0.119997
43.6562 1.11276 1.34267 0.0291833 0.310106
43.6875 1.15497 1.35949 0.0406908 0.398283
43.7188 1.19772 1.37574 0.0524583 0.338356
43.75 1.24093 1.38925 0.0612942 0.218518
43.7812 1.28452 1.40006 0.065261 0.023793
43.8125 1.32836 1.40492 0.0632299 -0.125367
43.8438 1.3723 1.40683 0.0594504 -0.094713
43.875 1.41625 1.40475 0.0579905 0.0146922
43.9062 1.46001 1.39454 0.0621509 0.288252
43.9375 1.50337 1.38024 0.0776552 0.717813
43.9688 1.54621 1.36029 0.107989 1.24806
44 1.58831 1.333 0.157051 1.89894
44.0312 1.62948 1.30106 0.226243 2.523
44.0625 1.66955 1.26232 0.315017 3.16261
44.0938 1.70835 1.22142 0.422762 3.6936
44.125 1.74593 1.18362 0.543658 4.02427
44.1562 1.78234 1.14699 0.673072 4.21873
44.1875 1.81768 1.11662 0.8035 4.06759
44.2188 1.85223 1.09623 0.925227 3.71429
44.25 1.88629 1.08535 1.03505 3.29613
44.2812 1.92021 1.08766 1.1305 2.82056
44.3125 1.95438 1.10059 1.21274 2.46404
44.3438 1.98909 1.12261 1.28504 2.16524
44.375 2.02467 1.15646 1.34839 1.89588
44.4062 2.06143 1.19659 1.40381 1.65654
44.4375 2.09949 1.24006 1.45308 1.529
44.4688 2.13897 1.28631 1.50151 1.60084
44.5 2.17986 1.33015 1.5549 1.84638
44.5312 2.22206 1.37027 1.61845 2.22854
44.5625 2.26543 1.40402 1.69361 2.56605
44.5938 2.30973 1.42975 1.77808 2.82658
44.625 2.35475 1.45069 1.8685 2.92037
44.6562 2.40033 1.4654 1.95861 2.83055
44.6875 2.44629 1.47565 2.04463 2.65329
44.7188 2.49255 1.48529 2.12263 2.31313
44.75 2.53907 1.49041 2.18837 1.88789
44.7812 2.58567 1.49221 2.23999 1.40426
44.8125 2.63233 1.49343 2.27606 0.917213
44.8438 2.67895 1.48972 2.29859 0.546784
44.875 2.72542 1.48416 2.31173 0.323083
44.9062 2.77172 1.47877 2.32072 0.277687
44.9375 2.81779 1.4691 2.33011 0.335644
44.9688 2.86351 1.45677 2.3428 0.501328
45 2.90876 1.43731 2.36305 0.814498
45.0312 2.95323 1.40724 2.39436 1.1915
45.0625 2.99666 1.37126 2.43728 1.5445
45.0938 3.03881 1.32342 2.48947 1.75961
45.125 3.07924 1.26303 2.54443 1.71003
45.1562 3.11768 1.19544 2.59358 1.396
45.1875 3.15383 1.11662 2.62949 0.872287
45.2188 3.18738 1.02929 2.64672 0.216544
45.25 3.21811 0.93605 2.64248 -0.491979
45.2812 3.24581 0.836811 2.61635 -1.16075
45.3125 3.27042 0.738689 2.57195 -1.64019
45.3438 3.29201 0.643364 2.51632 -1.88519
45.375 3.31065 0.549668 2.45588 -1.96067
45.4062 3.32641 0.459863 2.39529 -1.8845
45.4375 3.33941 0.372449 2.3409 -1.54499
45.4688 3.34969 0.285878 2.30161 -0.933155
45.5 3.3573 0.20077 2.28439 -0.146017
45.5312 3.36222 0.113816 2.29305 0.686148
45.5625 3.36442 0.0276876 2.32477 1.28993
45.5938 3.36401 -0.0536003 2.37088 1.63236
45.625 3.36108 -0.133662 2.42518 1.80818
45.6562 3.35572 -0.207633 2.48113 1.7267
45.6875 3.34818 -0.274038 2.53057 1.40095
45.7188 3.33864 -0.334814 2.56649 0.867984
45.75 3.32737 -0.385218 2.5835 0.204916
45.7812 3.31462 -0.429919 2.57856 -0.523838
45.8125 3.30056 -0.468722 2.55161 -1.17526
45.8438 3.28541 -0.500017 2.50669 -1.67526
45.875 3.2693 -0.531498 2.44905 -1.96938
45.9062 3.25219 -0.563917 2.38583 -2.05745
45.9375 3.234 -0.601568 2.32163 -2.01717
45.9688 3.21446 -0.651449 2.26241 -1.74085
46 3.19316 -0.713649 2.21372 -1.36399
46.0312 3.1697 -0.790548 2.1783 -0.893934
46.0625 3.1436 -0.881823 2.15646 -0.548495
46.0938 3.11449 -0.982469 2.14199 -0.39183
46.125 3.08211 -1.09126 2.13051 -0.390906
46.1562 3.04624 -1.20494 2.11423 -0.683508
46.1875 3.00681 -1.31796 2.08743 -1.02814
46.2188 2.9639 -1.42762 2.04975 -1.38626
46.25 2.91767 -1.52878 2.00146 -1.68703
46.2812 2.8685 -1.61525 1.94473 -1.94665
46.3125 2.81688 -1.68598 1.88023 -2.1565
46.3438 2.76328 -1.74236 1.81181 -2.19826
46.375 2.70816 -1.78196 1.74414 -2.10725
46.4062 2.65206 -1.80674 1.68187 -1.85691
46.4375 2.59534 -1.82176 1.62893 -1.51221
46.4688 2.53831 -1.82678 1.58947 -0.976107
46.5 2.48125 -1.82356 1.56883 -0.358757
46.5312 2.42442 -1.81253 1.56556 0.129033
46.5625 2.36803 -1.79563 1.57551 0.472555
46.5938 2.3122 -1.77755 1.59211 0.542247
46.625 2.25697 -1.75661 1.60738 0.415469
46.6562 2.20242 -1.73416 1.61684 0.167304
46.6875 2.14858 -1.71164 1.61662 -0.196003
46.7188 2.09547 -1.687 1.60351 -0.665652
46.75 2.04314 -1.66219 1.57404 -1.21654
46.7812 1.99161 -1.63471 1.52897 -1.63682
46.8125 1.94102 -1.60288 1.473 -1.93448
46.8438 1.89144 -1.57029 1.40918 -2.11825
46.875 1.8429 -1.53589 1.34298 -2.08702
46.9062 1.79546 -1.50001 1.27989 -1.93954
46.9375 1.74914 -1.46464 1.22259 -1.71257
46.9688 1.70392 -1.42987 1.17368 -1.40697
47 1.65974 -1.39787 1.13528 -1.0436
47.0312 1.61653 -1.368 1.10797 -0.731776
47.0625 1.57424 -1.33902 1.08701 -0.65216
47.0938 1.53281 -1.31244 1.06489 -0.798662
47.125 1.49219 -1.28785 1.03459 -1.18204
47.1562 1.45229 -1.26594 0.989285 -1.72553
47.1875 1.41304 -1.2468 0.926946 -2.26197
47.2188 1.37435 -1.22946 0.847633 -2.81736
47.25 1.33616 -1.21512 0.751553 -3.30638
47.2812 1.29841 -1.20024 0.642643 -3.6441
47.3125 1.26118 -1.18211 0.524764 -3.88064
47.3438 1.22453 -1.16353 0.402053 -3.93186
47.375 1.18849 -1.14223 0.281686 -3.73183
47.4062 1.15317 -1.119 0.170974 -3.32415
47.4375 1.11853 -1.09813 0.0756522 -2.7477
47.4688 1.08455 -1.07552 0.0011757 -1.99026
47.5 1.05131 -1.05281 -0.0478307 -1.14995
47.5312 1.01871 -1.03415 -0.0717023 -0.398123
47.5625 0.986685 -1.01508 -0.074046 0.220219
47.5938 0.95523 -0.999246 -0.0604424 0.603604
47.625 0.924167 -0.989209 -0.0387011 0.763095
47.6562 0.893389 -0.981244 -0.0140628 0.787108
47.6875 0.862748 -0.981588 0.00855426 0.635323
47.7188 0.831977 -0.987689 0.0249948 0.415115
47.75 0.801045 -0.991922 0.0340187 0.147598
47.7812 0.769933 -1.00033 0.0337665 -0.153536
47.8125 0.738501 -1.01086 0.0259416 -0.319724
47.8438 0.70679 -1.01849 0.015217 -0.343651
47.875 0.674836 -1.02664 0.00634655 -0.190744
47.9062 0.642648 -1.03278 0.00472544 0.0957445
47.9375 0.610304 -1.03738 0.0125731 0.413317
47.9688 0.577806 -1.04207 0.0310465 0.770307
48 0.545233 -1.04155 0.0602791 1.09288
48.0312 0.512748 -1.03726 0.0992443 1.39738
48.0625 0.480437 -1.02961 0.146083 1.55194
48.0938 0.448478 -1.01459 0.19297 1.40888
48.125 0.417078 -0.99424 0.232389 1.08274
48.1562 0.386406 -0.967397 0.257758 0.491704
48.1875 0.356684 -0.934317 0.261715 -0.227121
48.2188 0.328019 -0.900067 0.245053 -0.823999
48.25 0.300461 -0.862991 0.210224 -1.40631
48.2812 0.274099 -0.824407 0.158132 -1.89689
48.3125 0.248913 -0.787601 0.0935728 -2.21019
48.3438 0.224884 -0.750086 0.021613 -2.36185
48.375 0.202028 -0.712958 -0.0516436 -2.28975
48.4062 0.180315 -0.676656 -0.119413 -2.01274
48.4375 0.159737 -0.640589 -0.175031 -1.51122
48.4688 0.14024 -0.607825 -0.212523 -0.879726
48.5 0.12173 -0.576812 -0.229506 -0.19503
48.5312 0.104187 -0.546185 -0.224414 0.506147
48.5625 0.0875787 -0.516768 -0.200042 1.0124
48.5938 0.0719084 -0.485722 -0.163069 1.33057
48.625 0.0572315 -0.45368 -0.118973 1.44225
48.6562 0.0435521 -0.42157 -0.0760918 1.26612
48.6875 0.0309057 -0.387582 -0.0407459 0.993956
48.7188 0.0193202 -0.354249 -0.0142377 0.695027
48.75 0.00874849 -0.322461 0.00246928 0.376527
48.7812 -0.000846194 -0.292014 0.00946806 0.0721213
48.8125 -0.00953092 -0.264025 0.00734003 -0.189953
48.8438 -0.0173399 -0.235582 -0.00047725 -0.275418
48.875 -0.0242776 -0.209417 -0.00806315 -0.185872
48.9062 -0.0304957 -0.18922 -0.0104308 0.0634751
48.9375 -0.036113 -0.170275 -0.0027334 0.437451
48.9688 -0.0411636 -0.153799 0.0167637 0.804689
49 -0.0457713 -0.141427 0.0472904 1.14258
49.0312 -0.0500083 -0.129941 0.0872996 1.39779
49.0625 -0.0539199 -0.120742 0.133345 1.52756
49.0938 -0.0575373 -0.109934 0.180952 1.47909
49.125 -0.0607491 -0.0955791 0.222895 1.16032
49.1562 -0.0635355 -0.0829606 0.251105 0.613423
49.1875 -0.0658977 -0.0670729 0.259652 -0.0811802
49.2188 -0.0676787 -0.0468814 0.24615 -0.765954
49.25 -0.0688494 -0.0281589 0.213173 -1.32194
49.2812 -0.0694087 -0.00691189 0.165073 -1.72655
49.3125 -0.0692654 0.015768 0.107277 -1.94381
49.3438 -0.0684425 0.0370657 0.0450004 -2.01908
49.375 -0.0669081 0.0618343 -0.0169025 -1.90254
49.4062 -0.0645634 0.0880537 -0.0716082 -1.56987
49.4375 -0.0614078 0.114228 -0.113339 -1.06924
49.4688 -0.0573925 0.143107 -0.136411 -0.385644
49.5 -0.052468 0.171669 -0.137379 0.30976
49.5312 -0.0466905 0.197675 -0.117821 0.934864
49.5625 -0.0401427 0.220814 -0.0798357 1.46481
49.5938 -0.032925 0.240665 -0.0291597 1.72903
49.625 -0.0251227 0.258361 0.0256719 1.74545
49.6562 -0.0168001 0.273944 0.0776544 1.54414
49.6875 -0.00801447 0.288217 0.120401 1.17565
49.7188 0.0012019 0.301329 0.150513 0.741881
49.75 0.0108035 0.313168 0.166373 0.277722
49.7812 0.02079 0.326244 0.168962 -0.0906532
49.8125 0.0311956 0.339556 0.161452 -0.386008
49.8438 0.0420161 0.353477 0.145569 -0.603262
49.875 0.0533427 0.372335 0.125975 -0.618342
49.9062 0.065327 0.395158 0.10835 -0.490307
49.9375 0.0780889 0.422755 0.0968967 -0.214491
49.9688 0.09182 0.456779 0.0960615 0.162177
