0 0 0 0 0
0.03125 5.46875e-05 0.0035 3.47267e-39 3.8604e-36
0.0625 0.00021875 0.007 2.30551e-29 1.18079e-26
0.09375 0.000492188 0.0105 8.62098e-24 2.88729e-21
0.125 0.000875 0.014 6.69143e-20 1.65095e-17
0.15625 0.00136719 0.0175 5.9895e-17 1.15037e-14
0.1875 0.00196875 0.021 1.30783e-14 2.02623e-12
0.21875 0.00267969 0.0245 1.06838e-12 1.36779e-10
0.25 0.0035 0.028 4.10089e-11 4.34843e-09
0.28125 0.00442969 0.0315 8.40452e-10 7.39382e-08
0.3125 0.00546874 0.0349991 1.04379e-08 7.69432e-07
0.34375 0.00661712 0.0384971 8.52283e-08 5.17315e-06
0.375 0.00787489 0.0420035 4.66024e-07 2.25063e-05
0.40625 0.00924271 0.0455448 1.79189e-06 6.88027e-05
0.4375 0.0107216 0.0490961 5.25056e-06 0.000160487
0.46875 0.0123095 0.0524843 1.21796e-05 0.000285992
0.5 0.0139988 0.0555943 2.3365e-05 0.000438282
0.53125 0.0157849 0.0587824 4.04354e-05 0.000669285
0.5625 0.0176787 0.0625214 6.5784e-05 0.000956567
0.59375 0.0196958 0.0665766 0.000100515 0.00127704
0.625 0.0218391 0.0706076 0.000146606 0.00168901
0.65625 0.0241135 0.0750644 0.00020674 0.00216492
0.6875 0.0265346 0.0798516 0.000282177 0.00266841
0.71875 0.029095 0.0838083 0.000374001 0.0032188
0.75 0.0317633 0.0869111 0.000484074 0.00383421
0.78125 0.0345271 0.0899582 0.000613525 0.0044396
0.8125 0.0373798 0.0924479 0.00076114 0.00501602
0.84375 0.0402965 0.0941707 0.000928272 0.00569685
0.875 0.0432675 0.0960316 0.00111694 0.00635985
0.90625 0.0462978 0.0978279 0.00132551 0.0070114
0.9375 0.0493772 0.0992494 0.00155717 0.0078302
0.96875 0.0525056 0.101071 0.00181391 0.00857064
1 0.0556967 0.103128 0.00209242 0.00927967
1.03125 0.0589495 0.105088 0.00239574 0.0101394
1.0625 0.0622709 0.107596 0.00272473 0.010887
1.09375 0.0656777 0.110431 0.00307592 0.0116096
1.125 0.0691727 0.113306 0.00345143 0.0124201
1.15625 0.0727659 0.116766 0.00385104 0.0131398
1.1875 0.0764735 0.120514 0.00427281 0.0138684
1.21875 0.0802986 0.124357 0.00471841 0.0146482
1.25 0.0842521 0.128752 0.00518794 0.0153993
1.28125 0.0883474 0.133333 0.00568122 0.0161814
1.3125 0.0925864 0.138034 0.00620003 0.0170335
1.34375 0.0969799 0.143211 0.00674648 0.017952
1.375 0.101537 0.148456 0.00732309 0.0189734
1.40625 0.10626 0.153829 0.00793345 0.0200909
1.4375 0.111156 0.159581 0.00857721 0.0210681
1.46875 0.116233 0.165342 0.00924868 0.0219226
1.5 0.121492 0.171299 0.00995174 0.0231865
1.53125 0.126942 0.177464 0.0107062 0.0252355
1.5625 0.132581 0.183386 0.0115355 0.0278813
1.59375 0.138405 0.189406 0.0124444 0.0301158
1.625 0.144422 0.195743 0.013406 0.0312953
1.65625 0.15064 0.202244 0.0144004 0.0324565
1.6875 0.157065 0.208947 0.0154412 0.0341935
1.71875 0.163697 0.215481 0.0165345 0.035685
1.75 0.17053 0.221848 0.0176685 0.0369199
1.78125 0.177564 0.228312 0.0188481 0.0387101
1.8125 0.184794 0.234285 0.0200944 0.0410913
1.84375 0.192202 0.239851 0.0214144 0.0433175
1.875 0.199791 0.245907 0.0228007 0.0454974
1.90625 0.207577 0.252432 0.0242688 0.0486333
1.9375 0.215568 0.259056 0.0258437 0.0520916
1.96875 0.223769 0.265787 0.0275196 0.0551841
2 0.232182 0.272726 0.029301 0.0589743
2.03125 0.240814 0.279663 0.0312058 0.0627719
2.0625 0.249655 0.286001 0.0332129 0.0656028
2.09375 0.258685 0.291924 0.0353097 0.0686785
2.125 0.2679 0.297808 0.0375002 0.0712295
2.15625 0.277291 0.303057 0.0397404 0.0719129
2.1875 0.286836 0.307849 0.0419934 0.0723915
2.21875 0.296535 0.312904 0.0442665 0.072922
2.25 0.30639 0.31777 0.0465323 0.0718084
2.28125 0.316393 0.322476 0.0487512 0.0703867
2.3125 0.326551 0.327678 0.0509456 0.0701399
2.34375 0.336875 0.333041 0.0531253 0.0690863
2.375 0.347366 0.338402 0.0552571 0.0675393
2.40625 0.358029 0.344162 0.057368 0.0678254
2.4375 0.368878 0.350109 0.0594936 0.06792
2.46875 0.37991 0.355942 0.0616008 0.0670295
2.5 0.391125 0.361831 0.0637029 0.0678261
2.53125 0.402525 0.36777 0.0658414 0.0687944
2.5625 0.414107 0.373431 0.0679916 0.0689257
2.59375 0.425861 0.378813 0.0701718 0.070974
2.625 0.437781 0.384001 0.0724286 0.0731088
2.65625 0.449855 0.388618 0.0747149 0.0729823
2.6875 0.462065 0.392818 0.0769945 0.073137
2.71875 0.474407 0.397073 0.0792925 0.073867
2.75 0.486878 0.400932 0.0816062 0.0742745
2.78125 0.499459 0.404219 0.0839495 0.0759784
2.8125 0.51214 0.407276 0.0863622 0.0783684
2.84375 0.524909 0.409847 0.0888431 0.0804829
2.875 0.537752 0.412095 0.0914092 0.0840936
2.90625 0.550665 0.414322 0.0941099 0.0886568
2.9375 0.563643 0.416258 0.096933 0.0917587
2.96875 0.576684 0.418483 0.0998471 0.0951508
3 0.589805 0.421282 0.102919 0.102003
3.03125 0.60301 0.423683 0.106237 0.110205
3.0625 0.616281 0.425711 0.109784 0.116412
3.09375 0.629619 0.427889 0.113492 0.12057
3.125 0.643022 0.429851 0.1173 0.12298
3.15625 0.656482 0.431603 0.12118 0.125526
3.1875 0.669999 0.433517 0.12515 0.12828
3.21875 0.68358 0.435758 0.12916 0.127819
3.25 0.697239 0.438451 0.133148 0.128215
3.28125 0.710985 0.44132 0.137221 0.132697
3.3125 0.724822 0.444313 0.141411 0.134685
3.34375 0.738759 0.447676 0.145619 0.134915
3.375 0.7528 0.450851 0.149871 0.137303
3.40625 0.766931 0.453498 0.154174 0.137413
3.4375 0.781143 0.456076 0.158433 0.135107
3.46875 0.795433 0.458337 0.162613 0.132113
3.5 0.809781 0.459877 0.166664 0.126884
3.53125 0.824173 0.461222 0.170548 0.121923
3.5625 0.838608 0.462531 0.174282 0.116643
3.59375 0.853077 0.463412 0.177821 0.11009
3.625 0.86757 0.464205 0.181206 0.107343
3.65625 0.882092 0.465221 0.184538 0.105316
3.6875 0.896643 0.465975 0.187748 0.0999117
3.71875 0.911212 0.466421 0.190817 0.0973949
3.75 0.925795 0.466902 0.193865 0.0976642
3.78125 0.940391 0.467153 0.196911 0.0974638
3.8125 0.954988 0.466981 0.199996 0.100666
3.84375 0.969574 0.466431 0.203216 0.10503
3.875 0.984132 0.465158 0.206524 0.106354
3.90625 0.998637 0.463021 0.209878 0.10895
3.9375 1.01307 0.460306 0.21337 0.114765
3.96875 1.0274 0.457073 0.217042 0.119827
4 1.04163 0.453174 0.220831 0.122367
4.03125 1.05572 0.448742 0.224691 0.124979
4.0625 1.06967 0.444129 0.228668 0.129933
4.09375 1.08347 0.439131 0.232826 0.136269
4.125 1.09711 0.433296 0.237184 0.142526
4.15625 1.11055 0.427045 0.241707 0.146242
4.1875 1.1238 0.420852 0.246282 0.146265
4.21875 1.13685 0.414628 0.250875 0.148683
4.25 1.14971 0.408588 0.255642 0.157042
4.28125 1.16239 0.402775 0.260685 0.165178
4.3125 1.17489 0.397008 0.26595 0.172146
4.34375 1.18721 0.391455 0.271496 0.18362
4.375 1.19935 0.385657 0.277433 0.195707
4.40625 1.2113 0.379226 0.283667 0.202467
4.4375 1.22305 0.372807 0.290072 0.20756
4.46875 1.2346 0.366254 0.296648 0.213322
4.5 1.24594 0.359089 0.303411 0.219899
4.53125 1.25705 0.352055 0.310422 0.229163
4.5625 1.26794 0.345316 0.31774 0.239261
4.59375 1.27863 0.338274 0.325409 0.252654
4.625 1.28909 0.331194 0.333608 0.272825
4.65625 1.29933 0.324235 0.342443 0.29171
4.6875 1.30935 0.316976 0.351805 0.30767
4.71875 1.31913 0.309364 0.361716 0.32702
4.75 1.32868 0.301486 0.372201 0.342454
4.78125 1.33797 0.293336 0.383027 0.349735
4.8125 1.34701 0.28499 0.394089 0.359288
4.84375 1.35579 0.276602 0.40552 0.372094
4.875 1.3643 0.268522 0.4173 0.381017
4.90625 1.37257 0.260866 0.429303 0.387019
4.9375 1.38061 0.253422 0.44148 0.392077
4.96875 1.38842 0.246393 0.453787 0.395237
5 1.39602 0.240125 0.466174 0.397576
5.03125 1.40343 0.234455 0.478632 0.399468
5.0625 1.41067 0.229197 0.491109 0.39829
5.09375 1.41776 0.224416 0.50346 0.391129
5.125 1.4247 0.219922 0.515515 0.380346
5.15625 1.4315 0.215381 0.527258 0.371625
5.1875 1.43816 0.210812 0.538715 0.360171
5.21875 1.44468 0.206202 0.549648 0.337865
5.25 1.45105 0.201457 0.559796 0.31212
5.28125 1.45727 0.197033 0.569204 0.290373
5.3125 1.46337 0.193106 0.577932 0.2677
5.34375 1.46934 0.189008 0.585926 0.244324
5.375 1.47518 0.184727 0.593231 0.223377
5.40625 1.48089 0.180764 0.599873 0.201301
5.4375 1.48648 0.176773 0.605814 0.17946
5.46875 1.49194 0.172544 0.611134 0.161558
5.5 1.49726 0.168584 0.61592 0.144781
5.53125 1.50248 0.164955 0.620212 0.131029
5.5625 1.50757 0.161359 0.624207 0.126131
5.59375 1.51256 0.157733 0.628145 0.125932
5.625 1.51743 0.15389 0.63206 0.124542
5.65625 1.52217 0.149588 0.635953 0.125271
5.6875 1.52677 0.144762 0.639912 0.127731
5.71875 1.53121 0.139223 0.643876 0.124926
5.75 1.53547 0.132972 0.647693 0.119701
5.78125 1.53952 0.126438 0.651381 0.116269
5.8125 1.54337 0.119662 0.654925 0.109964
5.84375 1.547 0.112517 0.658263 0.104618
5.875 1.5504 0.105486 0.661523 0.104308
5.90625 1.55359 0.0987511 0.664759 0.102312
5.9375 1.55657 0.0919463 0.66793 0.101418
5.96875 1.55934 0.0851533 0.67111 0.100979
6 1.5619 0.078456 0.674103 0.0882525
6.03125 1.56424 0.0716027 0.676564 0.0697367
6.0625 1.56637 0.0646763 0.678517 0.0554861
6.09375 1.56829 0.0579328 0.679972 0.0360474
6.125 1.56999 0.0514762 0.680705 0.0108392
6.15625 1.5715 0.0451494 0.680682 -0.0119074
6.1875 1.57282 0.0388076 0.679954 -0.0350758
6.21875 1.57393 0.0328532 0.678487 -0.0582326
6.25 1.57487 0.0272576 0.676364 -0.077212
6.28125 1.57564 0.0214813 0.673643 -0.0977593
6.3125 1.57622 0.0158746 0.67022 -0.121157
6.34375 1.57663 0.0105242 0.666125 -0.139614
6.375 1.57687 0.00470088 0.661563 -0.151616
6.40625 1.57692 -0.00158644 0.656663 -0.162347
6.4375 1.57677 -0.00843888 0.651365 -0.177764
6.46875 1.57638 -0.0162144 0.645528 -0.195244
6.5 1.57575 -0.024263 0.639231 -0.206812
6.53125 1.57487 -0.0323811 0.632601 -0.218352
6.5625 1.57372 -0.040949 0.625557 -0.231667
6.59375 1.57231 -0.0495365 0.618249 -0.233734
6.625 1.57063 -0.0580077 0.611006 -0.230554
6.65625 1.56868 -0.0666484 0.603763 -0.233537
6.6875 1.56646 -0.0753612 0.596459 -0.232448
6.71875 1.56397 -0.0842359 0.589274 -0.228133
6.75 1.5612 -0.093074 0.582113 -0.231079
6.78125 1.55815 -0.101544 0.574859 -0.231844
6.8125 1.55485 -0.110137 0.567683 -0.227444
6.84375 1.55127 -0.118854 0.560601 -0.226303
6.875 1.54742 -0.127268 0.553562 -0.223338
6.90625 1.54331 -0.136044 0.546655 -0.219541
6.9375 1.53891 -0.145576 0.539761 -0.222686
6.96875 1.53421 -0.155359 0.532725 -0.227456
7 1.5292 -0.165567 0.525513 -0.235598
7.03125 1.52385 -0.176468 0.51788 -0.254378
7.0625 1.51817 -0.18763 0.509593 -0.275369
7.09375 1.51213 -0.198857 0.500714 -0.292571
7.125 1.50574 -0.210107 0.491324 -0.307653
7.15625 1.499 -0.221061 0.481581 -0.313862
7.1875 1.49192 -0.231765 0.471802 -0.311649
7.21875 1.48451 -0.2425 0.462068 -0.312115
7.25 1.47677 -0.253209 0.452297 -0.31219
7.28125 1.46869 -0.263994 0.442642 -0.304677
7.3125 1.46026 -0.275078 0.433266 -0.29586
7.34375 1.45149 -0.286157 0.424118 -0.289776
7.375 1.44238 -0.297187 0.415182 -0.281237
7.40625 1.43292 -0.308552 0.406604 -0.266764
7.4375 1.4231 -0.319832 0.398557 -0.247676
7.46875 1.41293 -0.33072 0.391149 -0.226195
7.5 1.40242 -0.341796 0.384424 -0.204375
7.53125 1.39157 -0.352803 0.378364 -0.183531
7.5625 1.38038 -0.362984 0.372977 -0.160442
7.59375 1.36889 -0.372658 0.36839 -0.132466
7.625 1.35709 -0.382179 0.364705 -0.103673
7.65625 1.34501 -0.391329 0.36188 -0.0776708
7.6875 1.33264 -0.400202 0.359811 -0.0555984
7.71875 1.31999 -0.408914 0.358343 -0.0394504
7.75 1.30709 -0.417194 0.357272 -0.0302987
7.78125 1.29393 -0.424893 0.356387 -0.0269918
7.8125 1.28054 -0.431965 0.355575 -0.0247808
7.84375 1.26694 -0.438096 0.354841 -0.0226401
7.875 1.25317 -0.443129 0.354105 -0.0252884
7.90625 1.23925 -0.447439 0.353248 -0.0291073
7.9375 1.22521 -0.451166 0.352303 -0.0319293
7.96875 1.21106 -0.45403 0.351155 -0.0435853
8 1.19684 -0.456231 0.349497 -0.0626903
8.03125 1.18255 -0.458142 0.347264 -0.0799299
8.0625 1.16821 -0.459559 0.344472 -0.099839
8.09375 1.15383 -0.46031 0.340965 -0.124851
8.125 1.13944 -0.460759 0.336703 -0.146993
8.15625 1.12504 -0.461231 0.331828 -0.164471
8.1875 1.11062 -0.461557 0.326451 -0.179149
8.21875 1.09619 -0.461665 0.320665 -0.190764
8.25 1.08176 -0.462027 0.314526 -0.202549
8.28125 1.06731 -0.462754 0.307974 -0.217137
8.3125 1.05284 -0.463463 0.300949 -0.232329
8.34375 1.03834 -0.464141 0.293475 -0.245427
8.375 1.02383 -0.464697 0.285665 -0.253149
8.40625 1.00931 -0.464709 0.277744 -0.252469
8.4375 0.994793 -0.464105 0.269943 -0.246365
8.46875 0.980306 -0.462994 0.262361 -0.23847
8.5 0.96586 -0.461467 0.255088 -0.226045
8.53125 0.951468 -0.459605 0.248267 -0.210687
8.5625 0.937138 -0.457431 0.241876 -0.19912
8.59375 0.922878 -0.455232 0.235814 -0.188288
8.625 0.908686 -0.453055 0.230153 -0.173513
8.65625 0.894566 -0.450569 0.224965 -0.158939
8.6875 0.880526 -0.448012 0.220201 -0.146027
8.71875 0.866562 -0.445705 0.21583 -0.134174
8.75 0.852669 -0.443493 0.211764 -0.12706
8.78125 0.838844 -0.441229 0.207842 -0.124222
8.8125 0.825095 -0.438625 0.204004 -0.121208
8.84375 0.811434 -0.435713 0.200269 -0.118049
8.875 0.797863 -0.432813 0.196612 -0.11603
8.90625 0.784388 -0.429492 0.193024 -0.113444
8.9375 0.771024 -0.425782 0.189514 -0.11176
8.96875 0.757771 -0.422484 0.185986 -0.114888
9 0.744618 -0.419309 0.1823 -0.121375
9.03125 0.731566 -0.415982 0.178369 -0.131038
9.0625 0.718615 -0.413003 0.17405 -0.146038
9.09375 0.705755 -0.409933 0.169248 -0.160553
9.125 0.692999 -0.40644 0.164059 -0.171202
9.15625 0.68035 -0.403093 0.158548 -0.181481
9.1875 0.667807 -0.399547 0.152752 -0.188422
9.21875 0.655384 -0.395502 0.146824 -0.190606
9.25 0.643085 -0.391783 0.140846 -0.191874
9.28125 0.630896 -0.388256 0.134855 -0.1911
9.3125 0.618824 -0.38425 0.1289 -0.190586
9.34375 0.606878 -0.380424 0.122908 -0.193001
9.375 0.595042 -0.377083 0.11688 -0.191644
9.40625 0.583313 -0.373475 0.110979 -0.185746
9.4375 0.571702 -0.369652 0.105283 -0.17824
9.46875 0.560208 -0.365981 0.0999103 -0.164321
9.5 0.54883 -0.362231 0.0950484 -0.147264
9.53125 0.537569 -0.35846 0.0906442 -0.135551
9.5625 0.526424 -0.354851 0.086557 -0.125807
9.59375 0.515389 -0.351395 0.0827935 -0.115186
9.625 0.504461 -0.348045 0.0793365 -0.106277
9.65625 0.49364 -0.344405 0.076165 -0.0961594
9.6875 0.48294 -0.340364 0.0733503 -0.0840002
9.71875 0.47237 -0.336021 0.0708953 -0.0734409
9.75 0.461947 -0.330882 0.068756 -0.0633964
9.78125 0.451697 -0.325087 0.0669208 -0.0547176
9.8125 0.441628 -0.319283 0.0652792 -0.0511181
9.84375 0.431745 -0.313196 0.0637134 -0.0487604
9.875 0.422058 -0.306695 0.0622544 -0.0445742
9.90625 0.412576 -0.300161 0.0609033 -0.0424606
9.9375 0.403297 -0.293718 0.0595806 -0.0422282
9.96875 0.394215 -0.287657 0.0582573 -0.0429533
10 0.385315 -0.281992 0.056837 -0.0490544
10.0312 0.376588 -0.276576 0.0551458 -0.0593861
10.0625 0.368021 -0.271848 0.0531258 -0.070054
10.0938 0.359592 -0.267678 0.0507324 -0.083854
10.125 0.351292 -0.263505 0.0478692 -0.0988785
10.1562 0.343121 -0.259434 0.0446195 -0.107934
10.1875 0.335076 -0.255491 0.0411659 -0.11293
10.2188 0.327153 -0.251586 0.0375675 -0.116987
10.25 0.31935 -0.247825 0.033899 -0.117054
10.2812 0.311662 -0.244236 0.0302692 -0.115494
10.3125 0.304081 -0.241047 0.0266594 -0.1156
10.3438 0.296593 -0.238241 0.0230644 -0.11404
10.375 0.28919 -0.235559 0.0195376 -0.111974
10.4062 0.281867 -0.233123 0.0160544 -0.110569
10.4375 0.274619 -0.230781 0.0126949 -0.103034
10.4688 0.267444 -0.228422 0.00967317 -0.0901427
10.5 0.26034 -0.226276 0.00705196 -0.077616
10.5312 0.253304 -0.223916 0.00485187 -0.0624982
10.5625 0.246348 -0.22129 0.00315755 -0.0465353
10.5938 0.239468 -0.219125 0.00187751 -0.0363474
10.625 0.23265 -0.217182 0.000867319 -0.0279856
10.6562 0.225897 -0.215034 0.000154186 -0.0174644
10.6875 0.219208 -0.213162 -0.000225434 -0.00681248
10.7188 0.212571 -0.211568 -0.000255167 0.00525959
10.75 0.205989 -0.209619 0.000100562 0.0168748
10.7812 0.199473 -0.207415 0.000739346 0.0231546
10.8125 0.193022 -0.205486 0.00153053 0.0277187
10.8438 0.18663 -0.203567 0.00248246 0.0329067
10.875 0.180301 -0.201511 0.00353628 0.0335842
10.9062 0.174029 -0.200046 0.00455507 0.0318944
10.9375 0.167794 -0.198891 0.0055647 0.0330513
10.9688 0.161604 -0.19721 0.00659869 0.0322068
11 0.155469 -0.195493 0.00752209 0.0263747
11.0312 0.149384 -0.193877 0.00823659 0.0192094
11.0625 0.143357 -0.191844 0.00869035 0.0089879
11.0938 0.137396 -0.189634 0.00875727 -0.00481679
11.125 0.131507 -0.187168 0.00841805 -0.0162148
11.1562 0.125701 -0.184411 0.00776368 -0.025799
11.1875 0.119979 -0.18181 0.006798 -0.0356581
11.2188 0.114341 -0.178909 0.00559762 -0.0398652
11.25 0.1088 -0.175769 0.00435633 -0.0395737
11.2812 0.103349 -0.17323 0.00309548 -0.0415166
11.3125 0.0979707 -0.170983 0.00176869 -0.0429496
11.3438 0.0926607 -0.168941 0.000421987 -0.0435528
11.375 0.0874049 -0.167516 -0.000980067 -0.0462329
11.4062 0.0821895 -0.166255 -0.00243065 -0.0456775
11.4375 0.0770138 -0.165007 -0.00379915 -0.0418542
11.4688 0.0718769 -0.16369 -0.00504552 -0.0374318
11.5 0.0667896 -0.161798 -0.00607009 -0.0268724
11.5312 0.0617674 -0.159618 -0.0066888 -0.0130652
11.5625 0.0568154 -0.157223 -0.00693635 -0.00346483
11.5938 0.0519483 -0.154166 -0.00691571 0.0049613
11.625 0.0471833 -0.150783 -0.00662832 0.0129892
11.6562 0.042526 -0.147232 -0.00614256 0.0176595
11.6875 0.0379848 -0.143374 -0.00552161 0.022531
11.7188 0.0335649 -0.139502 -0.00470657 0.0298278
11.75 0.0292687 -0.135363 -0.00366389 0.0366498
11.7812 0.0251107 -0.130692 -0.00242742 0.0423728
11.8125 0.0211011 -0.125927 -0.00103264 0.0462866
11.8438 0.0172424 -0.120944 0.000409898 0.0451482
11.875 0.0135478 -0.115456 0.001765 0.0418182
11.9062 0.0100257 -0.110022 0.0030547 0.0410144
11.9375 0.00666739 -0.104944 0.00430869 0.0384762
11.9688 0.00346675 -0.0998805 0.00542527 0.0330152
12 0.000424555 -0.0948546 0.00640005 0.0297189
12.0312 -0.00246433 -0.090058 0.00725799 0.0240745
12.0625 -0.00520274 -0.0851405 0.00783444 0.0122226
12.0938 -0.00778217 -0.0799289 0.00802619 0.000381256
12.125 -0.0102014 -0.0749953 0.0078549 -0.0118313
12.1562 -0.0124746 -0.0705308 0.00726717 -0.0254295
12.1875 -0.0146085 -0.065996 0.0063319 -0.0331663
12.2188 -0.0165995 -0.0614921 0.00523321 -0.0373039
12.25 -0.0184586 -0.0576005 0.0039814 -0.0426613
12.2812 -0.0202018 -0.0539216 0.00262068 -0.0432718
12.3125 -0.0218247 -0.0499041 0.00131153 -0.0408355
12.3438 -0.0233226 -0.0460401 2.10455e-05 -0.0423474
12.375 -0.0247058 -0.0424859 -0.00132982 -0.0434946
12.4062 -0.0259751 -0.0386917 -0.00266437 -0.0417502
12.4375 -0.0271225 -0.0347538 -0.0039393 -0.0396296
12.4688 -0.0281469 -0.030763 -0.0050956 -0.0333273
12.5 -0.0290408 -0.0263797 -0.00597633 -0.0228992
12.5312 -0.0297941 -0.0218348 -0.006542 -0.0134853
12.5625 -0.0304047 -0.0172019 -0.00680004 -0.00238308
12.5938 -0.0308662 -0.0123303 -0.00667262 0.0100812
12.625 -0.0311795 -0.00783122 -0.00623835 0.0164901
12.6562 -0.0313608 -0.00378933 -0.0056804 0.0193318
12.6875 -0.0314151 0.000322744 -0.00500398 0.0242874
12.7188 -0.0313431 0.00421304 -0.00415945 0.029707
12.75 -0.0311549 0.00783652 -0.00313843 0.0359716
12.7812 -0.0308504 0.0117047 -0.00189904 0.0431697
12.8125 -0.030421 0.0158141 -0.000476553 0.0470947
12.8438 -0.0298576 0.0203589 0.00100443 0.0472628
12.875 -0.0291407 0.0256269 0.00245617 0.0452591
12.9062 -0.0282521 0.0312824 0.00380357 0.0405476
12.9375 -0.027182 0.0372881 0.00498313 0.0352262
12.9688 -0.0259162 0.0437808 0.00603575 0.0325262
13 -0.024445 0.0503527 0.00700764 0.0289734
13.0312 -0.0227705 0.0568135 0.00779093 0.0204728
13.0625 -0.0208927 0.0633981 0.00827615 0.0107696
13.0938 -0.018806 0.0701841 0.00846649 0.00104704
13.125 -0.0165046 0.0771228 0.00830178 -0.0121326
13.1562 -0.0139849 0.0841476 0.00770813 -0.0253072
13.1875 -0.0112459 0.0911205 0.00676585 -0.0343715
13.2188 -0.00829215 0.0978711 0.00558729 -0.0406408
13.25 -0.00513274 0.104272 0.004264 -0.043296
13.2812 -0.00177781 0.110428 0.00291638 -0.042773
13.3125 0.00176942 0.116607 0.00158431 -0.042573
13.3438 0.00550935 0.122704 0.000270177 -0.0410419
13.375 0.00943516 0.128524 -0.00096225 -0.0379785
13.4062 0.0135447 0.134582 -0.00212993 -0.0370351
13.4375 0.0178514 0.141056 -0.00325569 -0.0341188
13.4688 0.0223562 0.147145 -0.0042087 -0.0264196
13.5 0.0270457 0.153049 -0.00489963 -0.0176238
13.5312 0.0319293 0.159604 -0.00526978 -0.00510912
13.5625 0.037021 0.166187 -0.00518494 0.0102841
13.5938 0.0423122 0.172467 -0.00468091 0.0210663
13.625 0.0478057 0.179218 -0.0038844 0.0302993
13.6562 0.0535155 0.186166 -0.00276346 0.0413166
13.6875 0.0594378 0.192852 -0.00134855 0.0482728
13.7188 0.0655709 0.199717 0.000225963 0.0527995
13.75 0.071922 0.206762 0.00199542 0.0610579
13.7812 0.078495 0.213971 0.00404573 0.0697516
13.8125 0.0853 0.22161 0.00633207 0.0765223
13.8438 0.0923467 0.229367 0.00883317 0.083322
13.875 0.0996352 0.237117 0.0114807 0.0846424
13.9062 0.107168 0.245006 0.0140507 0.0795012
13.9375 0.114947 0.252754 0.0164744 0.0761715
13.9688 0.122961 0.260103 0.0188064 0.0723286
14 0.131197 0.266886 0.0209513 0.0648352
14.0312 0.139635 0.27307 0.0228887 0.0596685
14.0625 0.14826 0.278829 0.0246607 0.0525076
14.0938 0.157056 0.284027 0.0260822 0.0375342
14.125 0.166007 0.288837 0.0270009 0.0217073
14.1562 0.17511 0.293758 0.027457 0.00741395
14.1875 0.184367 0.298726 0.0274583 -0.00703323
14.2188 0.193781 0.303798 0.0270746 -0.0162603
14.25 0.203356 0.308989 0.0265014 -0.020021
14.2812 0.213088 0.313753 0.0258299 -0.0227418
14.3125 0.222963 0.318236 0.0251184 -0.0219926
14.3438 0.232978 0.32265 0.024478 -0.0193218
14.375 0.243123 0.326577 0.0238688 -0.0201301
14.4062 0.253387 0.330376 0.0232392 -0.0192138
14.4375 0.263772 0.334173 0.0227203 -0.0137256
14.4688 0.274266 0.337336 0.0223656 -0.00924991
14.5 0.284854 0.340297 0.0221665 -0.00241219
14.5312 0.295535 0.343245 0.0222856 0.0106871
14.5625 0.306298 0.34541 0.0228308 0.0237477
14.5938 0.317119 0.347171 0.0237541 0.0354191
14.625 0.327998 0.349135 0.0250466 0.0469411
14.6562 0.338938 0.350979 0.0266383 0.0540847
14.6875 0.349933 0.352683 0.0284105 0.0597201
14.7188 0.360982 0.354442 0.0304004 0.0676973
14.75 0.372088 0.356411 0.0326111 0.0731655
14.7812 0.383261 0.358666 0.0349733 0.078779
14.8125 0.394503 0.360819 0.0375912 0.0891744
14.8438 0.405814 0.36316 0.0405166 0.0969773
14.875 0.417209 0.366235 0.043597 0.0997824
14.9062 0.428703 0.369313 0.0467458 0.101499
14.9375 0.440287 0.372097 0.0498996 0.099445
14.9688 0.451963 0.375202 0.0529245 0.0941153
15 0.463737 0.378276 0.0558055 0.0907186
15.0312 0.475601 0.380967 0.0585969 0.0874576
15.0625 0.487549 0.383712 0.061224 0.0799107
15.0938 0.499582 0.386384 0.0635617 0.0695274
15.125 0.511695 0.388808 0.0655646 0.0585376
15.1562 0.523885 0.391403 0.067213 0.0470262
15.1875 0.536158 0.394077 0.068531 0.038067
15.2188 0.548511 0.396451 0.0696372 0.0332752
15.25 0.560936 0.398775 0.0706425 0.0317681
15.2812 0.573434 0.401073 0.0716843 0.0359341
15.3125 0.585996 0.402716 0.0729215 0.0431161
15.3438 0.598596 0.403597 0.0743494 0.0478629
15.375 0.611216 0.404036 0.0759109 0.0522415
15.4062 0.623843 0.403958 0.07761 0.0560742
15.4375 0.636461 0.403644 0.0793882 0.0576776
15.4688 0.649074 0.403625 0.0812498 0.0624426
15.5 0.661689 0.403723 0.0833444 0.0721004
15.5312 0.674308 0.403928 0.0857691 0.0832612
15.5625 0.686939 0.40451 0.0885744 0.0968711
15.5938 0.69959 0.405173 0.0918484 0.11263
15.625 0.712262 0.40582 0.0955832 0.125654
15.6562 0.724955 0.406582 0.0996625 0.135018
15.6875 0.737672 0.407225 0.104001 0.14219
15.7188 0.750407 0.407884 0.108514 0.146158
15.75 0.763166 0.408683 0.113134 0.150086
15.7812 0.775946 0.409115 0.117938 0.157762
15.8125 0.788731 0.409083 0.122977 0.163861
15.8438 0.801512 0.408926 0.128129 0.165588
15.875 0.814286 0.408527 0.133341 0.168377
15.9062 0.82704 0.407611 0.138645 0.170223
15.9375 0.839759 0.406385 0.143904 0.165211
15.9688 0.85244 0.405266 0.148937 0.156918
16 0.865086 0.403967 0.153723 0.149644
16.0312 0.877681 0.402062 0.15831 0.14445
16.0625 0.890215 0.400148 0.162791 0.142767
16.0938 0.902694 0.398557 0.167226 0.140417
16.125 0.915121 0.396698 0.171533 0.135149
16.1562 0.927486 0.394654 0.175697 0.131869
16.1875 0.93979 0.392815 0.179787 0.129813
16.2188 0.952036 0.390858 0.18383 0.130173
16.25 0.964215 0.388605 0.188042 0.141378
16.2812 0.976321 0.386115 0.192725 0.157945
16.3125 0.988344 0.383265 0.197856 0.16986
16.3438 1.00027 0.380071 0.203369 0.184206
16.375 1.01209 0.376545 0.209425 0.203317
16.4062 1.0238 0.372671 0.216019 0.217632
16.4375 1.03538 0.368608 0.223014 0.230769
16.4688 1.04684 0.364523 0.2305 0.24877
16.5 1.05817 0.360739 0.238555 0.266591
16.5312 1.06939 0.357461 0.247191 0.287307
16.5625 1.08051 0.354329 0.256584 0.314201
16.5938 1.09154 0.351183 0.266788 0.337594
16.625 1.10246 0.348197 0.277623 0.355419
16.6562 1.1133 0.345094 0.288974 0.370147
16.6875 1.12403 0.341813 0.300667 0.376606
16.7188 1.13466 0.338892 0.312448 0.377007
16.75 1.14521 0.336333 0.324215 0.375714
16.7812 1.15569 0.334061 0.335903 0.372221
16.8125 1.1661 0.332655 0.347522 0.372506
16.8438 1.17649 0.331947 0.359219 0.375652
16.875 1.18685 0.33131 0.37093 0.372725
16.9062 1.1972 0.331146 0.382477 0.3662
16.9375 1.20755 0.331498 0.393805 0.358121
16.9688 1.21792 0.33173 0.404811 0.345767
17 1.22829 0.332024 0.415411 0.332783
17.0312 1.23867 0.332347 0.425602 0.318946
17.0625 1.24905 0.33221 0.435318 0.302934
17.0938 1.25943 0.331842 0.444574 0.290223
17.125 1.26979 0.331062 0.453467 0.278245
17.1562 1.28011 0.329573 0.461894 0.260122
17.1875 1.29039 0.3281 0.46971 0.240595
17.2188 1.30062 0.326499 0.476973 0.224711
17.25 1.31078 0.324109 0.483771 0.210701
17.2812 1.32087 0.321651 0.490196 0.201813
17.3125 1.33089 0.319489 0.496463 0.20007
17.3438 1.34084 0.317021 0.502711 0.199646
17.375 1.3507 0.314406 0.508936 0.198744
17.4062 1.36049 0.312102 0.515126 0.197107
17.4375 1.37021 0.309975 0.521243 0.194706
17.4688 1.37986 0.307743 0.527355 0.197672
17.5 1.38944 0.305411 0.533632 0.203646
17.5312 1.39895 0.303105 0.540015 0.203811
17.5625 1.40839 0.300633 0.546361 0.20314
17.5938 1.41774 0.297812 0.552774 0.207724
17.625 1.427 0.294654 0.559303 0.208551
17.6562 1.43615 0.290875 0.565702 0.199797
17.6875 1.44517 0.286391 0.571761 0.18785
17.7188 1.45404 0.281619 0.577415 0.17306
17.75 1.46277 0.276736 0.582519 0.15323
17.7812 1.47134 0.271764 0.587034 0.13716
17.8125 1.47976 0.266834 0.591168 0.127999
17.8438 1.48802 0.261918 0.595026 0.118666
17.875 1.49612 0.256827 0.598607 0.111444
17.9062 1.50406 0.251282 0.602036 0.107751
17.9375 1.51182 0.245102 0.605237 0.0946671
17.9688 1.51938 0.238347 0.607841 0.0715486
18 1.52671 0.231047 0.609754 0.0520076
18.0312 1.53381 0.223352 0.611131 0.0361378
18.0625 1.54067 0.215525 0.612017 0.0210005
18.0938 1.54728 0.207442 0.612492 0.0102696
18.125 1.55363 0.19902 0.612696 0.00318456
18.1562 1.55972 0.190536 0.612714 -0.00174268
18.1875 1.56554 0.181881 0.612595 -0.00594099
18.2188 1.57108 0.172761 0.612342 -0.0100215
18.25 1.57633 0.163379 0.612004 -0.0108688
18.2812 1.58129 0.153862 0.611698 -0.00837798
18.3125 1.58595 0.143881 0.611487 -0.00508087
18.3438 1.59028 0.133356 0.611387 -0.00116512
18.375 1.59428 0.122673 0.611417 0.00283929
18.4062 1.59795 0.112004 0.611527 0.00334904
18.4375 1.60128 0.101207 0.61157 -0.00145217
18.4688 1.60427 0.0903702 0.611394 -0.0102236
18.5 1.60693 0.0797453 0.610931 -0.0188892
18.5312 1.60926 0.0694326 0.610266 -0.0229908
18.5625 1.61127 0.0593746 0.609487 -0.0277037
18.5938 1.61297 0.0494278 0.608477 -0.0374247
18.625 1.61436 0.0396929 0.607152 -0.0471106
18.6562 1.61546 0.0303771 0.605534 -0.0567022
18.6875 1.61626 0.0211088 0.603605 -0.0664347
18.7188 1.61677 0.0114312 0.601395 -0.0753596
18.75 1.61697 0.00156484 0.598827 -0.0903186
18.7812 1.61687 -0.0083843 0.595724 -0.107365
18.8125 1.61644 -0.0188582 0.592229 -0.11457
18.8438 1.61568 -0.0299518 0.588594 -0.118811
18.875 1.61457 -0.0415088 0.584746 -0.127827
18.9062 1.61308 -0.053914 0.580628 -0.135089
18.9375 1.61119 -0.0673299 0.576302 -0.142635
18.9688 1.60887 -0.0811476 0.571639 -0.156731
19 1.60611 -0.0952241 0.566494 -0.172043
19.0312 1.60291 -0.109682 0.560945 -0.181933
19.0625 1.59926 -0.123776 0.555201 -0.184332
19.0938 1.59518 -0.137234 0.549523 -0.177352
19.125 1.59068 -0.15063 0.544213 -0.161463
19.1562 1.58577 -0.163817 0.539432 -0.145444
19.1875 1.58045 -0.176756 0.535042 -0.136474
19.2188 1.57472 -0.189943 0.530898 -0.128097
19.25 1.56858 -0.203045 0.527068 -0.117209
19.2812 1.56203 -0.215814 0.523526 -0.110207
19.3125 1.55509 -0.228511 0.520188 -0.102304
19.3438 1.54776 -0.240756 0.517216 -0.0871706
19.375 1.54005 -0.252379 0.514707 -0.0748626
19.4062 1.53199 -0.263612 0.512465 -0.0687913
19.4375 1.52358 -0.274255 0.510457 -0.0586315
19.4688 1.51485 -0.284348 0.508819 -0.0470316
19.5 1.50581 -0.29397 0.507436 -0.0426026
19.5312 1.49648 -0.303031 0.506125 -0.0412715
19.5625 1.48687 -0.311971 0.504868 -0.0390283
19.5938 1.47699 -0.320729 0.503691 -0.0361876
19.625 1.46684 -0.328783 0.502597 -0.034535
19.6562 1.45644 -0.336561 0.501455 -0.0399256
19.6875 1.4458 -0.344257 0.500065 -0.0486278
19.7188 1.43493 -0.351237 0.498464 -0.053375
19.75 1.42386 -0.357561 0.496704 -0.0602189
19.7812 1.41259 -0.363626 0.494662 -0.0704081
19.8125 1.40113 -0.369285 0.492329 -0.078576
19.8438 1.38951 -0.374359 0.489751 -0.0864445
19.875 1.37774 -0.378812 0.486955 -0.0916442
19.9062 1.36584 -0.382809 0.484063 -0.0934964
19.9375 1.35382 -0.386683 0.481061 -0.0997744
19.9688 1.34168 -0.390385 0.477774 -0.111149
20 1.32942 -0.393759 0.474083 -0.125597
20.0312 1.31707 -0.396978 0.469898 -0.142216
20.0625 1.30461 -0.400026 0.465226 -0.156211
20.0938 1.29207 -0.40267 0.460146 -0.169133
20.125 1.27945 -0.405004 0.454647 -0.182463
20.1562 1.26676 -0.407212 0.448793 -0.191507
20.1875 1.254 -0.409229 0.442652 -0.203014
20.2188 1.24119 -0.410976 0.436002 -0.223596
20.25 1.22832 -0.412486 0.428692 -0.243116
20.2812 1.21541 -0.413615 0.420863 -0.257553
20.3125 1.20248 -0.413872 0.412613 -0.269724
20.3438 1.18955 -0.413069 0.404107 -0.272667
20.375 1.17667 -0.411626 0.39565 -0.268428
20.4062 1.16383 -0.409624 0.387289 -0.267393
20.4375 1.15107 -0.406967 0.378937 -0.266606
20.4688 1.1384 -0.404344 0.370639 -0.264858
20.5 1.1258 -0.40211 0.362343 -0.266467
20.5312 1.11326 -0.399863 0.354016 -0.265432
20.5625 1.1008 -0.397933 0.345792 -0.261142
20.5938 1.08839 -0.396614 0.337634 -0.262009
20.625 1.07601 -0.395361 0.329403 -0.263989
20.6562 1.06368 -0.394322 0.321209 -0.259393
20.6875 1.05136 -0.393736 0.313212 -0.252719
20.7188 1.03907 -0.392957 0.305386 -0.248463
20.75 1.0268 -0.392139 0.297684 -0.244221
20.7812 1.01455 -0.39185 0.290137 -0.23858
20.8125 1.00231 -0.391608 0.282783 -0.232002
20.8438 0.990081 -0.391214 0.275634 -0.225777
20.875 0.977857 -0.391215 0.268654 -0.221039
20.9062 0.965626 -0.391535 0.26183 -0.21528
20.9375 0.953388 -0.391647 0.255219 -0.207942
20.9688 0.941151 -0.391522 0.248787 -0.204872
21 0.928917 -0.391496 0.242349 -0.207737
21.0312 0.916682 -0.391545 0.235799 -0.211405
21.0625 0.904448 -0.391318 0.229127 -0.216008
21.0938 0.892228 -0.390685 0.222287 -0.221305
21.125 0.880034 -0.389723 0.215361 -0.220768
21.1562 0.867873 -0.388539 0.208518 -0.21757
21.1875 0.855753 -0.387097 0.201721 -0.217865
21.2188 0.843683 -0.385332 0.194901 -0.218449
21.25 0.831669 -0.383627 0.188058 -0.220035
21.2812 0.819705 -0.38206 0.181125 -0.2236
21.3125 0.807793 -0.380216 0.174113 -0.224533
21.3438 0.795942 -0.378307 0.167131 -0.221722
21.375 0.784149 -0.376388 0.160304 -0.214308
21.4062 0.772423 -0.374009 0.153773 -0.203598
21.4375 0.760774 -0.371539 0.147545 -0.195894
21.4688 0.749199 -0.369314 0.141489 -0.191918
21.5 0.737692 -0.367112 0.135547 -0.188419
21.5312 0.726252 -0.365093 0.129705 -0.185556
21.5625 0.714874 -0.36308 0.123965 -0.181089
21.5938 0.703563 -0.360786 0.118449 -0.171075
21.625 0.692325 -0.358415 0.113283 -0.160021
21.6562 0.681167 -0.355565 0.108415 -0.151734
21.6875 0.670108 -0.352215 0.103827 -0.141113
21.7188 0.65915 -0.349144 0.0996265 -0.127619
21.75 0.648286 -0.346074 0.0958447 -0.114553
21.7812 0.637522 -0.34289 0.0924564 -0.102685
21.8125 0.626848 -0.340439 0.089381 -0.0950678
21.8438 0.616239 -0.338555 0.0864718 -0.0913619
21.875 0.605685 -0.336953 0.0836775 -0.0872761
21.9062 0.595171 -0.336061 0.0810139 -0.0835373
21.9375 0.584678 -0.3355 0.0784271 -0.0824579
21.9688 0.574204 -0.334883 0.0758424 -0.0831443
22 0.563745 -0.334512 0.0732157 -0.0853573
22.0312 0.553297 -0.334062 0.070472 -0.0908961
22.0625 0.542872 -0.333097 0.0675016 -0.0994648
22.0938 0.53248 -0.332055 0.0642638 -0.107253
22.125 0.522116 -0.331217 0.0608394 -0.111318
22.1562 0.511782 -0.330049 0.0573245 -0.113633
22.1875 0.501495 -0.328275 0.0537363 -0.115853
22.2188 0.491265 -0.326483 0.050101 -0.11667
22.25 0.481087 -0.324899 0.0464252 -0.11924
22.2812 0.470962 -0.323011 0.0426186 -0.124351
22.3125 0.460901 -0.320967 0.0386849 -0.126742
22.3438 0.450898 -0.319253 0.0347298 -0.125901
22.375 0.440948 -0.317461 0.0308643 -0.120459
22.4062 0.43106 -0.315353 0.0272491 -0.110766
22.4375 0.421238 -0.313305 0.0239213 -0.10249
22.4688 0.411479 -0.311194 0.0208612 -0.0927175
22.5 0.401789 -0.309003 0.0181356 -0.0824182
22.5312 0.392162 -0.307204 0.0156451 -0.0775802
22.5625 0.382586 -0.30574 0.0133151 -0.0703271
22.5938 0.373051 -0.30457 0.0113102 -0.0577197
22.625 0.363545 -0.303796 0.00969675 -0.0456065
22.6562 0.354065 -0.30293 0.00848649 -0.0311908
22.6875 0.344613 -0.302021 0.00776014 -0.0157546
22.7188 0.335184 -0.30144 0.00745519 -0.00432971
22.75 0.325775 -0.300705 0.00748508 0.00649705
22.7812 0.31639 -0.300008 0.00786848 0.0178491
22.8125 0.307017 -0.299927 0.00857669 0.0270675
22.8438 0.297645 -0.299828 0.00953545 0.0337901
22.875 0.288281 -0.299519 0.0106446 0.0364212
22.9062 0.278923 -0.299349 0.011781 0.0362421
22.9375 0.269575 -0.298845 0.0129224 0.0369876
22.9688 0.26025 -0.297878 0.0140828 0.0367976
23 0.250962 -0.296514 0.0151871 0.0333744
23.0312 0.241725 -0.294504 0.0161416 0.0272595
23.0625 0.232557 -0.292244 0.0168582 0.0180754
23.0938 0.223462 -0.289824 0.0172451 0.0064252
23.125 0.214448 -0.287015 0.0172554 -0.00563434
23.1562 0.205521 -0.284379 0.0169147 -0.0156576
23.1875 0.196671 -0.282015 0.0163058 -0.0230358
23.2188 0.187896 -0.279604 0.0154776 -0.030076
23.25 0.179195 -0.277255 0.0144188 -0.0377853
23.2812 0.170571 -0.274576 0.013109 -0.0461552
23.3125 0.162039 -0.271435 0.0115374 -0.0541071
23.3438 0.153605 -0.268339 0.00976321 -0.0587359
23.375 0.145272 -0.264883 0.00790751 -0.0594226
23.4062 0.13706 -0.260559 0.00608975 -0.0562067
23.4375 0.12899 -0.255873 0.00443265 -0.0495105
23.4688 0.121069 -0.251054 0.00299132 -0.0431305
23.5 0.113307 -0.245565 0.00170792 -0.0393632
23.5312 0.105728 -0.239468 0.000523639 -0.0363384
23.5625 0.0983373 -0.233587 -0.00055226 -0.0323428
23.5938 0.0911266 -0.227855 -0.00148694 -0.0272167
23.625 0.0840997 -0.221859 -0.00222274 -0.019166
23.6562 0.0772559 -0.216266 -0.00264298 -0.00734834
23.6875 0.0705788 -0.211036 -0.00268688 0.00411816
23.7188 0.0640714 -0.205371 -0.00241076 0.0133425
23.75 0.0577426 -0.19974 -0.00185806 0.0218969
23.7812 0.0515843 -0.194389 -0.00106283 0.0285627
23.8125 0.045595 -0.188929 -8.9848e-05 0.0336938
23.8438 0.0397725 -0.183811 0.00104765 0.0390306
23.875 0.0341027 -0.179075 0.00232267 0.0418605
23.9062 0.0285798 -0.174418 0.00362286 0.0409527
23.9375 0.0231985 -0.170016 0.00487558 0.0392538
23.9688 0.0179556 -0.165457 0.00607096 0.0369914
24 0.0128611 -0.160583 0.00716677 0.0328206
24.0312 0.00791771 -0.155803 0.00810016 0.026397
24.0625 0.00312602 -0.150787 0.00876792 0.0154335
24.0938 -0.00150277 -0.145437 0.00902576 0.000952435
24.125 -0.00596444 -0.140122 0.00884912 -0.0117114
24.1562 -0.0102602 -0.1348 0.00831739 -0.0221546
24.1875 -0.014389 -0.129422 0.00747576 -0.0313334
24.2188 -0.0183467 -0.123817 0.0063957 -0.0371556
24.25 -0.0221252 -0.118003 0.00518001 -0.0405077
24.2812 -0.0257224 -0.112198 0.00385922 -0.0442176
24.3125 -0.0291321 -0.105888 0.00240583 -0.0488541
24.3438 -0.0323334 -0.0989427 0.000816591 -0.052427
24.375 -0.0353147 -0.0918351 -0.000831339 -0.0522909
24.4062 -0.0380704 -0.0844892 -0.00240492 -0.0477385
24.4375 -0.0405964 -0.0772527 -0.00378361 -0.0402546
24.4688 -0.0429035 -0.070436 -0.00492343 -0.0329218
24.5 -0.0449974 -0.0635515 -0.0058522 -0.0265554
24.5312 -0.0468791 -0.0570091 -0.00658531 -0.020592
24.5625 -0.0485686 -0.0511918 -0.00717 -0.0173654
24.5938 -0.0500783 -0.0453909 -0.00767503 -0.0143689
24.625 -0.0514061 -0.039652 -0.008007 -0.00595676
24.6562 -0.052561 -0.0343089 -0.00802426 0.00469089
24.6875 -0.053551 -0.0290449 -0.00772799 0.0142979
24.7188 -0.0543757 -0.0237156 -0.00711238 0.0253474
24.75 -0.0550299 -0.0180727 -0.00616103 0.0346828
24.7812 -0.0555013 -0.0120705 -0.00500853 0.0383025
24.8125 -0.0557839 -0.00598823 -0.00378147 0.0404174
24.8438 -0.0558706 0.00054443 -0.00247179 0.0433419
24.875 -0.0557473 0.00729093 -0.00108867 0.0448955
24.9062 -0.0554223 0.0134029 0.000322987 0.0452847
24.9375 -0.0549104 0.0194248 0.00171811 0.0433809
24.9688 -0.0542052 0.0256741 0.00299421 0.0378523
25 -0.053312 0.0313905 0.00407665 0.0315032
25.0312 -0.0522435 0.0370919 0.00496199 0.024937
25.0625 -0.0509868 0.0433876 0.00561348 0.0164015
25.0938 -0.0495346 0.0494584 0.00596711 0.00587056
25.125 -0.0478984 0.0552984 0.0059496 -0.00754264
25.1562 -0.0460742 0.0614925 0.00547809 -0.0224045
25.1875 -0.0440564 0.0675868 0.00460016 -0.0325984
25.2188 -0.0418521 0.0735107 0.00350564 -0.036836
25.25 -0.0394587 0.0797097 0.00230785 -0.0399046
25.2812 -0.0368693 0.0860143 0.0010133 -0.0427296
25.3125 -0.0340804 0.09256 -0.000347308 -0.0442337
25.3438 -0.0310789 0.0995878 -0.00175433 -0.0458815
25.375 -0.0278556 0.106699 -0.00320444 -0.0464709
25.4062 -0.0244081 0.114027 -0.00462008 -0.0434662
25.4375 -0.0207231 0.121864 -0.00588013 -0.0364963
25.4688 -0.0167928 0.129599 -0.00685918 -0.0256439
25.5 -0.012628 0.136895 -0.00747698 -0.014311
25.5312 -0.0082381 0.144053 -0.00780005 -0.00715201
25.5625 -0.00362567 0.151118 -0.00795173 -0.00255694
25.5938 0.00120525 0.158042 -0.00794124 0.00361774
25.625 0.00625108 0.164878 -0.00770998 0.0112797
25.6562 0.0115093 0.171632 -0.00722915 0.0197684
25.6875 0.0169771 0.178291 -0.00644458 0.0309938
25.7188 0.0226514 0.18484 -0.0052725 0.0439416
25.75 0.0285268 0.191114 -0.00372681 0.0542862
25.7812 0.0345895 0.196783 -0.00192389 0.0604662
25.8125 0.0408202 0.201934 1.91289e-05 0.063464
25.8438 0.0472088 0.206899 0.00202489 0.0647641
25.875 0.0537455 0.211303 0.0040611 0.0653978
25.9062 0.0604068 0.214932 0.0060928 0.0642118
25.9375 0.0671763 0.218289 0.00805216 0.0609704
25.9688 0.0740461 0.221269 0.00989238 0.0564994
26 0.0809988 0.223638 0.0115473 0.0486471
26.0312 0.0880234 0.225989 0.0128932 0.0371934
26.0625 0.0951273 0.228716 0.0138752 0.0258639
26.0938 0.102321 0.231715 0.0145116 0.0146308
26.125 0.109612 0.234957 0.0147683 0.00153224
26.1562 0.117009 0.238529 0.0146047 -0.0118493
26.1875 0.124523 0.242337 0.0140429 -0.0238016
26.2188 0.132152 0.24589 0.0131438 -0.0331383
26.25 0.139887 0.249119 0.0120159 -0.038373
26.2812 0.147724 0.252463 0.010773 -0.0410337
26.3125 0.155664 0.255624 0.00944546 -0.0441042
26.3438 0.163695 0.258325 0.00801454 -0.0472966
26.375 0.171811 0.261097 0.00650959 -0.048665
26.4062 0.180015 0.263953 0.00499217 -0.0481205
26.4375 0.188303 0.266435 0.00353629 -0.0442399
26.4688 0.196664 0.268657 0.00228041 -0.035534
26.5 0.205095 0.270915 0.00132291 -0.0259934
26.5312 0.213596 0.273095 0.000643246 -0.017479
26.5625 0.222159 0.274893 0.000234981 -0.00883889
26.5938 0.230774 0.276481 5.18113e-05 -0.00368624
26.625 0.239441 0.278205 -1.44167e-05 -5.78157e-05
26.6562 0.248163 0.280022 0.00011705 0.00973098
26.6875 0.256945 0.282105 0.000646837 0.024522
26.7188 0.265797 0.2844 0.00165299 0.0398036
26.75 0.274717 0.286425 0.00312721 0.0543464
26.7812 0.2837 0.288517 0.00503195 0.0672264
26.8125 0.29275 0.290674 0.00730381 0.0776143
26.8438 0.301858 0.292097 0.00983452 0.0834815
26.875 0.311004 0.293259 0.0124824 0.0857658
26.9062 0.320189 0.294605 0.0152005 0.0883401
26.9375 0.329412 0.295589 0.0180001 0.090606
26.9688 0.338664 0.296625 0.0208484 0.0914503
27 0.347954 0.297868 0.0236883 0.089536
27.0312 0.357277 0.298753 0.0263907 0.0828537
27.0625 0.366629 0.299868 0.0288713 0.0764337
27.0938 0.376022 0.301273 0.0311863 0.0714496
27.125 0.385454 0.302353 0.0332993 0.0633722
27.1562 0.394924 0.303827 0.0351598 0.0562717
27.1875 0.404448 0.305717 0.0368278 0.0500386
27.2188 0.414025 0.307095 0.0382525 0.0410787
27.25 0.423641 0.308417 0.0394399 0.0359885
27.2812 0.433304 0.309983 0.0405394 0.0343512
27.3125 0.443012 0.311283 0.0415794 0.0324384
27.3438 0.452761 0.312734 0.0425957 0.032785
27.375 0.462565 0.314838 0.0435939 0.0301381
27.4062 0.472443 0.317449 0.044461 0.0262027
27.4375 0.48241 0.320481 0.0453288 0.0308139
27.4688 0.492477 0.323886 0.0464272 0.039431
27.5 0.502657 0.32769 0.0477935 0.0484162
27.5312 0.512959 0.331599 0.0494885 0.0603424
27.5625 0.523377 0.335088 0.0515439 0.0704619
27.5938 0.533901 0.338451 0.0538553 0.0772362
27.625 0.544531 0.3418 0.0563739 0.0840905
27.6562 0.555255 0.344425 0.0591212 0.0920384
27.6875 0.566051 0.346474 0.0621622 0.103373
27.7188 0.57691 0.34854 0.0656268 0.118837
27.75 0.587832 0.350383 0.0696014 0.135516
27.7812 0.598805 0.35179 0.0740867 0.151203
27.8125 0.609815 0.352831 0.079012 0.163106
27.8438 0.620853 0.353519 0.084222 0.169615
27.875 0.631908 0.353995 0.0895953 0.174375
27.9062 0.642975 0.354278 0.0951305 0.179863
27.9375 0.654049 0.354452 0.100816 0.183477
27.9688 0.665131 0.354797 0.10657 0.184648
28 0.676227 0.35542 0.11237 0.186894
28.0312 0.687349 0.356434 0.11826 0.189756
28.0625 0.698506 0.357662 0.12418 0.188191
28.0938 0.7097 0.358704 0.129987 0.183434
28.125 0.720926 0.359824 0.135664 0.180139
28.1562 0.732191 0.361067 0.14124 0.176355
28.1875 0.743489 0.36199 0.146668 0.171072
28.2188 0.754815 0.362936 0.151946 0.166903
28.25 0.766176 0.364141 0.1571 0.162834
28.2812 0.777572 0.365169 0.16213 0.159644
28.3125 0.788999 0.366165 0.167129 0.161133
28.3438 0.800459 0.367337 0.172226 0.164933
28.375 0.811958 0.368567 0.177425 0.167797
28.4062 0.823499 0.370158 0.182732 0.172303
28.4375 0.835097 0.372163 0.188198 0.177222
28.4688 0.84676 0.374292 0.193799 0.181692
28.5 0.858493 0.376667 0.199628 0.192835
28.5312 0.870303 0.379137 0.205902 0.20855
28.5625 0.882185 0.381234 0.212611 0.219859
28.5938 0.894128 0.383145 0.219606 0.2275
28.625 0.906133 0.385179 0.226807 0.232899
28.6562 0.9182 0.387054 0.234149 0.237229
28.6875 0.930323 0.38886 0.241682 0.245874
28.7188 0.94251 0.391204 0.249564 0.259117
28.75 0.954776 0.393798 0.257898 0.274578
28.7812 0.967119 0.396139 0.26674 0.291294
28.8125 0.979539 0.398863 0.276078 0.305521
28.8438 0.992052 0.401963 0.285773 0.313994
28.875 1.00465 0.404354 0.295661 0.318453
28.9062 1.01732 0.406174 0.305659 0.321049
28.9375 1.03004 0.40796 0.315684 0.319668
28.9688 1.04281 0.409297 0.325602 0.314963
29 1.05562 0.410225 0.335376 0.310508
29.0312 1.06845 0.411076 0.344957 0.301166
29.0625 1.08131 0.411771 0.354109 0.283851
29.0938 1.09419 0.412493 0.36271 0.267253
29.125 1.10709 0.413191 0.370822 0.251257
29.1562 1.12001 0.413578 0.378346 0.229428
29.1875 1.13294 0.413957 0.385154 0.206672
29.2188 1.14588 0.414507 0.391288 0.186027
29.25 1.15884 0.415201 0.396787 0.166312
29.2812 1.17183 0.416267 0.401722 0.150159
29.3125 1.18486 0.417544 0.406204 0.137168
29.3438 1.19793 0.418827 0.410336 0.12821
29.375 1.21104 0.420175 0.414263 0.123243
29.4062 1.22419 0.421138 0.418017 0.116558
29.4375 1.23735 0.42146 0.421543 0.109535
29.4688 1.25053 0.421487 0.424893 0.105017
29.5 1.26369 0.420965 0.428092 0.0993704
29.5312 1.27683 0.41947 0.431117 0.0951185
29.5625 1.2899 0.417256 0.434101 0.0965465
29.5938 1.3029 0.414336 0.437147 0.0977081
29.625 1.31579 0.410476 0.440172 0.0958524
29.6562 1.32855 0.405979 0.443165 0.0962453
29.6875 1.34116 0.401113 0.446198 0.0978397
29.7188 1.35361 0.39585 0.449315 0.103188
29.75 1.36589 0.390295 0.452781 0.120481
29.7812 1.378 0.384398 0.456883 0.141358
29.8125 1.38991 0.377954 0.461547 0.15638
29.8438 1.40162 0.37098 0.466637 0.168964
29.875 1.41309 0.3634 0.472038 0.175049
29.9062 1.42432 0.35516 0.477499 0.174248
29.9375 1.43529 0.346524 0.482963 0.175948
29.9688 1.44598 0.337504 0.488466 0.174878
30 1.45638 0.32804 0.493832 0.168619
30.0312 1.46648 0.318654 0.499059 0.166671
30.0625 1.4763 0.309616 0.504227 0.162793
30.0938 1.48583 0.300474 0.509167 0.15324
30.125 1.49507 0.291003 0.513846 0.146813
30.1562 1.50402 0.281416 0.518321 0.138505
30.1875 1.51266 0.271702 0.522449 0.125645
30.2188 1.52099 0.261432 0.526212 0.115682
30.25 1.52899 0.250552 0.529642 0.102371
30.2812 1.53665 0.239742 0.532535 0.0826933
30.3125 1.54398 0.229092 0.534899 0.0708306
30.3438 1.55097 0.21817 0.53707 0.068758
30.375 1.55762 0.207339 0.539172 0.0650548
30.4062 1.56393 0.19667 0.541122 0.0600358
30.4375 1.5699 0.185658 0.542953 0.0574174
30.4688 1.57553 0.174669 0.544707 0.0546975
30.5 1.58082 0.163923 0.546385 0.0533448
30.5312 1.58578 0.153021 0.548096 0.0571552
30.5625 1.59039 0.142294 0.55002 0.0667715
30.5938 1.59467 0.131832 0.552289 0.0783022
30.625 1.59862 0.120958 0.5549 0.0889661
30.6562 1.60223 0.109725 0.557892 0.103358
30.6875 1.60548 0.098369 0.561377 0.119034
30.7188 1.60837 0.086514 0.565264 0.128978
30.75 1.61088 0.0741569 0.569449 0.139772
30.7812 1.613 0.0615524 0.574038 0.153642
30.8125 1.61472 0.0485882 0.578977 0.160875
30.8438 1.61604 0.0352978 0.584025 0.161654
30.875 1.61693 0.0218613 0.589043 0.158468
30.9062 1.6174 0.00838814 0.59383 0.146215
30.9375 1.61746 -0.00475157 0.598128 0.12912
30.9688 1.61711 -0.0173185 0.601967 0.117904
31 1.61638 -0.0294101 0.605541 0.110663
31.0312 1.61528 -0.0408938 0.608838 0.0994874
31.0625 1.61383 -0.0517724 0.61172 0.0846558
31.0938 1.61205 -0.0624161 0.614116 0.0683733
31.125 1.60993 -0.0728446 0.615974 0.0503702
31.1562 1.6075 -0.0830664 0.617258 0.0316061
31.1875 1.60474 -0.0935338 0.617921 0.010094
31.2188 1.60165 -0.104278 0.61786 -0.0137659
31.25 1.59822 -0.114827 0.617126 -0.0318086
31.2812 1.59447 -0.125081 0.615925 -0.0450484
31.3125 1.59041 -0.135184 0.614292 -0.05923
31.3438 1.58603 -0.145035 0.612306 -0.0655791
31.375 1.58135 -0.154498 0.610333 -0.0592658
31.4062 1.57637 -0.163652 0.608628 -0.0501058
31.4375 1.57112 -0.172823 0.607187 -0.0420791
31.4688 1.56557 -0.182276 0.605994 -0.0348297
31.5 1.55972 -0.191712 0.604943 -0.0336389
31.5312 1.55359 -0.200737 0.603872 -0.0338944
31.5625 1.54718 -0.209504 0.602942 -0.0238167
31.5938 1.5405 -0.217999 0.602413 -0.0109827
31.625 1.53356 -0.225735 0.602183 -0.00419716
31.6562 1.5264 -0.232801 0.602178 0.00459189
31.6875 1.51902 -0.239672 0.602455 0.011834
31.7188 1.51142 -0.24607 0.602839 0.0123605
31.75 1.50365 -0.251681 0.603264 0.0157001
31.7812 1.4957 -0.256843 0.60382 0.0187823
31.8125 1.4876 -0.261473 0.604349 0.0139765
31.8438 1.47937 -0.265318 0.604656 0.00522066
31.875 1.47102 -0.268882 0.604629 -0.00806383
31.9062 1.46256 -0.272286 0.604076 -0.0284333
31.9375 1.45401 -0.275217 0.602796 -0.0542655
31.9688 1.44536 -0.278078 0.600644 -0.0837808
32 1.43663 -0.280969 0.597554 -0.114039
32.0312 1.42781 -0.283435 0.59349 -0.146876
32.0625 1.41891 -0.285744 0.588325 -0.184136
32.0938 1.40994 -0.288184 0.581982 -0.221795
32.125 1.4009 -0.290457 0.574434 -0.262085
32.1562 1.39179 -0.292472 0.565579 -0.303945
32.1875 1.38263 -0.294264 0.555548 -0.335782
32.2188 1.37341 -0.295789 0.544696 -0.358041
32.25 1.36414 -0.296965 0.533177 -0.379089
32.2812 1.35485 -0.297781 0.521048 -0.395751
32.3125 1.34553 -0.29853 0.508552 -0.402232
32.3438 1.33619 -0.299197 0.495993 -0.400667
32.375 1.32683 -0.299775 0.483546 -0.395517
32.4062 1.31745 -0.300968 0.4713 -0.387719
32.4375 1.30801 -0.302901 0.459353 -0.376309
32.4688 1.29851 -0.305202 0.447797 -0.363505
32.5 1.28893 -0.308108 0.436588 -0.35489
32.5312 1.27925 -0.311545 0.425564 -0.350921
32.5625 1.26946 -0.315164 0.414685 -0.344252
32.5938 1.25955 -0.318792 0.404133 -0.329729
32.625 1.24954 -0.321942 0.394138 -0.309428
32.6562 1.23944 -0.324844 0.384805 -0.287962
32.6875 1.22923 -0.328069 0.376125 -0.267944
32.7188 1.21893 -0.33111 0.368019 -0.251819
32.75 1.20854 -0.333966 0.360321 -0.241608
32.7812 1.19805 -0.337253 0.352916 -0.231712
32.8125 1.18746 -0.340478 0.345872 -0.219306
32.8438 1.17678 -0.343255 0.339124 -0.214565
32.875 1.16601 -0.345915 0.332369 -0.218234
32.9062 1.15516 -0.34843 0.325501 -0.221117
32.9375 1.14424 -0.350889 0.318503 -0.228149
32.9688 1.13323 -0.3534 0.311186 -0.239902
33 1.12215 -0.355767 0.303573 -0.246453
33.0312 1.11099 -0.35825 0.295761 -0.25496
33.0625 1.09976 -0.360863 0.287563 -0.26994
33.0938 1.08844 -0.363207 0.278933 -0.281503
33.125 1.07706 -0.365692 0.269974 -0.292493
33.1562 1.06558 -0.368549 0.260633 -0.304797
33.1875 1.05402 -0.371331 0.251001 -0.310352
33.2188 1.04237 -0.374307 0.241277 -0.311827
33.25 1.03062 -0.377607 0.231531 -0.311012
33.2812 1.01878 -0.380628 0.221921 -0.302907
33.3125 1.00684 -0.383634 0.212623 -0.292501
33.3438 0.994795 -0.386999 0.203616 -0.283767
33.375 0.982651 -0.390069 0.194951 -0.26927
33.4062 0.970419 -0.392785 0.18686 -0.248063
33.4375 0.958101 -0.395604 0.179448 -0.226488
33.4688 0.945698 -0.398069 0.172699 -0.205569
33.5 0.933228 -0.399966 0.166578 -0.186742
33.5312 0.920701 -0.401711 0.161008 -0.169493
33.5625 0.908126 -0.402959 0.156018 -0.149476
33.5938 0.895525 -0.40339 0.151648 -0.13101
33.625 0.882916 -0.403609 0.147806 -0.114291
33.6562 0.8703 -0.403796 0.144584 -0.0907677
33.6875 0.857683 -0.403605 0.142129 -0.0678461
33.7188 0.845075 -0.403386 0.140219 -0.0560831
33.75 0.832465 -0.403723 0.138569 -0.0498975
33.7812 0.819837 -0.404517 0.137054 -0.0483168
33.8125 0.807182 -0.40537 0.135469 -0.053844
33.8438 0.794503 -0.406126 0.133693 -0.0593233
33.875 0.781801 -0.406744 0.131767 -0.0645883
33.9062 0.769085 -0.407019 0.129597 -0.0751585
33.9375 0.756368 -0.406726 0.127041 -0.0885809
33.9688 0.743669 -0.405981 0.124049 -0.10314
34 0.730995 -0.405201 0.120593 -0.117681
34.0312 0.718343 -0.404533 0.116735 -0.128673
34.0625 0.705713 -0.403719 0.112545 -0.140179
34.0938 0.693112 -0.402765 0.107923 -0.156033
34.125 0.680538 -0.40197 0.102808 -0.170736
34.1562 0.667988 -0.40123 0.0972809 -0.182897
34.1875 0.655463 -0.400346 0.0913792 -0.194318
34.2188 0.642965 -0.399607 0.0852189 -0.198021
34.25 0.630484 -0.399218 0.0791041 -0.192559
34.2812 0.618013 -0.398921 0.0731786 -0.18706
34.3125 0.605552 -0.398579 0.0674269 -0.180003
34.3438 0.5931 -0.398368 0.0620107 -0.16568
34.375 0.580653 -0.398249 0.0570814 -0.15015
34.4062 0.56821 -0.398075 0.0526259 -0.134282
34.4375 0.555772 -0.398013 0.0487624 -0.111933
34.4688 0.543333 -0.39804 0.0456478 -0.0878365
34.5 0.530898 -0.39781 0.0432388 -0.0666197
34.5312 0.518472 -0.397447 0.0414774 -0.0464039
34.5625 0.506056 -0.397125 0.04029 -0.0306185
34.5938 0.493655 -0.396526 0.0395303 -0.0177114
34.625 0.481277 -0.395567 0.0392351 -0.000401987
34.6562 0.468934 -0.394365 0.0395078 0.0171779
34.6875 0.456633 -0.392853 0.0402594 0.0304663
34.7188 0.444384 -0.391062 0.0414089 0.043117
34.75 0.432194 -0.388981 0.0429228 0.052619
34.7812 0.420076 -0.386569 0.0446078 0.0539268
34.8125 0.408037 -0.383849 0.0462471 0.0507766
34.8438 0.396089 -0.380744 0.0477752 0.0467514
34.875 0.384243 -0.377426 0.0491371 0.0398501
34.9062 0.372504 -0.373758 0.0502453 0.0309635
34.9375 0.360893 -0.369212 0.0510568 0.0203349
34.9688 0.34943 -0.364458 0.0514571 0.00441043
35 0.338109 -0.360143 0.0513155 -0.0131368
35.0312 0.326924 -0.355578 0.0506596 -0.0288523
35.0625 0.315884 -0.351168 0.049484 -0.0469022
35.0938 0.304964 -0.347808 0.0477258 -0.0651747
35.125 0.294144 -0.344611 0.0454338 -0.0816135
35.1562 0.28343 -0.341097 0.0425954 -0.100391
35.1875 0.272824 -0.337692 0.039188 -0.116401
35.2188 0.262328 -0.333912 0.0354093 -0.124403
35.25 0.25196 -0.329627 0.0314427 -0.129163
35.2812 0.241728 -0.325156 0.0273854 -0.129154
35.3125 0.231643 -0.320187 0.0234546 -0.121619
35.3438 0.221719 -0.314977 0.0197832 -0.113844
35.375 0.211957 -0.309779 0.0163296 -0.106663
35.4062 0.202364 -0.304019 0.0131779 -0.0940906
35.4375 0.192958 -0.297986 0.0104762 -0.0788461
35.4688 0.183737 -0.292193 0.00825155 -0.0631778
35.5 0.174699 -0.286205 0.00656139 -0.0446556
35.5312 0.165851 -0.28007 0.00544189 -0.0278424
35.5625 0.157192 -0.274087 0.00477093 -0.0154691
35.5938 0.148722 -0.267949 0.00448001 -0.00297671
35.625 0.140447 -0.261688 0.00457185 0.00830225
35.6562 0.132366 -0.255504 0.00497932 0.0180952
35.6875 0.124479 -0.24923 0.00575558 0.0323939
35.7188 0.116791 -0.242796 0.00699936 0.0461448
35.75 0.109306 -0.236184 0.0085553 0.0524648
35.7812 0.102029 -0.229541 0.0102617 0.0567974
35.8125 0.0949588 -0.222965 0.0120766 0.0581936
35.8438 0.0880973 -0.216109 0.0138176 0.0523983
35.875 0.0814539 -0.209083 0.0153491 0.0460342
35.9062 0.0750278 -0.202194 0.0167009 0.0400095
35.9375 0.0688189 -0.195121 0.0178033 0.0299136
35.9688 0.062834 -0.187931 0.018549 0.017549
36 0.057072 -0.180823 0.0188676 0.00209304
36.0312 0.0515355 -0.173479 0.0186472 -0.0161699
36.0625 0.0462283 -0.166272 0.0178961 -0.0309842
36.0938 0.0411367 -0.159662 0.0167487 -0.0423688
36.125 0.0362481 -0.1532 0.0152298 -0.0551829
36.1562 0.0315613 -0.146801 0.0133008 -0.0678507
36.1875 0.0270689 -0.140769 0.0110194 -0.0779167
36.2188 0.022762 -0.134849 0.0084286 -0.0878671
36.25 0.0186441 -0.128633 0.00557556 -0.0930877
36.2812 0.0147249 -0.122206 0.00272674 -0.0879228
36.3125 0.0110017 -0.116197 9.12851e-05 -0.0813965
36.3438 0.00745589 -0.110796 -0.00238296 -0.0764698
36.375 0.00407544 -0.105579 -0.00462219 -0.0659544
36.4062 0.000851717 -0.100889 -0.0065067 -0.0553905
36.4375 -0.00223939 -0.0970318 -0.00810951 -0.0467039
36.4688 -0.00521291 -0.0932176 -0.00935355 -0.0318055
36.5 -0.00806291 -0.0891835 -0.0100814 -0.0152982
36.5312 -0.0107884 -0.0852607 -0.0103403 -0.00127651
36.5625 -0.0133896 -0.0811432 -0.0101442 0.0138109
36.5938 -0.0158551 -0.0765878 -0.00952692 0.0243946
36.625 -0.0181728 -0.0716844 -0.00866945 0.0306755
36.6562 -0.0203306 -0.0663298 -0.00755421 0.0415582
36.6875 -0.022314 -0.0605545 -0.00607035 0.052695
36.7188 -0.0241134 -0.0545853 -0.00429875 0.0606867
36.75 -0.0257239 -0.0484552 -0.00224956 0.0707317
36.7812 -0.0271397 -0.0421319 8.13022e-05 0.0769214
36.8125 -0.0283575 -0.0358315 0.00245874 0.0741641
36.8438 -0.0293806 -0.0296604 0.00469423 0.068927
36.875 -0.0302112 -0.0235036 0.00675407 0.0623389
36.9062 -0.0308525 -0.0176126 0.00854948 0.0521151
36.9375 -0.0313148 -0.0119675 0.0100052 0.041152
36.9688 -0.031598 -0.00613279 0.0111158 0.0294773
37 -0.0317009 -0.000554696 0.0118039 0.0138861
37.0312 -0.0316377 0.00459438 0.0119658 -0.00339805
37.0625 -0.0314096 0.0100773 0.0116042 -0.0197361
37.0938 -0.0310076 0.015577 0.0107191 -0.0370269
37.125 -0.0304407 0.0206891 0.009321 -0.0513292
37.1562 -0.0297125 0.0259482 0.00757959 -0.0596453
37.1875 -0.0288207 0.0310482 0.00556817 -0.0699122
37.2188 -0.0277754 0.0358672 0.00319645 -0.0810919
37.25 -0.0265743 0.0410696 0.000588316 -0.0844508
37.2812 -0.0252084 0.0462955 -0.00203721 -0.0833917
37.3125 -0.0236831 0.051349 -0.00459792 -0.0794884
37.3438 -0.0219951 0.0567318 -0.00692003 -0.0679738
37.375 -0.0201384 0.0620203 -0.0088277 -0.0546241
37.4062 -0.018125 0.0667444 -0.0103721 -0.0444246
37.4375 -0.0159712 0.0710435 -0.0115828 -0.0324954
37.4688 -0.0136874 0.0751113 -0.0123871 -0.0190861
37.5 -0.0112757 0.0792544 -0.0127783 -0.00560564
37.5312 -0.00873472 0.0833279 -0.0126967 0.0113604
37.5625 -0.00606874 0.0873434 -0.0120785 0.0273468
37.5938 -0.00326912 0.0919404 -0.0110449 0.0383222
37.625 -0.000321171 0.0966469 -0.0096803 0.0491923
37.6562 0.00276412 0.100733 -0.00799026 0.0581184
37.6875 0.0059748 0.1048 -0.00609377 0.0631823
37.7188 0.009315 0.108915 -0.0039971 0.0720042
37.75 0.0127755 0.112455 -0.00157358 0.082415
37.7812 0.0163404 0.115697 0.00107271 0.0856415
37.8125 0.0200066 0.118922 0.0037315 0.0841885
37.8438 0.0237709 0.121968 0.00630268 0.0793993
37.875 0.0276299 0.125041 0.00861979 0.0679541
37.9062 0.0315884 0.128336 0.0105329 0.0547453
37.9375 0.0356523 0.131771 0.0120519 0.0422351
37.9688 0.0398255 0.135337 0.0131414 0.0270934
38 0.0441123 0.13904 0.013745 0.0117674
38.0312 0.0485168 0.142868 0.0138734 -0.00409044
38.0625 0.0530415 0.146685 0.0134437 -0.0238911
38.0938 0.0576815 0.150212 0.0123925 -0.0425806
38.125 0.0624263 0.15341 0.010838 -0.0562971
38.1562 0.0672669 0.156332 0.0088846 -0.0687922
38.1875 0.0721928 0.158845 0.00654967 -0.0800015
38.2188 0.0771894 0.160854 0.00394329 -0.0859643
38.25 0.08224 0.16228 0.00119198 -0.0904294
38.2812 0.0873267 0.163227 -0.00171498 -0.0948935
38.3125 0.0924412 0.164106 -0.00463178 -0.0896489
38.3438 0.0975821 0.164859 -0.00723064 -0.0763671
38.375 0.102742 0.165338 -0.00941801 -0.063644
38.4062 0.107918 0.166018 -0.0111738 -0.0480347
38.4375 0.113119 0.166816 -0.0124216 -0.0326377
38.4688 0.118341 0.167346 -0.0132596 -0.0209312
38.5 0.12358 0.168023 -0.0136706 -0.00422753
38.5312 0.128844 0.168881 -0.0135051 0.0142013
38.5625 0.134136 0.169876 -0.0128239 0.0293786
38.5938 0.139471 0.171695 -0.0116292 0.0477014
38.625 0.144872 0.174007 -0.00986317 0.0640278
38.6562 0.150345 0.176234 -0.00771138 0.0730298
38.6875 0.155893 0.178986 -0.0052825 0.0831074
38.7188 0.161533 0.181924 -0.00250395 0.0942323
38.75 0.167255 0.184197 0.00056132 0.101469
38.7812 0.173046 0.186489 0.00383849 0.108446
38.8125 0.178917 0.189263 0.00731746 0.113123
38.8438 0.184874 0.192011 0.0108165 0.109437
38.875 0.190917 0.194791 0.0141046 0.100644
38.9062 0.197054 0.197999 0.0170898 0.090014
38.9375 0.203297 0.201631 0.0197031 0.076989
38.9688 0.209657 0.205417 0.0219111 0.0647626
39 0.216135 0.209214 0.0237673 0.0538242
39.0312 0.222734 0.213122 0.0252318 0.0390637
39.0625 0.229455 0.216991 0.0261869 0.0223796
39.0938 0.236293 0.220606 0.0266669 0.00866879
39.125 0.243243 0.224164 0.0267093 -0.00661413
39.1562 0.250304 0.227755 0.0262485 -0.0219573
39.1875 0.257476 0.231204 0.0254331 -0.0288615
39.2188 0.264754 0.23464 0.0244671 -0.0334662
39.25 0.272145 0.238437 0.0233212 -0.0393755
39.2812 0.27966 0.242537 0.0220829 -0.0385386
39.3125 0.287302 0.246597 0.0209572 -0.0333209
39.3438 0.295074 0.250816 0.0200269 -0.0251539
39.375 0.302982 0.255367 0.0194755 -0.00889614
39.4062 0.311034 0.259907 0.0194994 0.0101978
39.4375 0.319227 0.264465 0.0200943 0.0278315
39.4688 0.327562 0.268969 0.0212453 0.0457653
39.5 0.336032 0.273034 0.0229266 0.0612266
39.5312 0.344625 0.276928 0.0250607 0.0758667
39.5625 0.353338 0.280587 0.0277269 0.095602
39.5938 0.362155 0.283672 0.0310382 0.115483
39.625 0.371069 0.286877 0.0348719 0.12896
39.6562 0.38009 0.290462 0.0390815 0.140617
39.6875 0.389222 0.294014 0.0436551 0.151461
39.7188 0.398468 0.297803 0.0484914 0.157401
39.75 0.407837 0.301754 0.0534957 0.163491
39.7812 0.417326 0.305599 0.058738 0.171866
39.8125 0.426939 0.309696 0.0641899 0.176049
39.8438 0.436684 0.313937 0.0696922 0.175539
39.875 0.446562 0.318325 0.0751166 0.170566
39.9062 0.456587 0.323407 0.0802786 0.158907
39.9375 0.466779 0.328892 0.0850388 0.146251
39.9688 0.477141 0.334247 0.0894521 0.136319
40 0.487669 0.339537 0.0935366 0.124601
40.0312 0.498362 0.344816 0.0972347 0.112472
40.0625 0.509217 0.349819 0.10059 0.102212
40.0938 0.520217 0.354074 0.10358 0.0881561
40.125 0.531341 0.357809 0.106074 0.0719429
40.1562 0.542582 0.361615 0.108139 0.0612409
40.1875 0.553938 0.365034 0.109936 0.053907
40.2188 0.565392 0.368028 0.111522 0.0482892
40.25 0.576944 0.371426 0.113027 0.0491841
40.2812 0.588605 0.374806 0.114633 0.0536072
40.3125 0.600365 0.37783 0.116378 0.0586475
40.3438 0.612225 0.38124 0.118377 0.0707251
40.375 0.624193 0.384687 0.120851 0.0877126
40.4062 0.636261 0.387607 0.123853 0.104712
40.4375 0.648419 0.390557 0.12745 0.126246
40.4688 0.660673 0.393631 0.131722 0.145799
40.5 0.67302 0.396612 0.13648 0.158372
40.5312 0.685463 0.399733 0.141677 0.175473
40.5625 0.698004 0.402938 0.147454 0.193133
40.5938 0.710648 0.406307 0.15368 0.205325
40.625 0.723403 0.410113 0.160359 0.223467
40.6562 0.736281 0.414089 0.167648 0.241442
40.6875 0.749286 0.418279 0.175323 0.248378
40.7188 0.76243 0.423011 0.183157 0.253474
40.75 0.775726 0.427912 0.191174 0.259235
40.7812 0.789173 0.432678 0.19933 0.262537
40.8125 0.802767 0.43727 0.207583 0.265484
40.8438 0.816497 0.441361 0.215871 0.263559
40.875 0.830348 0.445095 0.223969 0.253548
40.9062 0.844315 0.448768 0.231658 0.237621
40.9375 0.858392 0.452136 0.238757 0.215792
40.9688 0.872573 0.455468 0.245113 0.191034
41 0.886863 0.459088 0.250732 0.169486
41.0312 0.901262 0.462406 0.255754 0.152264
41.0625 0.915758 0.465265 0.260229 0.133353
41.0938 0.930341 0.468043 0.264048 0.110907
41.125 0.945008 0.470606 0.267189 0.0907722
41.1562 0.959751 0.472923 0.269742 0.0727224
41.1875 0.974564 0.475073 0.271754 0.0569647
41.2188 0.98944 0.47692 0.273389 0.0489813
41.25 1.00437 0.478697 0.274868 0.0461795
41.2812 1.01936 0.480341 0.27632 0.047861
41.3125 1.03438 0.481201 0.277926 0.055436
41.3438 1.04942 0.481285 0.279768 0.0619107
41.375 1.06446 0.480878 0.281803 0.0692729
41.4062 1.07947 0.479559 0.284173 0.0832122
41.4375 1.09442 0.47716 0.287 0.0970508
41.4688 1.10929 0.474236 0.290196 0.107061
41.5 1.12406 0.470887 0.29367 0.114857
41.5312 1.13871 0.466878 0.297356 0.121097
41.5625 1.15324 0.462783 0.30127 0.130264
41.5938 1.16764 0.458968 0.305544 0.143589
41.625 1.18192 0.454783 0.310244 0.157064
41.6562 1.19606 0.450247 0.31535 0.169543
41.6875 1.21006 0.445903 0.320815 0.179467
41.7188 1.22392 0.441302 0.326516 0.184795
41.75 1.23763 0.436107 0.332346 0.188251
41.7812 1.25118 0.43071 0.33827 0.19031
41.8125 1.26455 0.425057 0.344189 0.187784
41.8438 1.27774 0.418858 0.350003 0.184927
41.875 1.29072 0.41214 0.35578 0.184631
41.9062 1.30349 0.40498 0.361461 0.176898
41.9375 1.31603 0.397503 0.366747 0.16126
41.9688 1.32833 0.389846 0.371602 0.150861
42 1.3404 0.382024 0.376218 0.144446
42.0312 1.35221 0.373905 0.38062 0.137837
42.0625 1.36376 0.36531 0.384931 0.139996
42.0938 1.37503 0.356163 0.389429 0.147374
42.125 1.38601 0.346302 0.394055 0.147244
42.1562 1.39667 0.335648 0.398598 0.144012
42.1875 1.40699 0.324647 0.403116 0.14608
42.2188 1.41696 0.313636 0.407771 0.152457
42.25 1.42659 0.302511 0.412699 0.164034
42.2812 1.43587 0.291385 0.41809 0.181683
42.3125 1.4448 0.280492 0.424067 0.200887
42.3438 1.4534 0.269858 0.430659 0.221509
42.375 1.46167 0.259438 0.437942 0.244615
42.4062 1.46962 0.249073 0.445906 0.26405
42.4375 1.47724 0.238867 0.454407 0.280173
42.4688 1.48455 0.229212 0.463455 0.2994
42.5 1.49157 0.219949 0.473101 0.316822
42.5312 1.4983 0.210795 0.483179 0.327219
42.5625 1.50475 0.201985 0.493516 0.334026
42.5938 1.51093 0.193453 0.504032 0.338681
42.625 1.51684 0.18483 0.514683 0.343234
42.6562 1.52248 0.176086 0.525494 0.348157
42.6875 1.52784 0.167165 0.536343 0.343603
42.7188 1.53292 0.157929 0.546801 0.323691
42.75 1.53771 0.148515 0.55653 0.299451
42.7812 1.5422 0.139111 0.565563 0.278995
42.8125 1.54641 0.129919 0.573948 0.25727
42.8438 1.55033 0.121096 0.581659 0.237214
42.875 1.55398 0.112472 0.588832 0.222036
42.9062 1.55736 0.104086 0.595502 0.20413
42.9375 1.56049 0.0961461 0.601578 0.185112
42.9688 1.56337 0.0881485 0.607088 0.167337
43 1.56599 0.0797729 0.612016 0.148096
43.0312 1.56836 0.0715966 0.616385 0.132489
43.0625 1.57047 0.0634014 0.620338 0.1207
43.0938 1.57231 0.0544073 0.623947 0.110871
43.125 1.57386 0.045088 0.627307 0.104387
43.1562 1.57513 0.0357709 0.630435 0.0948756
43.1875 1.57609 0.0259518 0.63323 0.0849872
43.2188 1.57675 0.0161762 0.635828 0.0821181
43.25 1.57711 0.00701036 0.638367 0.0804299
43.2812 1.57719 -0.00195719 0.64093 0.0860743
43.3125 1.57699 -0.0105132 0.643887 0.103769
43.3438 1.57654 -0.0186082 0.647321 0.113449
43.375 1.57583 -0.0268367 0.650892 0.115697
43.4062 1.57486 -0.0348415 0.654648 0.125645
43.4375 1.57366 -0.0423212 0.65869 0.130688
43.4688 1.57222 -0.0496232 0.662685 0.124157
43.5 1.57056 -0.056479 0.666476 0.119307
43.5312 1.5687 -0.0626062 0.670148 0.114866
43.5625 1.56665 -0.0680502 0.673586 0.104519
43.5938 1.56445 -0.0728619 0.676689 0.0945953
43.625 1.5621 -0.0774372 0.679495 0.0841375
43.6562 1.55961 -0.0818095 0.681889 0.0687468
43.6875 1.55699 -0.08575 0.683826 0.056003
43.7188 1.55425 -0.0896659 0.685373 0.041385
43.75 1.55139 -0.0937451 0.686278 0.0149145
43.7812 1.5484 -0.0977542 0.686284 -0.0139983
43.8125 1.54528 -0.101791 0.68543 -0.0405965
43.8438 1.54203 -0.10595 0.683761 -0.0652667
43.875 1.53866 -0.110235 0.681438 -0.0824738
43.9062 1.53514 -0.114764 0.678572 -0.103001
43.9375 1.53148 -0.119587 0.674855 -0.136443
43.9688 1.52766 -0.124775 0.670033 -0.171492
44 1.52368 -0.130275 0.664159 -0.204677
44.0312 1.51952 -0.135774 0.657214 -0.239773
44.0625 1.51519 -0.141117 0.649233 -0.269391
44.0938 1.5107 -0.146274 0.64048 -0.289524
44.125 1.50606 -0.150977 0.631189 -0.304624
44.1562 1.50127 -0.155112 0.621464 -0.317401
44.1875 1.49636 -0.159086 0.611376 -0.327619
44.2188 1.49133 -0.163093 0.601043 -0.332735
44.25 1.48617 -0.166864 0.590617 -0.33448
44.2812 1.4809 -0.170523 0.580126 -0.336976
44.3125 1.47551 -0.174549 0.569595 -0.335863
44.3438 1.46999 -0.179002 0.559187 -0.330209
44.375 1.46432 -0.183757 0.548905 -0.329144
44.4062 1.4585 -0.189022 0.538555 -0.333559
44.4375 1.4525 -0.194964 0.528068 -0.337323
44.4688 1.44631 -0.201194 0.517471 -0.341152
44.5 1.43993 -0.207226 0.50674 -0.345342
44.5312 1.43336 -0.213188 0.495921 -0.346571
44.5625 1.4266 -0.219329 0.485088 -0.346903
44.5938 1.41965 -0.225444 0.474251 -0.345882
44.625 1.41251 -0.231614 0.463553 -0.337528
44.6562 1.40517 -0.238278 0.453175 -0.327434
44.6875 1.39761 -0.245414 0.443007 -0.32434
44.7188 1.38983 -0.25296 0.432904 -0.32138
44.75 1.3818 -0.261025 0.422961 -0.315167
44.7812 1.37351 -0.26925 0.413142 -0.314434
44.8125 1.36497 -0.277476 0.403298 -0.314536
44.8438 1.35616 -0.286119 0.393581 -0.306148
44.875 1.34708 -0.295021 0.384177 -0.296059
44.9062 1.33773 -0.303718 0.375087 -0.28476
44.9375 1.3281 -0.312543 0.366434 -0.269194
44.9688 1.31819 -0.321831 0.358162 -0.262631
45 1.30799 -0.331105 0.349913 -0.265682
45.0312 1.2975 -0.340197 0.341592 -0.266111
45.0625 1.28672 -0.34944 0.333311 -0.263276
45.0938 1.27566 -0.358402 0.325217 -0.252985
45.125 1.26433 -0.36668 0.317572 -0.236432
45.1562 1.25274 -0.374691 0.310373 -0.225377
45.1875 1.24091 -0.38231 0.303485 -0.214493
45.2188 1.22886 -0.389279 0.297005 -0.200707
45.25 1.21659 -0.39603 0.290861 -0.193739
45.2812 1.20411 -0.402389 0.284895 -0.186931
45.3125 1.19145 -0.408046 0.279254 -0.173646
45.3438 1.17861 -0.413181 0.274005 -0.163321
45.375 1.16563 -0.417409 0.269011 -0.15606
45.4062 1.15253 -0.420818 0.2643 -0.144719
45.4375 1.13933 -0.424055 0.259971 -0.132854
45.4688 1.12604 -0.426677 0.255946 -0.125503
45.5 1.11267 -0.42866 0.252104 -0.120447
45.5312 1.09924 -0.430806 0.248424 -0.114939
45.5625 1.08575 -0.432829 0.244914 -0.110041
45.5938 1.07219 -0.434546 0.241512 -0.108438
45.625 1.05858 -0.436644 0.238102 -0.109993
45.6562 1.0449 -0.439256 0.234655 -0.11006
45.6875 1.03113 -0.442201 0.231239 -0.108981
45.7188 1.01726 -0.44526 0.227778 -0.113695
45.75 1.0033 -0.448215 0.224091 -0.122286
45.7812 0.989245 -0.451208 0.220156 -0.129301
45.8125 0.975102 -0.453835 0.216002 -0.136686
45.8438 0.96089 -0.45559 0.211637 -0.14175
45.875 0.946632 -0.456944 0.207208 -0.141023
45.9062 0.932333 -0.458086 0.202829 -0.1395
45.9375 0.918006 -0.458808 0.198467 -0.14
45.9688 0.903659 -0.459433 0.194047 -0.143753
46 0.889292 -0.459989 0.189419 -0.153361
46.0312 0.874913 -0.460266 0.184428 -0.166122
46.0625 0.860525 -0.460566 0.179052 -0.177502
46.0938 0.846127 -0.460854 0.173376 -0.184929
46.125 0.831727 -0.460668 0.167557 -0.18638
46.1562 0.81734 -0.460093 0.161792 -0.181667
46.1875 0.802972 -0.459418 0.156236 -0.173914
46.2188 0.788629 -0.458488 0.150891 -0.168977
46.25 0.77432 -0.457209 0.145647 -0.166405
46.2812 0.760053 -0.455916 0.140539 -0.159574
46.3125 0.745824 -0.454731 0.135698 -0.150356
46.3438 0.731635 -0.453281 0.131143 -0.14066
46.375 0.717498 -0.451473 0.126964 -0.126021
46.4062 0.703419 -0.449556 0.12327 -0.111011
46.4375 0.689404 -0.447284 0.119993 -0.0987166
46.4688 0.67547 -0.444488 0.117115 -0.0854066
46.5 0.661622 -0.441817 0.114624 -0.074887
46.5312 0.647853 -0.439379 0.112405 -0.0670392
46.5625 0.634165 -0.436604 0.110441 -0.0589509
46.5938 0.620566 -0.433761 0.108676 -0.0547837
46.625 0.607053 -0.431087 0.10701 -0.0512839
46.6562 0.593627 -0.428086 0.10551 -0.0445103
46.6875 0.5803 -0.424895 0.104203 -0.039769
46.7188 0.56707 -0.421789 0.103 -0.0371633
46.75 0.55394 -0.418543 0.101896 -0.0334971
46.7812 0.540911 -0.415288 0.100868 -0.0335153
46.8125 0.527986 -0.411865 0.0997255 -0.0402757
46.8438 0.515175 -0.408013 0.0983615 -0.0462225
46.875 0.502482 -0.404379 0.0968726 -0.0491575
46.9062 0.489898 -0.400948 0.0952491 -0.0554354
46.9375 0.477428 -0.397113 0.0933988 -0.0626896
46.9688 0.465077 -0.393472 0.0913304 -0.0704214
47 0.45283 -0.390381 0.0889151 -0.0855265
47.0312 0.440681 -0.387054 0.0859381 -0.10509
47.0625 0.428644 -0.383254 0.0823597 -0.123619
47.0938 0.41673 -0.37914 0.0782474 -0.138523
47.125 0.404954 -0.374381 0.0737959 -0.144748
47.1562 0.39334 -0.368796 0.0692718 -0.14431
47.1875 0.381911 -0.362559 0.0647827 -0.142938
47.2188 0.370687 -0.355658 0.0603562 -0.139897
47.25 0.359689 -0.348134 0.0560603 -0.134977
47.2812 0.34893 -0.340447 0.0519108 -0.130746
47.3125 0.338411 -0.332798 0.0479001 -0.125318
47.3438 0.328132 -0.325045 0.044134 -0.114816
47.375 0.318094 -0.317426 0.0407586 -0.101073
47.4062 0.30829 -0.310067 0.0378116 -0.0876304
47.4375 0.298715 -0.30271 0.035285 -0.0739302
47.4688 0.289371 -0.295343 0.0331918 -0.0602518
47.5 0.280256 -0.288015 0.0314947 -0.0487859
47.5312 0.271368 -0.28089 0.0301246 -0.0390746
47.5625 0.262696 -0.274152 0.0290403 -0.030602
47.5938 0.254231 -0.267613 0.028193 -0.0238266
47.625 0.245966 -0.261481 0.0275486 -0.0173898
47.6562 0.237884 -0.255762 0.0271004 -0.0115109
47.6875 0.229984 -0.249733 0.0268229 -0.00607581
47.7188 0.222275 -0.243769 0.0267409 0.000981143
47.75 0.214743 -0.238337 0.0268596 0.00574885
47.7812 0.207382 -0.232658 0.0270508 0.00610543
47.8125 0.200201 -0.227049 0.0272357 0.00551721
47.8438 0.193183 -0.222167 0.0273494 0.000681205
47.875 0.186317 -0.217222 0.027237 -0.00774302
47.9062 0.179609 -0.212133 0.0269078 -0.0126606
47.9375 0.173054 -0.207459 0.0264502 -0.0170946
47.9688 0.166641 -0.202958 0.0258063 -0.0244813
48 0.160368 -0.19856 0.0248982 -0.0342155
48.0312 0.15423 -0.194254 0.0236164 -0.048573
48.0625 0.148227 -0.189953 0.0218486 -0.0642335
48.0938 0.142355 -0.185929 0.0196338 -0.0771015
48.125 0.136606 -0.181885 0.0170517 -0.0875729
48.1562 0.130992 -0.177412 0.0142316 -0.091303
48.1875 0.125519 -0.172887 0.0114402 -0.0863557
48.2188 0.120184 -0.168565 0.00884541 -0.0802221
48.25 0.114982 -0.164395 0.00638083 -0.0781003
48.2812 0.109908 -0.16033 0.00395668 -0.0766586
48.3125 0.10496 -0.156437 0.00163239 -0.0713583
48.3438 0.100126 -0.152982 -0.000471704 -0.0630671
48.375 0.0953965 -0.149672 -0.00229783 -0.053465
48.4062 0.0907742 -0.146134 -0.00377585 -0.0404187
48.4375 0.0862624 -0.142635 -0.00479639 -0.0248932
48.4688 0.0818625 -0.138852 -0.00535362 -0.011253
48.5 0.0775916 -0.134409 -0.00552256 0.000191381
48.5312 0.0734624 -0.129877 -0.005359 0.00993648
48.5625 0.0694761 -0.125164 -0.00491703 0.0183192
48.5938 0.0656444 -0.120061 -0.0042076 0.0270754
48.625 0.0619664 -0.115478 -0.00324995 0.0334949
48.6562 0.0584205 -0.111485 -0.00214928 0.0368428
48.6875 0.0549988 -0.10753 -0.000928407 0.0416549
48.7188 0.0516941 -0.104098 0.000450843 0.0461264
48.75 0.0484877 -0.101112 0.0019213 0.0477075
48.7812 0.0453772 -0.0979388 0.00343318 0.0490869
48.8125 0.0423635 -0.0950378 0.00496767 0.048334
48.8438 0.039432 -0.0926176 0.00639458 0.0421583
48.875 0.0365753 -0.0901976 0.00757421 0.0332474
48.9062 0.0337933 -0.0878897 0.00847708 0.0246199
48.9375 0.0310807 -0.0857076 0.00911247 0.01598
48.9688 0.028439 -0.0833116 0.00947466 0.00724612
49 0.0258767 -0.0806206 0.00956402 -0.00176087
49.0312 0.0234045 -0.0775409 0.00933114 -0.0138831
49.0625 0.0210324 -0.0742753 0.00865597 -0.0297048
49.0938 0.0187627 -0.0709244 0.00747252 -0.0457616
49.125 0.0166065 -0.0669475 0.00583143 -0.0583654
49.1562 0.0145821 -0.0626405 0.00389991 -0.0639115
49.1875 0.0126881 -0.0585896 0.00190599 -0.0630019
49.2188 0.0109251 -0.0541066 -1.47409e-05 -0.059674
49.25 0.00931291 -0.0490546 -0.00180231 -0.0543701
49.2812 0.00785579 -0.0442785 -0.00340844 -0.0487839
49.3125 0.00654323 -0.0397155 -0.00489076 -0.046658
49.3438 0.00537471 -0.0350708 -0.00632705 -0.044644
49.375 0.00434988 -0.0305433 -0.00761379 -0.0364897
49.4062 0.00346538 -0.0260555 -0.00855049 -0.0230094
49.4375 0.00272153 -0.0215655 -0.00905096 -0.00929008
49.4688 0.0021164 -0.0171673 -0.00915039 0.00267836
49.5 0.00164986 -0.0126556 -0.00889386 0.0136258
49.5312 0.00132648 -0.00805953 -0.00830626 0.0238138
49.5625 0.00114285 -0.00376078 -0.00742451 0.0321243
49.5938 0.00108814 0.000229784 -0.00633694 0.0369264
49.625 0.00115557 0.00403732 -0.00512691 0.0408197
49.6562 0.00133476 0.00730754 -0.00375661 0.0471031
49.6875 0.00160547 0.00995007 -0.00220848 0.0510497
49.7188 0.00195474 0.0123816 -0.00061603 0.050629
49.75 0.00237621 0.0145202 0.000979099 0.0520365
49.7812 0.00285978 0.0164572 0.0026419 0.0538297
49.8125 0.00341042 0.0188886 0.00429261 0.0511486
49.8438 0.00404343 0.02161 0.00581896 0.0463619
49.875 0.0047594 0.0242176 0.00716366 0.0390055
49.9062 0.00555979 0.0270497 0.00822038 0.0284228
49.9375 0.00644868 0.0297499 0.00894935 0.0184475
49.9688 0.00741291 0.0318995 0.00937114 0.008317
