0 0 0 0 0
0.03125 0.000164062 0.0105 3.09243e-38 3.44421e-35
0.0625 0.00065625 0.021 2.07496e-28 1.06271e-25
0.09375 0.00147656 0.0315 7.75888e-23 2.59856e-20
0.125 0.002625 0.042 6.02229e-19 1.48586e-16
0.15625 0.00410156 0.0525 5.39055e-16 1.03533e-13
0.1875 0.00590625 0.063 1.17705e-13 1.82361e-11
0.21875 0.00803906 0.0735 9.61546e-12 1.23101e-09
0.25 0.0105 0.084 3.6908e-10 3.91359e-08
0.28125 0.0132891 0.0944999 7.56407e-09 6.65444e-07
0.3125 0.0164062 0.104997 9.39407e-08 6.9249e-06
0.34375 0.0198514 0.115491 7.67056e-07 4.65584e-05
0.375 0.0236247 0.12601 4.19422e-06 0.000202557
0.40625 0.0277281 0.136634 1.6127e-05 0.000619226
0.4375 0.0321648 0.147288 4.72552e-05 0.00144439
0.46875 0.0369286 0.157453 0.000109617 0.00257394
0.5 0.0419963 0.166783 0.000210286 0.00394455
0.53125 0.0473547 0.176347 0.000363919 0.00602358
0.5625 0.0530362 0.187564 0.000592057 0.0086091
0.59375 0.0590875 0.19973 0.00090464 0.0114933
0.625 0.0655173 0.211823 0.00131945 0.015201
0.65625 0.0723405 0.225194 0.00186066 0.0194839
0.6875 0.079604 0.239556 0.00253957 0.024015
0.71875 0.0872851 0.251426 0.00336595 0.0289675
0.75 0.0952901 0.260733 0.00435652 0.0345043
0.78125 0.103581 0.269872 0.00552143 0.0399498
0.8125 0.112139 0.277337 0.00684969 0.0451332
0.84375 0.120889 0.282499 0.00835344 0.0512542
0.875 0.129802 0.288076 0.0100508 0.0572127
0.90625 0.138892 0.293456 0.011927 0.0630648
0.9375 0.148129 0.297713 0.0140104 0.0704173
0.96875 0.157513 0.303169 0.0163191 0.0770611
1 0.167085 0.309334 0.0188229 0.0834145
1.03125 0.176842 0.315214 0.021549 0.091115
1.0625 0.186804 0.322739 0.024505 0.0978025
1.09375 0.197023 0.331252 0.0276592 0.10425
1.125 0.207507 0.339896 0.0310303 0.111477
1.15625 0.218287 0.350306 0.0346163 0.117883
1.1875 0.22941 0.361589 0.0383991 0.124344
1.21875 0.240888 0.373175 0.0423931 0.131259
1.25 0.252753 0.386434 0.0465993 0.137912
1.28125 0.265046 0.400272 0.0510153 0.144806
1.3125 0.277773 0.414493 0.0556566 0.15234
1.34375 0.290968 0.43017 0.0605424 0.16045
1.375 0.30466 0.446073 0.0656937 0.16943
1.40625 0.318852 0.46239 0.0711422 0.179287
1.4375 0.333573 0.479876 0.0768846 0.187839
1.46875 0.348843 0.497417 0.0828685 0.195305
1.5 0.364668 0.515571 0.0891311 0.206504
1.53125 0.381074 0.534379 0.0958478 0.224557
1.5625 0.398058 0.552492 0.103223 0.247768
1.59375 0.415609 0.570948 0.111293 0.267185
1.625 0.433753 0.590397 0.119815 0.277086
1.65625 0.452513 0.610346 0.128612 0.286877
1.6875 0.471907 0.630912 0.137802 0.301572
1.71875 0.49194 0.650981 0.147431 0.313854
1.75 0.512588 0.670534 0.157393 0.324013
1.78125 0.533852 0.690372 0.167734 0.338914
1.8125 0.55572 0.708799 0.17863 0.35873
1.84375 0.578139 0.7261 0.190138 0.377169
1.875 0.601119 0.744924 0.20219 0.394828
1.90625 0.624712 0.765172 0.214899 0.419934
1.9375 0.648945 0.785735 0.228461 0.447422
1.96875 0.673823 0.806537 0.242827 0.472222
2 0.699358 0.827765 0.258042 0.502599
2.03125 0.725558 0.848859 0.274226 0.531654
2.0625 0.752391 0.868061 0.291175 0.552523
2.09375 0.779796 0.885782 0.308785 0.574945
2.125 0.807752 0.903284 0.327034 0.59012
2.15625 0.836231 0.918957 0.345481 0.588672
2.1875 0.86517 0.933181 0.363821 0.585881
2.21875 0.894564 0.948139 0.382081 0.580785
2.25 0.924424 0.962712 0.399953 0.560996
2.28125 0.954727 0.976791 0.417143 0.540867
2.3125 0.985489 0.992163 0.433847 0.528134
2.34375 1.01674 1.00802 0.450057 0.507507
2.375 1.04849 1.0237 0.465555 0.486126
2.40625 1.08073 1.04003 0.480578 0.476501
2.4375 1.11349 1.05654 0.495284 0.46269
2.46875 1.14676 1.07224 0.509433 0.443633
2.5 1.1805 1.0872 0.523125 0.434111
2.53125 1.2147 1.10154 0.53656 0.424519
2.5625 1.24933 1.11435 0.549619 0.412087
2.59375 1.28433 1.12512 0.562411 0.407487
2.625 1.31963 1.13432 0.575022 0.396963
2.65625 1.3552 1.14124 0.587069 0.373064
2.6875 1.39094 1.14583 0.59838 0.352424
2.71875 1.4268 1.14948 0.609175 0.339018
2.75 1.46276 1.1513 0.619573 0.326261
2.78125 1.49873 1.15027 0.629561 0.313353
2.8125 1.53464 1.14761 0.639236 0.307954
2.84375 1.57044 1.14337 0.648942 0.314721
2.875 1.60608 1.13745 0.658954 0.326553
2.90625 1.64152 1.13094 0.66939 0.341799
2.9375 1.67675 1.12379 0.680298 0.355599
2.96875 1.71176 1.11633 0.691655 0.37439
3 1.74653 1.1091 0.703995 0.419522
3.03125 1.78106 1.1002 0.717915 0.468235
3.0625 1.81526 1.08878 0.732974 0.491211
3.09375 1.8491 1.07663 0.748408 0.49367
3.125 1.88255 1.06398 0.763649 0.479595
3.15625 1.91558 1.04991 0.778364 0.46358
3.1875 1.94816 1.03544 0.792703 0.454023
3.21875 1.9803 1.02138 0.806647 0.436728
3.25 2.01199 1.00661 0.82001 0.421169
3.28125 2.0432 0.990169 0.83321 0.426668
3.3125 2.07386 0.971821 0.846657 0.42985
3.34375 2.10391 0.951128 0.859731 0.402595
3.375 2.13327 0.927415 0.871789 0.371825
3.40625 2.16184 0.900277 0.883104 0.351485
3.4375 2.18951 0.870351 0.893501 0.309056
3.46875 2.21622 0.838437 0.902342 0.260164
3.5 2.24189 0.804412 0.910124 0.243409
3.53125 2.26647 0.76866 0.917737 0.244812
3.5625 2.28993 0.732392 0.925537 0.258348
3.59375 2.31224 0.695565 0.934258 0.306559
3.625 2.33338 0.657321 0.945034 0.386196
3.65625 2.35332 0.618298 0.958422 0.469058
3.6875 2.37202 0.578669 0.974262 0.545141
3.71875 2.38946 0.537 0.99269 0.638893
3.75 2.40557 0.493937 1.01439 0.74978
3.78125 2.42033 0.450496 1.03945 0.852594
3.8125 2.43371 0.40544 1.06767 0.954403
3.84375 2.44566 0.359113 1.099 1.04634
3.875 2.45616 0.312973 1.13283 1.11817
3.90625 2.46522 0.267286 1.16902 1.20121
3.9375 2.47287 0.222895 1.20795 1.28665
3.96875 2.47917 0.180612 1.24907 1.33885
4 2.48418 0.140365 1.29142 1.37198
4.03125 2.48797 0.102094 1.335 1.42084
4.0625 2.49059 0.0660891 1.38033 1.47894
4.09375 2.49213 0.0327384 1.42709 1.50609
4.125 2.49266 0.0014573 1.47409 1.49843
4.15625 2.49224 -0.0276852 1.52066 1.48183
4.1875 2.49096 -0.0534728 1.56672 1.46676
4.21875 2.48892 -0.0771647 1.61233 1.45105
4.25 2.48614 -0.100831 1.65728 1.42258
4.28125 2.48262 -0.124258 1.701 1.37154
4.3125 2.47838 -0.147338 1.74274 1.29519
4.34375 2.47341 -0.170364 1.78164 1.18979
4.375 2.46773 -0.192741 1.8169 1.06526
4.40625 2.46138 -0.21389 1.84823 0.940335
4.4375 2.45439 -0.233146 1.87559 0.807613
4.46875 2.44683 -0.250084 1.89856 0.661831
4.5 2.43877 -0.265419 1.91702 0.520734
4.53125 2.43025 -0.27966 1.93099 0.369061
4.5625 2.42131 -0.292358 1.93978 0.189742
4.59375 2.412 -0.303504 1.94277 0.00148649
4.625 2.40235 -0.313794 1.93982 -0.191429
4.65625 2.3924 -0.322818 1.9307 -0.393527
4.6875 2.3822 -0.329115 1.9152 -0.598062
4.71875 2.37185 -0.333145 1.89346 -0.789681
4.75 2.36139 -0.336098 1.86614 -0.953275
4.78125 2.35087 -0.336818 1.83422 -1.08345
4.8125 2.34036 -0.335724 1.79885 -1.17422
4.84375 2.32988 -0.335509 1.76108 -1.24141
4.875 2.31938 -0.336132 1.72125 -1.30865
4.90625 2.30886 -0.337653 1.67925 -1.38037
4.9375 2.29825 -0.341964 1.63496 -1.45228
4.96875 2.28746 -0.348715 1.58875 -1.4992
5 2.27644 -0.357246 1.54154 -1.52096
5.03125 2.26511 -0.36818 1.49357 -1.55154
5.0625 2.2534 -0.381344 1.44461 -1.57797
5.09375 2.24126 -0.396211 1.39528 -1.57503
5.125 2.22863 -0.411955 1.34617 -1.5713
5.15625 2.21551 -0.427935 1.29694 -1.57807
5.1875 2.20188 -0.444654 1.24783 -1.55902
5.21875 2.18771 -0.462286 1.19983 -1.50971
5.25 2.17298 -0.480424 1.15362 -1.44522
5.28125 2.15767 -0.499592 1.10967 -1.36571
5.3125 2.14173 -0.520545 1.0682 -1.29209
5.34375 2.12512 -0.54267 1.02864 -1.24332
5.375 2.10781 -0.565138 0.990342 -1.20897
5.40625 2.0898 -0.587844 0.953043 -1.17881
5.4375 2.07107 -0.610598 0.916615 -1.1531
5.46875 2.05163 -0.633793 0.881002 -1.1251
5.5 2.03145 -0.657918 0.846278 -1.10017
5.53125 2.01051 -0.681986 0.811893 -1.107
5.5625 1.98884 -0.705106 0.776837 -1.13682
5.59375 1.96645 -0.727703 0.740993 -1.15427
5.625 1.94337 -0.749304 0.704746 -1.16704
5.65625 1.91965 -0.768134 0.667947 -1.18803
5.6875 1.89538 -0.784552 0.630708 -1.18886
5.71875 1.87062 -0.800353 0.594059 -1.15196
5.75 1.84537 -0.815121 0.558795 -1.10597
5.78125 1.81969 -0.828616 0.524925 -1.05926
5.8125 1.79358 -0.842497 0.492901 -0.984821
5.84375 1.76702 -0.857106 0.463561 -0.892892
5.875 1.74001 -0.871507 0.436994 -0.809569
5.90625 1.71256 -0.885612 0.412828 -0.739085
5.9375 1.68466 -0.899792 0.390744 -0.673047
5.96875 1.65632 -0.913638 0.371011 -0.58438
6 1.62757 -0.92647 0.354479 -0.471875
6.03125 1.59843 -0.938469 0.341543 -0.355566
6.0625 1.56892 -0.949853 0.332316 -0.234909
6.09375 1.53907 -0.960906 0.326649 -0.134933
6.125 1.50886 -0.972174 0.323363 -0.0823332
6.15625 1.47831 -0.983067 0.321286 -0.0511038
6.1875 1.44743 -0.993488 0.320165 -0.0216532
6.21875 1.41621 -1.0039 0.31979 -0.00516972
6.25 1.3847 -1.01286 0.319712 -0.000771142
6.28125 1.35293 -1.02033 0.319728 0.001691
6.3125 1.32093 -1.02749 0.319759 -0.00194097
6.34375 1.28873 -1.03228 0.319381 -0.0268797
6.375 1.25644 -1.03402 0.31781 -0.0765723
6.40625 1.22412 -1.03483 0.314552 -0.130905
6.4375 1.19179 -1.03355 0.309678 -0.181592
6.46875 1.15955 -1.02928 0.303097 -0.240898
6.5 1.12746 -1.0245 0.294713 -0.291406
6.53125 1.09552 -1.01975 0.285135 -0.320799
6.5625 1.06373 -1.01471 0.274395 -0.374131
6.59375 1.0321 -1.01005 0.26141 -0.457101
6.625 1.00061 -1.00497 0.246136 -0.513405
6.65625 0.969291 -0.99934 0.229589 -0.545129
6.6875 0.938146 -0.994019 0.212035 -0.577084
6.71875 0.907169 -0.988404 0.193782 -0.585447
6.75 0.876375 -0.982416 0.175721 -0.567738
6.78125 0.845765 -0.976666 0.158469 -0.532276
6.8125 0.815332 -0.971052 0.142774 -0.467843
6.84375 0.785073 -0.965496 0.129333 -0.392897
6.875 0.754996 -0.959248 0.118217 -0.316538
6.90625 0.725136 -0.951583 0.109763 -0.221807
6.9375 0.695529 -0.943165 0.104314 -0.130896
6.96875 0.666196 -0.933937 0.101302 -0.0644183
7 0.637176 -0.923049 0.100354 0.00738832
7.03125 0.608515 -0.911268 0.101952 0.0953555
7.0625 0.580217 -0.899907 0.106142 0.167966
7.09375 0.552271 -0.888525 0.11215 0.21258
7.125 0.524692 -0.876429 0.119204 0.234748
7.15625 0.497487 -0.864924 0.126495 0.226023
7.1875 0.470622 -0.854506 0.133029 0.189413
7.21875 0.444091 -0.843168 0.138305 0.149488
7.25 0.417937 -0.830622 0.142482 0.119529
7.28125 0.392181 -0.817633 0.14585 0.096752
7.3125 0.366855 -0.802759 0.14853 0.0736055
7.34375 0.342028 -0.786054 0.150286 0.0349023
7.375 0.31773 -0.768903 0.150438 -0.0295144
7.40625 0.293985 -0.75049 0.148201 -0.1169
7.4375 0.270837 -0.730933 0.143015 -0.21457
7.46875 0.248304 -0.711101 0.134993 -0.293754
7.5 0.226405 -0.690271 0.124913 -0.349856
7.53125 0.205166 -0.669068 0.113068 -0.409698
7.5625 0.184586 -0.647903 0.0993336 -0.466835
7.59375 0.164683 -0.625754 0.0840483 -0.510392
7.625 0.145474 -0.603813 0.0674012 -0.55584
7.65625 0.126938 -0.582372 0.0493515 -0.596832
7.6875 0.109095 -0.559235 0.0303386 -0.615179
7.71875 0.0920006 -0.534776 0.0112449 -0.601206
7.75 0.0756674 -0.510624 -0.00696576 -0.561904
7.78125 0.060085 -0.486638 -0.0238049 -0.514521
7.8125 0.0452517 -0.462763 -0.0389293 -0.448554
7.84375 0.0311528 -0.439798 -0.0515073 -0.351639
7.875 0.017747 -0.418448 -0.060694 -0.23483
7.90625 0.00498786 -0.398236 -0.0662633 -0.125492
7.9375 -0.00714734 -0.378527 -0.0687947 -0.0384882
7.96875 -0.0186799 -0.359702 -0.0685782 0.0553701
8 -0.0296303 -0.341036 -0.0653305 0.148028
8.03125 -0.0399907 -0.322092 -0.0597193 0.20667
8.0625 -0.0497728 -0.304148 -0.0523993 0.265159
8.09375 -0.0590002 -0.286215 -0.0430405 0.33177
8.125 -0.0676494 -0.267304 -0.0319723 0.370757
8.15625 -0.0757168 -0.24922 -0.0201929 0.378186
8.1875 -0.083225 -0.231025 -0.00865163 0.356318
8.21875 -0.0901331 -0.210834 0.00203123 0.3306
8.25 -0.0963995 -0.190298 0.0122902 0.328585
8.28125 -0.102025 -0.169517 0.0224583 0.317178
8.3125 -0.106976 -0.147089 0.0318685 0.284569
8.34375 -0.11121 -0.123869 0.0403886 0.262973
8.375 -0.114715 -0.100434 0.0481862 0.229615
8.40625 -0.117492 -0.0774934 0.0542676 0.154287
8.4375 -0.119575 -0.0560084 0.0577737 0.0723341
8.46875 -0.120999 -0.0352617 0.0588863 -0.00179289
8.5 -0.121793 -0.0158999 0.0575515 -0.084293
8.53125 -0.122013 0.00171555 0.0537688 -0.152988
8.5625 -0.121682 0.0195471 0.0482544 -0.198088
8.59375 -0.120794 0.0370485 0.0413287 -0.247733
8.625 -0.11938 0.0534505 0.0326476 -0.308316
8.65625 -0.117446 0.0704361 0.0221277 -0.362847
8.6875 -0.114977 0.0874423 0.0101183 -0.403231
8.71875 -0.111994 0.103342 -0.00289091 -0.425821
8.75 -0.108517 0.119331 -0.0162392 -0.423962
8.78125 -0.104531 0.135711 -0.0290814 -0.3925
8.8125 -0.100041 0.151527 -0.0404202 -0.328304
8.84375 -0.0950715 0.166322 -0.0494432 -0.249362
8.875 -0.0896585 0.179892 -0.05608 -0.17555
8.90625 -0.0838395 0.192405 -0.0602519 -0.0868394
8.9375 -0.0776361 0.204616 -0.0612979 0.0199388
8.96875 -0.071053 0.216611 -0.0592363 0.106108
9 -0.0641046 0.228048 -0.0549811 0.163521
9.03125 -0.0567921 0.24022 -0.0490135 0.220394
9.0625 -0.0490756 0.253724 -0.0410892 0.287112
9.09375 -0.0409405 0.266741 -0.0312034 0.341387
9.125 -0.0324087 0.27938 -0.0200336 0.369707
9.15625 -0.0234726 0.29252 -0.00827577 0.380274
9.1875 -0.0141373 0.304697 0.00356327 0.374627
9.21875 -0.00443654 0.316201 0.0149723 0.352782
9.25 0.00563139 0.328164 0.0254153 0.31278
9.28125 0.0160671 0.339588 0.0345244 0.274345
9.3125 0.0268556 0.351032 0.0429745 0.272125
9.34375 0.0380177 0.363424 0.0515377 0.269942
9.375 0.0495663 0.375577 0.059335 0.222415
9.40625 0.0614907 0.387715 0.0652741 0.158015
9.4375 0.0738109 0.40095 0.0692058 0.091576
9.46875 0.0865538 0.414536 0.0707727 0.00510815
9.5 0.0997117 0.427455 0.0694401 -0.0888866
9.53125 0.113269 0.440378 0.0654422 -0.162665
9.5625 0.127249 0.45449 0.0594616 -0.21896
9.59375 0.141679 0.468987 0.0517606 -0.273895
9.625 0.156557 0.483274 0.0423734 -0.326519
9.65625 0.171895 0.498574 0.0313237 -0.381348
9.6875 0.187718 0.513845 0.0186248 -0.426935
9.71875 0.203991 0.527393 0.00502508 -0.437898
9.75 0.22067 0.539896 -0.00856345 -0.430686
9.78125 0.237719 0.550881 -0.0217388 -0.407351
9.8125 0.255076 0.55961 -0.0336175 -0.347465
9.84375 0.272682 0.567037 -0.0433075 -0.272669
9.875 0.290505 0.573495 -0.0506401 -0.194901
9.90625 0.308517 0.579094 -0.0553393 -0.104256
9.9375 0.326688 0.583639 -0.0571939 -0.016947
9.96875 0.344981 0.587075 -0.0565629 0.055852
10 0.363387 0.591086 -0.0536851 0.129654
10.0312 0.381933 0.59587 -0.0484428 0.203915
10.0625 0.400625 0.600381 -0.0411779 0.257047
10.0938 0.419462 0.605349 -0.0324733 0.301435
10.125 0.438465 0.610852 -0.0222008 0.356717
10.1562 0.457637 0.616054 -0.0103381 0.397259
10.1875 0.476961 0.620552 0.00226782 0.404286
10.2188 0.496409 0.623924 0.0146477 0.384095
10.25 0.515951 0.626767 0.0261098 0.349062
10.2812 0.535582 0.629542 0.0365904 0.325011
10.3125 0.555295 0.632096 0.046552 0.312378
10.3438 0.575092 0.635028 0.0560274 0.293133
10.375 0.594989 0.638428 0.0649362 0.279274
10.4062 0.614999 0.642324 0.0735163 0.266874
10.4375 0.635138 0.646546 0.0812096 0.217559
10.4688 0.655401 0.65019 0.0867898 0.138992
10.5 0.675778 0.654069 0.0901092 0.0785097
10.5312 0.696283 0.658155 0.0918932 0.0359269
10.5625 0.716899 0.661102 0.0922829 -0.0115042
10.5938 0.737604 0.664159 0.0912999 -0.0471519
10.625 0.758411 0.667402 0.0896151 -0.0573181
10.6562 0.779311 0.670263 0.0878289 -0.0562509
10.6875 0.800321 0.674704 0.0861261 -0.0526068
10.7188 0.821482 0.679376 0.0845401 -0.0481754
10.75 0.842768 0.682934 0.083338 -0.0216126
10.7812 0.864184 0.687975 0.0837378 0.0546836
10.8125 0.885766 0.69299 0.0869521 0.150448
10.8438 0.907476 0.69644 0.0931288 0.247523
10.875 0.929313 0.701541 0.102724 0.370649
10.9062 0.951335 0.707761 0.116303 0.495379
10.9375 0.973543 0.713618 0.133553 0.609414
10.9688 0.995953 0.720985 0.154538 0.734587
11 1.01861 0.728901 0.179288 0.84419
11.0312 1.0415 0.735738 0.207086 0.934734
11.0625 1.06459 0.742318 0.237776 1.02889
11.0938 1.08789 0.748868 0.271126 1.09877
11.125 1.11139 0.755305 0.306105 1.13744
11.1562 1.13509 0.761034 0.342203 1.17247
11.1875 1.15895 0.765983 0.379176 1.18738
11.2188 1.18297 0.771704 0.415976 1.16249
11.25 1.20719 0.777892 0.451677 1.12163
11.2812 1.23159 0.784123 0.485999 1.07281
11.3125 1.25621 0.791928 0.518662 1.01946
11.3438 1.28111 0.801626 0.550002 0.991418
11.375 1.30633 0.813203 0.58074 0.973322
11.4062 1.33195 0.826418 0.610529 0.928317
11.4375 1.35799 0.839974 0.638583 0.865913
11.4688 1.38445 0.853828 0.664554 0.793618
11.5 1.41135 0.867306 0.687981 0.702974
11.5312 1.43864 0.879056 0.708462 0.610215
11.5625 1.46628 0.889675 0.726405 0.543701
11.5938 1.49423 0.899324 0.742735 0.504363
11.625 1.52247 0.907799 0.758011 0.473604
11.6562 1.55096 0.915447 0.772344 0.444026
11.6875 1.57967 0.921871 0.785839 0.422468
11.7188 1.60857 0.92759 0.799041 0.428275
11.75 1.63765 0.932873 0.81291 0.462084
11.7812 1.66686 0.93658 0.828 0.505226
11.8125 1.69616 0.938694 0.844746 0.573388
11.8438 1.72551 0.939471 0.86428 0.681799
11.875 1.75487 0.939004 0.887414 0.795898
11.9062 1.7842 0.937862 0.913776 0.888335
11.9375 1.81348 0.936029 0.942901 0.976621
11.9688 1.84269 0.933865 0.974802 1.06253
12 1.87185 0.931765 1.00906 1.12607
12.0312 1.90092 0.929104 1.04507 1.17843
12.0625 1.9299 0.925451 1.08267 1.22644
12.0938 1.95875 0.920721 1.12154 1.25727
12.125 1.98744 0.915467 1.16089 1.2537
12.1562 2.01597 0.91028 1.19951 1.21527
12.1875 2.04433 0.904618 1.23692 1.18117
12.2188 2.0725 0.898503 1.2732 1.13338
12.25 2.10048 0.891921 1.30726 1.0421
12.2812 2.12823 0.883591 1.33836 0.951114
12.3125 2.15569 0.873637 1.3667 0.858907
12.3438 2.18282 0.862632 1.3918 0.745298
12.375 2.20958 0.849428 1.41333 0.634794
12.4062 2.23589 0.833818 1.43147 0.522118
12.4375 2.26168 0.816902 1.44546 0.363871
12.4688 2.28693 0.798756 1.45383 0.171995
12.5 2.31158 0.77842 1.4565 0.00335737
12.5312 2.33556 0.756124 1.45414 -0.15475
12.5625 2.35884 0.733864 1.44702 -0.292266
12.5938 2.38143 0.711423 1.43653 -0.369982
12.625 2.40328 0.687233 1.42425 -0.411628
12.6562 2.42437 0.66225 1.41112 -0.424443
12.6875 2.44466 0.636072 1.39774 -0.435329
12.7188 2.46409 0.606395 1.38377 -0.456599
12.75 2.48253 0.573412 1.36965 -0.438313
12.7812 2.4999 0.53758 1.35667 -0.392563
12.8125 2.51609 0.498504 1.345 -0.35594
12.8438 2.53103 0.45761 1.33449 -0.313637
12.875 2.54468 0.415495 1.32559 -0.253448
12.9062 2.55699 0.371832 1.31869 -0.188018
12.9375 2.56793 0.328633 1.31392 -0.115537
12.9688 2.57753 0.285837 1.31146 -0.0442569
13 2.58578 0.241658 1.31099 0.0131207
13.0312 2.59263 0.196985 1.31232 0.0725028
13.0625 2.59808 0.151383 1.31542 0.122424
13.0938 2.60207 0.104156 1.31984 0.161034
13.125 2.60458 0.0561857 1.32558 0.206677
13.1562 2.60557 0.00707478 1.33252 0.230536
13.1875 2.60502 -0.0425829 1.33957 0.217548
13.2188 2.60291 -0.0922313 1.34631 0.22154
13.25 2.59924 -0.142858 1.3539 0.267792
13.2812 2.59397 -0.194297 1.36293 0.305074
13.3125 2.58709 -0.246228 1.37274 0.322013
13.3438 2.57859 -0.29808 1.38308 0.34019
13.375 2.56848 -0.348556 1.39408 0.366199
13.4062 2.55682 -0.397477 1.40604 0.397159
13.4375 2.54365 -0.444519 1.41852 0.393805
13.4688 2.52906 -0.488886 1.43034 0.361897
13.5 2.51312 -0.531012 1.44123 0.335852
13.5312 2.4959 -0.570633 1.45129 0.306505
13.5625 2.47749 -0.606734 1.46033 0.271568
13.5938 2.45801 -0.639818 1.46822 0.231932
13.625 2.43754 -0.669704 1.47469 0.180897
13.6562 2.4162 -0.69542 1.47948 0.125206
13.6875 2.39411 -0.717613 1.48241 0.0579518
13.7188 2.37138 -0.736936 1.48286 -0.0301555
13.75 2.34808 -0.753404 1.4807 -0.102635
13.7812 2.32432 -0.766713 1.47677 -0.146307
13.8125 2.3002 -0.776722 1.47161 -0.18227
13.8438 2.2758 -0.784952 1.46559 -0.199707
13.875 2.25115 -0.792063 1.45904 -0.226037
13.9062 2.22631 -0.797696 1.45095 -0.297917
13.9375 2.20129 -0.803521 1.44027 -0.385204
13.9688 2.17607 -0.810594 1.42688 -0.473654
14 2.15063 -0.817839 1.41046 -0.580259
14.0312 2.12497 -0.824402 1.3906 -0.688046
14.0625 2.09911 -0.830449 1.36773 -0.771697
14.0938 2.07307 -0.836111 1.34242 -0.850102
14.125 2.04687 -0.839982 1.31449 -0.936624
14.1562 2.02059 -0.841808 1.28412 -1.00169
14.1875 1.99426 -0.843289 1.25218 -1.04064
14.2188 1.96789 -0.844312 1.21902 -1.08312
14.25 1.94149 -0.845177 1.18453 -1.11953
14.2812 1.91505 -0.847368 1.14946 -1.11887
14.3125 1.88853 -0.8502 1.11473 -1.10678
14.3438 1.86191 -0.853417 1.08002 -1.1188
14.375 1.83518 -0.857359 1.04464 -1.14665
14.4062 1.80833 -0.860643 1.0084 -1.17036
14.4375 1.7814 -0.862808 0.971676 -1.17792
14.4688 1.75441 -0.864394 0.934676 -1.19424
14.5 1.72738 -0.865583 0.896865 -1.22455
14.5312 1.70032 -0.866356 0.858436 -1.22924
14.5625 1.67325 -0.865857 0.820248 -1.21368
14.5938 1.64621 -0.864142 0.782627 -1.1927
14.625 1.61925 -0.861519 0.745801 -1.16314
14.6562 1.59239 -0.857077 0.709974 -1.129
14.6875 1.56569 -0.851913 0.675294 -1.08977
14.7188 1.53914 -0.846795 0.641918 -1.04452
14.75 1.51278 -0.840595 0.610182 -0.984244
14.7812 1.4866 -0.834899 0.580424 -0.921417
14.8125 1.46058 -0.830127 0.552609 -0.855746
14.8438 1.43473 -0.824457 0.527169 -0.77095
14.875 1.40905 -0.819226 0.504284 -0.698004
14.9062 1.38352 -0.814661 0.48334 -0.644466
14.9375 1.35814 -0.809807 0.463805 -0.610908
14.9688 1.33289 -0.806349 0.444878 -0.60161
15 1.30774 -0.803402 0.426351 -0.581035
15.0312 1.28269 -0.79946 0.408564 -0.560211
15.0625 1.25776 -0.796166 0.391215 -0.548965
15.0938 1.23293 -0.792847 0.374443 -0.522535
15.125 1.20822 -0.788343 0.358418 -0.508935
15.1562 1.18365 -0.784282 0.342263 -0.528462
15.1875 1.15919 -0.781089 0.325402 -0.547661
15.2188 1.13483 -0.778329 0.308222 -0.550378
15.25 1.11055 -0.775645 0.290998 -0.552411
15.2812 1.08636 -0.772585 0.273752 -0.549333
15.3125 1.06226 -0.76997 0.256725 -0.541564
15.3438 1.03824 -0.766715 0.239771 -0.544366
15.375 1.01436 -0.760985 0.222812 -0.538163
15.4062 0.990687 -0.754297 0.206149 -0.53185
15.4375 0.967226 -0.747033 0.189276 -0.550559
15.4688 0.944016 -0.738201 0.171868 -0.558281
15.5 0.92109 -0.729172 0.154641 -0.543535
15.5312 0.898433 -0.721041 0.137739 -0.541743
15.5625 0.876013 -0.714066 0.120702 -0.546771
15.5938 0.853789 -0.708445 0.103788 -0.532536
15.625 0.831725 -0.703794 0.0874763 -0.512287
15.6562 0.809795 -0.699745 0.0717401 -0.49393
15.6875 0.787994 -0.695477 0.0567014 -0.467623
15.7188 0.766327 -0.691383 0.0425281 -0.438437
15.75 0.744771 -0.688253 0.0295299 -0.387791
15.7812 0.723317 -0.68466 0.0185417 -0.315032
15.8125 0.701982 -0.68093 0.00971717 -0.251208
15.8438 0.680747 -0.678115 0.00295298 -0.177604
15.875 0.659609 -0.674532 -0.00123233 -0.0914792
15.9062 0.638595 -0.670388 -0.00301658 -0.0273167
15.9375 0.617704 -0.666657 -0.00311288 0.020201
15.9688 0.596938 -0.662223 -0.00179971 0.0622169
16 0.576313 -0.657957 0.000582338 0.0861282
16.0312 0.555801 -0.654979 0.0033703 0.0909807
16.0625 0.535375 -0.652206 0.00636214 0.103644
16.0938 0.515038 -0.64947 0.00993849 0.12334
16.125 0.49478 -0.647024 0.0138042 0.119891
16.1562 0.474598 -0.644635 0.0173314 0.106155
16.1875 0.454488 -0.642427 0.0203894 0.0865504
16.2188 0.434447 -0.640234 0.0225349 0.049691
16.25 0.414473 -0.638169 0.0236522 0.0263877
16.2812 0.394558 -0.636327 0.0243963 0.0226564
16.3125 0.374708 -0.633919 0.0251264 0.0257285
16.3438 0.354951 -0.630342 0.0261082 0.0368693
16.375 0.335327 -0.625326 0.027198 0.0268261
16.4062 0.315878 -0.619297 0.0275076 -0.0077219
16.4375 0.296627 -0.612599 0.0268747 -0.0293897
16.4688 0.27761 -0.604148 0.0257214 -0.0467327
16.5 0.25888 -0.594641 0.0237517 -0.0812594
16.5312 0.240434 -0.586019 0.0207057 -0.110391
16.5625 0.222257 -0.577104 0.0170483 -0.122091
16.5938 0.204379 -0.566997 0.0130647 -0.133846
16.625 0.186814 -0.557304 0.00866523 -0.146858
16.6562 0.169546 -0.5477 0.00399347 -0.149978
16.6875 0.152601 -0.53639 -0.000565976 -0.139498
16.7188 0.136039 -0.523391 -0.00460114 -0.117613
16.75 0.1199 -0.509353 -0.00792831 -0.0965303
16.7812 0.104216 -0.494248 -0.0106768 -0.0782388
16.8125 0.0890136 -0.478771 -0.0125862 -0.0385509
16.8438 0.0742835 -0.464128 -0.0128331 0.0233054
16.875 0.0599984 -0.45017 -0.0113556 0.0652945
16.9062 0.0461443 -0.436605 -0.00899728 0.0857493
16.9375 0.0327005 -0.423966 -0.00581763 0.120123
16.9688 0.0196407 -0.411862 -0.00162257 0.141808
17 0.00696124 -0.399586 0.00262521 0.126459
17.0312 -0.00533144 -0.387117 0.00631241 0.111814
17.0625 -0.0172318 -0.374488 0.00962931 0.0982193
17.0938 -0.0287367 -0.361805 0.0123269 0.0747438
17.125 -0.0398383 -0.348508 0.0144314 0.0612758
17.1562 -0.0505054 -0.334007 0.0160195 0.0353729
17.1875 -0.0607047 -0.318582 0.0164065 -0.0109462
17.2188 -0.0704011 -0.301681 0.0154779 -0.0461828
17.25 -0.079545 -0.283439 0.013511 -0.0813587
17.2812 -0.0881178 -0.26524 0.010427 -0.111648
17.3125 -0.096115 -0.246351 0.00693699 -0.106253
17.3438 -0.103504 -0.226571 0.00386543 -0.0928981
17.375 -0.110284 -0.207482 0.000930597 -0.0967238
17.4062 -0.116468 -0.188001 -0.00217707 -0.101503
17.4375 -0.12202 -0.167287 -0.00544454 -0.109545
17.4688 -0.12693 -0.147148 -0.00917469 -0.131119
17.5 -0.131223 -0.127543 -0.0136628 -0.154657
17.5312 -0.134899 -0.10775 -0.0186657 -0.162325
17.5625 -0.137962 -0.0883349 -0.0236752 -0.157564
17.5938 -0.140421 -0.0690745 -0.0284878 -0.149173
17.625 -0.142282 -0.0500899 -0.0328412 -0.126713
17.6562 -0.143555 -0.0313306 -0.0363358 -0.0974933
17.6875 -0.144227 -0.0113954 -0.0389691 -0.0704534
17.7188 -0.144259 0.00928781 -0.0406663 -0.0379155
17.75 -0.14365 0.0296643 -0.0414294 -0.0126245
17.7812 -0.142396 0.0508589 -0.0413852 0.0198089
17.8125 -0.140459 0.0731768 -0.0399282 0.0743664
17.8438 -0.137828 0.0949874 -0.0369345 0.112894
17.875 -0.134539 0.115267 -0.032887 0.15101
17.9062 -0.130635 0.13446 -0.0271358 0.219329
17.9375 -0.12614 0.153159 -0.0194381 0.26465
17.9688 -0.121072 0.170996 -0.0110698 0.26726
18 -0.115456 0.18853 -0.00271568 0.26945
18.0312 -0.109276 0.207256 0.00579507 0.272947
18.0625 -0.102498 0.226487 0.0140809 0.252691
18.0938 -0.0951227 0.245581 0.0213962 0.214655
18.125 -0.0871386 0.265548 0.0275548 0.181162
18.1562 -0.0785281 0.285297 0.0327805 0.15317
18.1875 -0.0693239 0.303604 0.0370561 0.118387
18.2188 -0.0595534 0.321786 0.0399992 0.066734
18.25 -0.0492116 0.339996 0.0411145 0.00574542
18.2812 -0.0383117 0.357503 0.0406356 -0.0301459
18.3125 -0.026869 0.374849 0.039519 -0.039667
18.3438 -0.0148843 0.392126 0.0381576 -0.0468384
18.375 -0.00236326 0.409222 0.0367637 -0.0388335
18.4062 0.0106949 0.426581 0.0357683 -0.0285659
18.4375 0.0243054 0.444653 0.0346033 -0.0512535
18.4688 0.038498 0.463869 0.0324701 -0.0833791
18.5 0.0533072 0.484053 0.0295567 -0.101114
18.5312 0.0687609 0.505173 0.0262496 -0.108248
18.5625 0.0848915 0.527267 0.0230004 -0.0964303
18.5938 0.101711 0.549069 0.0202976 -0.0776312
18.625 0.119203 0.570462 0.0180631 -0.0651955
18.6562 0.137372 0.592417 0.0163891 -0.0378485
18.6875 0.156224 0.613826 0.0158838 0.00630238
18.7188 0.175722 0.633915 0.0167305 0.0468226
18.75 0.195841 0.653722 0.0188332 0.0895467
18.7812 0.216577 0.673226 0.0224291 0.140793
18.8125 0.237905 0.69156 0.0275366 0.183966
18.8438 0.259785 0.708516 0.0339078 0.226038
18.875 0.282179 0.724651 0.0418664 0.285325
18.9062 0.305073 0.740519 0.0516581 0.337291
18.9375 0.32845 0.755358 0.0627207 0.369358
18.9688 0.352267 0.768795 0.0747631 0.400949
19 0.3765 0.78221 0.0875244 0.408385
19.0312 0.401164 0.796419 0.099874 0.379172
19.0625 0.426283 0.811309 0.111327 0.357605
19.0938 0.451876 0.826616 0.122323 0.344472
19.125 0.477947 0.841981 0.132695 0.318037
19.1562 0.504502 0.857525 0.142236 0.293317
19.1875 0.531533 0.872115 0.150929 0.259669
19.2188 0.558984 0.884496 0.158345 0.216166
19.25 0.586807 0.896107 0.164599 0.184639
19.2812 0.614984 0.906981 0.169632 0.130757
19.3125 0.643473 0.916159 0.172597 0.0631999
19.3438 0.672251 0.92586 0.174156 0.0459357
19.375 0.701348 0.936226 0.175691 0.0497915
19.4062 0.730749 0.945235 0.176994 0.0304846
19.4375 0.760424 0.954129 0.177549 0.00530227
19.4688 0.790385 0.96322 0.177272 -0.0252268
19.5 0.820612 0.971101 0.175838 -0.0675821
19.5312 0.851074 0.978442 0.173111 -0.1041
19.5625 0.881759 0.985215 0.169542 -0.121612
19.5938 0.912635 0.990694 0.165597 -0.129925
19.625 0.943666 0.995069 0.161574 -0.123337
19.6562 0.97481 0.997866 0.15809 -0.0998919
19.6875 1.00602 0.999405 0.155104 -0.0948869
19.7188 1.03727 1.00038 0.152248 -0.0811956
19.75 1.06853 1.00054 0.150431 -0.0332146
19.7812 1.0998 1.00051 0.149993 0.00187219
19.8125 1.13106 1.00009 0.150682 0.0497649
19.8438 1.16229 0.998555 0.153553 0.136831
19.875 1.19347 0.996951 0.159111 0.215087
19.9062 1.22459 0.994417 0.166919 0.286457
19.9375 1.2556 0.989703 0.177163 0.369877
19.9688 1.28644 0.984047 0.189905 0.441466
20 1.31709 0.977383 0.204507 0.490586
20.0312 1.34751 0.968742 0.220515 0.533793
20.0625 1.37762 0.958131 0.237801 0.570251
20.0938 1.40738 0.946297 0.256031 0.595826
20.125 1.43676 0.934366 0.2751 0.626572
20.1562 1.46576 0.921466 0.295313 0.668372
20.1875 1.49433 0.906924 0.316858 0.708069
20.2188 1.52244 0.892171 0.339287 0.722125
20.25 1.55009 0.877348 0.361772 0.716248
20.2812 1.57728 0.862323 0.384174 0.720885
20.3125 1.604 0.848142 0.407019 0.742914
20.3438 1.6303 0.835352 0.430563 0.76155
20.375 1.65623 0.824363 0.454595 0.780858
20.4062 1.68184 0.814949 0.479908 0.847738
20.4375 1.70717 0.805917 0.507646 0.919785
20.4688 1.73221 0.796916 0.536699 0.930446
20.5 1.75697 0.787465 0.565546 0.915088
20.5312 1.78141 0.776367 0.593866 0.897173
20.5625 1.80548 0.764282 0.621713 0.888166
20.5938 1.82918 0.752345 0.649527 0.892309
20.625 1.8525 0.739808 0.677453 0.895629
20.6562 1.87541 0.726681 0.705692 0.915975
20.6875 1.89792 0.714128 0.734916 0.956208
20.7188 1.92005 0.701884 0.765498 1.0013
20.75 1.94178 0.689304 0.797572 1.0544
20.7812 1.96313 0.676864 0.831667 1.13163
20.8125 1.98409 0.664971 0.86833 1.21158
20.8438 2.00469 0.652821 0.907169 1.27316
20.875 2.02488 0.639552 0.948059 1.34704
20.9062 2.04466 0.625902 0.991341 1.41889
20.9375 2.064 0.612107 1.03646 1.4669
20.9688 2.0829 0.597476 1.08301 1.51095
21 2.10135 0.583055 1.13056 1.52371
21.0312 2.11935 0.569308 1.17786 1.50335
21.0625 2.13693 0.555718 1.22479 1.50516
21.0938 2.15409 0.543108 1.27195 1.50771
21.125 2.17088 0.531067 1.31871 1.48323
21.1562 2.18728 0.518879 1.36478 1.46872
21.1875 2.20331 0.507201 1.41055 1.45824
21.2188 2.21899 0.495699 1.45567 1.42559
21.25 2.23429 0.483786 1.49947 1.37527
21.2812 2.24921 0.471056 1.5415 1.31247
21.3125 2.26373 0.458004 1.58134 1.23481
21.3438 2.27785 0.446311 1.61868 1.15811
21.375 2.29163 0.435186 1.65391 1.09747
21.4062 2.30505 0.423815 1.68711 1.02266
21.4375 2.31813 0.413646 1.71765 0.932203
21.4688 2.33091 0.404285 1.7454 0.841764
21.5 2.3434 0.394726 1.76997 0.724668
21.5312 2.35558 0.385382 1.79042 0.582949
21.5625 2.36749 0.376785 1.80646 0.44654
21.5938 2.37914 0.36924 1.81868 0.343367
21.625 2.39057 0.362035 1.82834 0.278099
21.6562 2.40177 0.354584 1.836 0.208239
21.6875 2.41273 0.346573 1.84113 0.118161
21.7188 2.42341 0.336486 1.8434 0.0278372
21.75 2.43373 0.32379 1.84276 -0.0727414
21.7812 2.44363 0.309466 1.83865 -0.192303
21.8125 2.45306 0.294014 1.8307 -0.316449
21.8438 2.46199 0.277587 1.8189 -0.437995
21.875 2.47041 0.26081 1.80339 -0.553475
21.9062 2.4783 0.244256 1.78436 -0.664429
21.9375 2.48567 0.227544 1.76187 -0.773026
21.9688 2.49251 0.210119 1.73631 -0.856919
22 2.49879 0.191686 1.70848 -0.927768
22.0312 2.50447 0.171748 1.67784 -1.0411
22.0625 2.5095 0.149501 1.64326 -1.16767
22.0938 2.51378 0.123797 1.60529 -1.2571
22.125 2.5172 0.0943483 1.56484 -1.33099
22.1562 2.51964 0.0615589 1.5221 -1.40454
22.1875 2.52101 0.0254373 1.47707 -1.47683
22.2188 2.5212 -0.0140426 1.42991 -1.53848
22.25 2.52011 -0.0562832 1.38117 -1.57491
22.2812 2.51767 -0.100135 1.33186 -1.57535
22.3125 2.51383 -0.146046 1.28293 -1.55489
22.3438 2.50851 -0.194362 1.23491 -1.51156
22.375 2.50167 -0.24359 1.18888 -1.43091
22.4062 2.49328 -0.293747 1.14549 -1.34594
22.4375 2.4833 -0.345003 1.10491 -1.24737
22.4688 2.47171 -0.396626 1.06755 -1.14842
22.5 2.45851 -0.448544 1.03282 -1.07622
22.5312 2.44369 -0.499725 1.00042 -0.993439
22.5625 2.4273 -0.548752 0.970884 -0.895785
22.5938 2.40941 -0.595532 0.94453 -0.786866
22.625 2.39009 -0.640434 0.922162 -0.635279
22.6562 2.36941 -0.682879 0.905208 -0.450985
22.6875 2.34744 -0.722471 0.893442 -0.312686
22.7188 2.32427 -0.760223 0.885416 -0.197291
22.75 2.29994 -0.796703 0.88136 -0.064069
22.7812 2.2745 -0.831021 0.880916 0.0269065
22.8125 2.24804 -0.862234 0.882844 0.0985725
22.8438 2.22064 -0.891075 0.887244 0.183906
22.875 2.19236 -0.918439 0.894269 0.26283
22.9062 2.16326 -0.943567 0.903332 0.309107
22.9375 2.1334 -0.96706 0.913075 0.308558
22.9688 2.10282 -0.990309 0.922437 0.289052
23 2.07153 -1.0119 0.930952 0.251076
23.0312 2.0396 -1.03085 0.937769 0.179159
23.0625 2.00712 -1.04785 0.941829 0.0777552
23.0938 1.97414 -1.06213 0.942687 -0.018437
23.125 1.94077 -1.0734 0.940973 -0.088352
23.1562 1.90708 -1.08238 0.937215 -0.151922
23.1875 1.87314 -1.08935 0.931537 -0.210932
23.2188 1.83901 -1.09499 0.923884 -0.284404
23.25 1.80472 -1.09952 0.913391 -0.390741
23.2812 1.7703 -1.10329 0.899493 -0.495438
23.3125 1.73576 -1.10734 0.882574 -0.587963
23.3438 1.70109 -1.11136 0.862561 -0.695499
23.375 1.6663 -1.1146 0.839174 -0.796655
23.4062 1.63143 -1.11701 0.813026 -0.876052
23.4375 1.5965 -1.11838 0.784315 -0.96189
23.4688 1.56155 -1.11796 0.753175 -1.02363
23.5 1.52666 -1.11508 0.720626 -1.06004
23.5312 1.49188 -1.11039 0.686802 -1.10329
23.5625 1.45727 -1.10451 0.652105 -1.10802
23.5938 1.42287 -1.0967 0.617914 -1.07831
23.625 1.38874 -1.08702 0.584901 -1.02691
23.6562 1.35494 -1.07653 0.554409 -0.915105
23.6875 1.32146 -1.06579 0.527875 -0.786875
23.7188 1.28832 -1.05511 0.50489 -0.687886
23.75 1.25552 -1.04419 0.484846 -0.593416
23.7812 1.22307 -1.03287 0.467892 -0.491333
23.8125 1.19096 -1.02174 0.454059 -0.39624
23.8438 1.15921 -1.01016 0.443026 -0.309905
23.875 1.12784 -0.997638 0.434739 -0.220537
23.9062 1.09686 -0.984844 0.429093 -0.14456
23.9375 1.06629 -0.971885 0.425571 -0.0806206
23.9688 1.03611 -0.959513 0.424007 -0.0245887
24 1.00631 -0.948189 0.423385 -0.0274117
24.0312 0.976859 -0.936377 0.421871 -0.0688205
24.0625 0.94779 -0.924048 0.41933 -0.0917299
24.0938 0.919103 -0.911921 0.415921 -0.133531
24.125 0.890808 -0.89864 0.410694 -0.200629
24.1562 0.862952 -0.884067 0.403609 -0.249354
24.1875 0.835549 -0.86983 0.395085 -0.300121
24.2188 0.808584 -0.855906 0.384585 -0.374657
24.25 0.782065 -0.841087 0.371588 -0.458169
24.2812 0.756023 -0.825625 0.355834 -0.552026
24.3125 0.730461 -0.810311 0.337116 -0.642061
24.3438 0.705391 -0.793773 0.316059 -0.700764
24.375 0.680873 -0.775184 0.293377 -0.753578
24.4062 0.656945 -0.756263 0.268806 -0.818275
24.4375 0.633613 -0.736703 0.242531 -0.856687
24.4688 0.610921 -0.715314 0.215524 -0.871282
24.5 0.588906 -0.693846 0.188013 -0.889302
24.5312 0.567547 -0.673199 0.160113 -0.892165
24.5625 0.546829 -0.652829 0.132437 -0.877654
24.5938 0.526735 -0.633384 0.105409 -0.847017
24.625 0.507228 -0.615281 0.0799707 -0.773312
24.6562 0.488267 -0.598429 0.0573779 -0.670676
24.6875 0.469821 -0.582094 0.0381709 -0.554982
24.7188 0.451891 -0.565331 0.022984 -0.413595
24.75 0.434484 -0.548883 0.0122654 -0.277448
24.7812 0.417581 -0.532883 0.00527159 -0.174352
24.8125 0.401185 -0.516305 0.00131935 -0.0767903
24.8438 0.385318 -0.499165 0.000592204 0.0310103
24.875 0.369993 -0.481541 0.00321411 0.135241
24.9062 0.355221 -0.463918 0.00893888 0.229195
24.9375 0.340991 -0.446855 0.0173539 0.305152
24.9688 0.327293 -0.429875 0.0277258 0.354941
25 0.314113 -0.413992 0.0394109 0.391638
25.0312 0.301394 -0.400352 0.0519866 0.405998
25.0625 0.289076 -0.388193 0.0641701 0.364252
25.0938 0.277118 -0.377364 0.074468 0.296186
25.125 0.265481 -0.367417 0.0829496 0.250229
25.1562 0.254155 -0.357516 0.0900774 0.201879
25.1875 0.243128 -0.348413 0.0953116 0.131258
25.2188 0.232371 -0.340056 0.098313 0.0617754
25.25 0.221871 -0.332049 0.0990857 -0.0161436
25.2812 0.211604 -0.325308 0.0970754 -0.11402
25.3125 0.201529 -0.319593 0.0920105 -0.208806
25.3438 0.191629 -0.313976 0.0840008 -0.305301
25.375 0.181908 -0.308083 0.0729933 -0.393775
25.4062 0.172378 -0.301804 0.0598793 -0.439223
25.4375 0.163044 -0.295592 0.0455709 -0.481065
25.4688 0.15391 -0.288794 0.0295851 -0.540855
25.5 0.145005 -0.281124 0.0121602 -0.56628
25.5312 0.136329 -0.274294 -0.00550601 -0.56353
25.5625 0.127859 -0.267623 -0.0230775 -0.559887
25.5938 0.119617 -0.25974 -0.0402686 -0.535216
25.625 0.111617 -0.252601 -0.0562301 -0.482123
25.6562 0.10382 -0.246268 -0.0701174 -0.401211
25.6875 0.0962419 -0.238456 -0.0809393 -0.286286
25.7188 0.088923 -0.230044 -0.0878484 -0.15627
25.75 0.0818574 -0.222134 -0.090843 -0.0377335
25.7812 0.0750532 -0.21301 -0.0902522 0.0761393
25.8125 0.0685582 -0.202661 -0.0861196 0.185032
25.8438 0.0623756 -0.193294 -0.0790258 0.263955
25.875 0.0564654 -0.185027 -0.0696989 0.335615
25.9062 0.0508112 -0.176857 -0.0578557 0.423156
25.9375 0.0454053 -0.169293 -0.0434129 0.496677
25.9688 0.0402196 -0.16273 -0.0270666 0.546101
26 0.0352282 -0.156808 -0.00954551 0.569398
26.0312 0.0304147 -0.151285 0.00811767 0.555678
26.0625 0.0257753 -0.145543 0.0250063 0.524229
26.0938 0.0213232 -0.139358 0.0407748 0.480897
26.125 0.0170665 -0.133017 0.0546705 0.40193
26.1562 0.01302 -0.12568 0.0657198 0.307592
26.1875 0.00923252 -0.116382 0.0742482 0.243598
26.2188 0.00576362 -0.105407 0.080975 0.182152
26.25 0.00265534 -0.0933955 0.0852445 0.0866625
26.2812 -6.86269e-05 -0.0809071 0.0863029 -0.0190787
26.3125 -0.00240197 -0.0684724 0.0839704 -0.132154
26.3438 -0.00435305 -0.0565032 0.0780694 -0.241645
26.375 -0.00594032 -0.045172 0.069173 -0.324743
26.4062 -0.00717884 -0.0340819 0.0577616 -0.406695
26.4375 -0.00806738 -0.0227096 0.0438982 -0.474094
26.4688 -0.00859251 -0.0108012 0.0285835 -0.501342
26.5 -0.00873781 0.00153165 0.0125808 -0.525564
26.5312 -0.00849779 0.013798 -0.00438161 -0.559029
26.5625 -0.00787469 0.0261498 -0.0220706 -0.565763
26.5938 -0.00685832 0.0389406 -0.0392762 -0.529625
26.625 -0.0054427 0.0515904 -0.0549852 -0.474571
26.6562 -0.00363495 0.0641855 -0.0687992 -0.405061
26.6875 -0.0014213 0.0776609 -0.0799501 -0.303739
26.7188 0.00122509 0.091717 -0.0876045 -0.184285
26.75 0.00430915 0.105657 -0.0913021 -0.0493927
26.7812 0.00783375 0.120083 -0.090686 0.0843884
26.8125 0.0118249 0.13545 -0.0864698 0.179271
26.8438 0.016297 0.15061 -0.0795902 0.262971
26.875 0.0212281 0.1649 -0.0699443 0.353083
26.9062 0.0266043 0.179211 -0.0577302 0.425513
26.9375 0.032423 0.192907 -0.0433976 0.492828
26.9688 0.0386378 0.204534 -0.0269045 0.561025
27 0.0452013 0.215676 -0.00859401 0.604919
27.0312 0.0521295 0.227809 0.0105141 0.612312
27.0625 0.0594317 0.239278 0.0293769 0.590645
27.0938 0.067073 0.249747 0.0471495 0.542255
27.125 0.0750497 0.260955 0.063077 0.476575
27.1562 0.083387 0.272533 0.0770086 0.415693
27.1875 0.0920704 0.282988 0.0888981 0.340029
27.2188 0.101066 0.292753 0.0980322 0.245197
27.25 0.11037 0.302707 0.104496 0.173056
27.2812 0.119982 0.312368 0.108836 0.0993146
27.3125 0.129888 0.321532 0.110288 -0.0107653
27.3438 0.140077 0.330549 0.108156 -0.122919
27.375 0.15054 0.338923 0.102783 -0.218512
27.4062 0.161257 0.347109 0.0947163 -0.292386
27.4375 0.172248 0.356571 0.084884 -0.332419
27.4688 0.183554 0.367149 0.0739888 -0.366971
27.5 0.195209 0.379155 0.0618851 -0.405041
27.5312 0.20728 0.393815 0.0490694 -0.407741
27.5625 0.219838 0.409947 0.0366607 -0.386468
27.5938 0.232904 0.42633 0.0248226 -0.370933
27.625 0.24649 0.44326 0.0137518 -0.329905
27.6562 0.260605 0.459931 0.00468849 -0.244104
27.6875 0.275229 0.476034 -0.00126232 -0.134299
27.7188 0.290358 0.492226 -0.00357976 -0.0122836
27.75 0.305989 0.508049 -0.00194679 0.117673
27.7812 0.32211 0.523739 0.0038043 0.250458
27.8125 0.33873 0.540007 0.0136704 0.379383
27.8438 0.355858 0.556091 0.0273027 0.48748
27.875 0.373484 0.572081 0.043713 0.556836
27.9062 0.391623 0.588997 0.0620036 0.6172
27.9375 0.4103 0.606265 0.0826113 0.704562
27.9688 0.429513 0.623433 0.105862 0.776351
28 0.449273 0.641344 0.130763 0.815238
28.0312 0.469606 0.660092 0.156821 0.851071
28.0625 0.490533 0.679313 0.18357 0.851284
28.0938 0.512073 0.699495 0.209537 0.807043
28.125 0.534266 0.721077 0.233987 0.757985
28.1562 0.557148 0.743341 0.256811 0.699943
28.1875 0.580718 0.764936 0.277651 0.634958
28.2188 0.604951 0.786014 0.29663 0.58082
28.25 0.62985 0.807603 0.313853 0.517798
28.2812 0.655417 0.82835 0.32881 0.438883
28.3125 0.681601 0.847281 0.341373 0.36662
28.3438 0.708378 0.866699 0.351651 0.287318
28.375 0.735781 0.887045 0.359111 0.189566
28.4062 0.763806 0.906328 0.363722 0.111728
28.4375 0.792421 0.925079 0.36646 0.0680212
28.4688 0.821631 0.944457 0.368205 0.0471051
28.5 0.851449 0.963814 0.369552 0.0394612
28.5312 0.881867 0.982979 0.370566 0.0230937
28.5625 0.912888 1.00241 0.370971 0.00515356
28.5938 0.944517 1.02173 0.371158 0.0121211
28.625 0.976735 1.04001 0.372032 0.0475362
28.6562 1.0095 1.05694 0.374265 0.0964054
28.6875 1.04278 1.07276 0.378166 0.156759
28.7188 1.07653 1.08707 0.384347 0.242712
28.75 1.11072 1.10057 0.393413 0.33642
28.7812 1.14533 1.11477 0.405286 0.422538
28.8125 1.18039 1.1288 0.419742 0.500314
28.8438 1.21587 1.14205 0.436415 0.566298
28.875 1.25177 1.15537 0.455233 0.639359
28.9062 1.28807 1.16724 0.476213 0.696746
28.9375 1.32469 1.17631 0.498368 0.717844
28.9688 1.36156 1.18326 0.521128 0.74157
29 1.39861 1.18738 0.544773 0.769468
29.0312 1.43574 1.18807 0.568898 0.767259
29.0625 1.47284 1.186 0.592243 0.719812
29.0938 1.50983 1.1811 0.613547 0.639497
29.125 1.54663 1.17356 0.631984 0.537696
29.1562 1.58316 1.16422 0.647162 0.437223
29.1875 1.61938 1.1532 0.659566 0.358362
29.2188 1.65522 1.14035 0.669482 0.274891
29.25 1.69063 1.12614 0.676894 0.204903
29.2812 1.72559 1.11083 0.682498 0.152556
29.3125 1.76005 1.09456 0.686213 0.0833768
29.3438 1.794 1.07817 0.687832 0.0240641
29.375 1.82744 1.06181 0.687873 -0.0202499
29.4062 1.86035 1.04451 0.686714 -0.0494309
29.4375 1.89271 1.0264 0.685116 -0.0480105
29.4688 1.9245 1.00827 0.683969 -0.0215665
29.5 1.95571 0.988611 0.683974 0.0239803
29.5312 1.98626 0.966229 0.685513 0.074125
29.5625 2.0161 0.94317 0.688497 0.11331
29.5938 2.04521 0.919982 0.692366 0.13366
29.625 2.07358 0.895137 0.697203 0.186468
29.6562 2.10114 0.869027 0.704581 0.289293
29.6875 2.12789 0.842655 0.715207 0.388473
29.7188 2.1538 0.815853 0.728958 0.497661
29.75 2.17887 0.788222 0.746816 0.652672
29.7812 2.20306 0.760273 0.769931 0.823788
29.8125 2.22639 0.732669 0.797899 0.959854
29.8438 2.24885 0.704608 0.829791 1.08247
29.875 2.27041 0.674959 0.865515 1.19936
29.9062 2.29102 0.643444 0.9044 1.28599
29.9375 2.3106 0.609768 0.945868 1.36744
29.9688 2.3291 0.573825 0.989581 1.42239
30 2.34645 0.53643 1.03434 1.43858
30.0312 2.36263 0.498575 1.07941 1.44492
30.0625 2.37761 0.460496 1.12462 1.44787
30.0938 2.39141 0.422293 1.16975 1.43605
30.125 2.40401 0.384515 1.21402 1.39308
30.1562 2.41543 0.346448 1.25681 1.34876
30.1875 2.42565 0.307162 1.29846 1.31667
30.2188 2.43463 0.26785 1.33896 1.27128
30.25 2.44239 0.228763 1.37769 1.20539
30.2812 2.44892 0.18915 1.41424 1.1337
30.3125 2.45422 0.15034 1.44845 1.05131
30.3438 2.45834 0.113725 1.4796 0.93891
30.375 2.46135 0.0792851 1.50726 0.837515
30.4062 2.46332 0.0472646 1.53239 0.776909
30.4375 2.46434 0.0183593 1.5561 0.744212
30.4688 2.4645 -0.00792974 1.57911 0.731264
30.5 2.46386 -0.0323562 1.60203 0.740854
30.5312 2.4625 -0.0544191 1.62568 0.773567
30.5625 2.46048 -0.0744432 1.65017 0.78773
30.5938 2.45786 -0.0934276 1.67462 0.775632
30.625 2.45466 -0.111328 1.69877 0.775397
30.6562 2.45091 -0.12821 1.72354 0.817682
30.6875 2.44665 -0.14462 1.75016 0.884488
30.7188 2.44187 -0.160868 1.77841 0.915319
30.75 2.43659 -0.17704 1.80706 0.915795
30.7812 2.43082 -0.192488 1.83542 0.893783
30.8125 2.42458 -0.205967 1.86251 0.834078
30.8438 2.41796 -0.217479 1.88729 0.747471
30.875 2.41101 -0.227644 1.90885 0.626278
30.9062 2.40376 -0.235687 1.9262 0.483212
30.9375 2.3963 -0.241068 1.93905 0.338713
30.9688 2.38871 -0.244818 1.94733 0.19008
31 2.38101 -0.247555 1.95075 0.0233154
31.0312 2.37326 -0.248501 1.94837 -0.182021
31.0625 2.3655 -0.24817 1.93911 -0.412086
31.0938 2.35773 -0.249118 1.92251 -0.652988
31.125 2.34991 -0.251961 1.89813 -0.909825
31.1562 2.34197 -0.255936 1.86555 -1.17468
31.1875 2.33389 -0.261923 1.82495 -1.41638
31.2188 2.32558 -0.269997 1.77752 -1.61355
31.25 2.31701 -0.278691 1.72423 -1.79801
31.2812 2.30816 -0.287597 1.66516 -1.9793
31.3125 2.29902 -0.297584 1.60091 -2.12446
31.3438 2.28955 -0.309102 1.53285 -2.22604
31.375 2.27969 -0.322003 1.46196 -2.30946
31.4062 2.2694 -0.337158 1.38875 -2.36805
31.4375 2.25859 -0.35507 1.31463 -2.36478
31.4688 2.24719 -0.374788 1.24137 -2.32039
31.5 2.23514 -0.39646 1.16978 -2.25854
31.5312 2.22238 -0.420231 1.10031 -2.18765
31.5625 2.20887 -0.444655 1.03316 -2.10492
31.5938 2.19459 -0.469284 0.969147 -1.98616
31.625 2.17953 -0.494581 0.909293 -1.84032
31.6562 2.16368 -0.520412 0.854563 -1.65288
31.6875 2.147 -0.546707 0.806531 -1.41557
31.7188 2.1295 -0.573683 0.766193 -1.16774
31.75 2.11114 -0.601546 0.733266 -0.947132
31.7812 2.0919 -0.630094 0.706365 -0.785748
31.8125 2.07175 -0.659124 0.683605 -0.675085
31.8438 2.05069 -0.688625 0.664224 -0.561788
31.875 2.02871 -0.718015 0.648506 -0.450113
31.9062 2.00583 -0.746763 0.635453 -0.395009
31.9375 1.98205 -0.775073 0.623589 -0.362422
31.9688 1.95739 -0.803096 0.612917 -0.32214
32 1.93187 -0.829663 0.603144 -0.309211
32.0312 1.90556 -0.853543 0.593335 -0.320837
32.0625 1.87854 -0.875738 0.58301 -0.340905
32.0938 1.85084 -0.896872 0.571931 -0.370957
32.125 1.82251 -0.915703 0.559614 -0.419402
32.1562 1.79363 -0.932731 0.545824 -0.458055
32.1875 1.76422 -0.949449 0.531311 -0.467358
32.2188 1.7343 -0.965113 0.516742 -0.463152
32.25 1.70392 -0.979021 0.502456 -0.451873
32.2812 1.67312 -0.99184 0.488247 -0.463103
32.3125 1.64193 -1.00402 0.473315 -0.492068
32.3438 1.61037 -1.01612 0.457613 -0.511942
32.375 1.57843 -1.02805 0.441245 -0.537388
32.4062 1.54612 -1.03913 0.424052 -0.559833
32.4375 1.51349 -1.04963 0.406513 -0.559481
32.4688 1.48054 -1.05877 0.38914 -0.552834
32.5 1.44735 -1.06472 0.372045 -0.536789
32.5312 1.41402 -1.06776 0.355959 -0.488331
32.5625 1.38063 -1.06897 0.341499 -0.441943
32.5938 1.34724 -1.06788 0.328016 -0.423058
32.625 1.31391 -1.06457 0.315241 -0.387713
32.6562 1.2807 -1.06069 0.304243 -0.310593
32.6875 1.24762 -1.05641 0.295966 -0.220105
32.7188 1.21469 -1.05109 0.290351 -0.141106
32.75 1.18193 -1.04594 0.287067 -0.0711318
32.7812 1.14932 -1.04106 0.285591 -0.0314228
32.8125 1.11688 -1.03488 0.284561 -0.0413579
32.8438 1.08464 -1.02802 0.282801 -0.0712133
32.875 1.05262 -1.02135 0.280262 -0.0871313
32.9062 1.02082 -1.01386 0.277625 -0.0789268
32.9375 0.989266 -1.00541 0.275268 -0.0763392
32.9688 0.957976 -0.99724 0.272557 -0.099699
33 0.926933 -0.989521 0.269067 -0.121927
33.0312 0.89613 -0.981908 0.264918 -0.146658
33.0625 0.865558 -0.97482 0.259654 -0.193104
33.0938 0.8352 -0.968108 0.252838 -0.241132
33.125 0.805057 -0.960988 0.244725 -0.276436
33.1562 0.775136 -0.95407 0.235638 -0.303686
33.1875 0.745419 -0.947891 0.225877 -0.318554
33.2188 0.715897 -0.941303 0.215838 -0.323255
33.25 0.686597 -0.933811 0.205698 -0.324764
33.2812 0.657537 -0.925993 0.195647 -0.317006
33.3125 0.628728 -0.917632 0.185844 -0.313528
33.3438 0.6002 -0.907904 0.175812 -0.331175
33.375 0.571998 -0.896876 0.165162 -0.347562
33.4062 0.544144 -0.88587 0.154296 -0.345581
33.4375 0.516627 -0.875195 0.143589 -0.340327
33.4688 0.489457 -0.863435 0.13306 -0.330738
33.5 0.462675 -0.850525 0.123158 -0.300436
33.5312 0.4363 -0.837414 0.114187 -0.278717
33.5625 0.410345 -0.82348 0.105487 -0.27818
33.5938 0.384846 -0.808293 0.0970212 -0.260058
33.625 0.359829 -0.792895 0.0891814 -0.246225
33.6562 0.335286 -0.777903 0.0814719 -0.244328
33.6875 0.311211 -0.762778 0.0743779 -0.201361
33.7188 0.287622 -0.746693 0.0691854 -0.129815
33.75 0.264555 -0.729435 0.0662358 -0.060616
33.7812 0.242046 -0.710869 0.0651193 -0.0186305
33.8125 0.220146 -0.690343 0.0645424 -0.0244956
33.8438 0.198922 -0.667636 0.063433 -0.0470135
33.875 0.17844 -0.642954 0.0615087 -0.0786726
33.9062 0.158754 -0.616727 0.0584634 -0.114014
33.9375 0.139903 -0.589595 0.0546294 -0.127821
33.9688 0.121911 -0.561887 0.0505706 -0.132041
34 0.104782 -0.534533 0.0462991 -0.144185
34.0312 0.0884913 -0.508169 0.0412778 -0.181652
34.0625 0.0730192 -0.482086 0.0349026 -0.222258
34.0938 0.0583482 -0.457226 0.0277458 -0.232082
34.125 0.0444218 -0.434195 0.0203503 -0.244757
34.1562 0.0312184 -0.41059 0.0123293 -0.267211
34.1875 0.0187634 -0.386728 0.00388724 -0.268386
34.2188 0.00703036 -0.364352 -0.00417244 -0.243551
34.25 -0.0040042 -0.341678 -0.0111664 -0.20352
34.2812 -0.0143235 -0.318983 -0.0170341 -0.176277
34.3125 -0.023959 -0.297853 -0.0224172 -0.16995
34.3438 -0.032935 -0.276428 -0.027606 -0.159753
34.375 -0.0412339 -0.254888 -0.0322978 -0.140877
34.4062 -0.0488821 -0.234771 -0.0365507 -0.133597
34.4375 -0.0559061 -0.21465 -0.0405724 -0.118118
34.4688 -0.0622954 -0.194382 -0.0434771 -0.0626488
34.5 -0.0680681 -0.175283 -0.0445192 -0.00917835
34.5312 -0.073258 -0.156878 -0.0443573 0.0177027
34.5625 -0.0778677 -0.137989 -0.0433226 0.0512464
34.5938 -0.0818731 -0.118271 -0.0410676 0.0927319
34.625 -0.0852615 -0.0987069 -0.0375994 0.128044
34.6562 -0.0880482 -0.0796528 -0.0330835 0.162093
34.6875 -0.090236 -0.060313 -0.0272975 0.211893
34.7188 -0.0918221 -0.041399 -0.0196639 0.277781
34.75 -0.0928382 -0.0238241 -0.00995914 0.342026
34.7812 -0.0933168 -0.00680465 0.00155868 0.390656
34.8125 -0.0932606 0.0104544 0.0140378 0.400158
34.8438 -0.0926632 0.0277055 0.0261311 0.367906
34.875 -0.0915392 0.0440194 0.0366631 0.300172
34.9062 -0.0899225 0.0593596 0.0446818 0.214641
34.9375 -0.0878324 0.0743065 0.0504749 0.163742
34.9688 -0.0852929 0.087882 0.0551069 0.130033
35 -0.0823591 0.0996864 0.0583101 0.0719886
35.0312 -0.0790693 0.110766 0.0596318 0.014475
35.0625 -0.0754462 0.120912 0.0592012 -0.0449108
35.0938 -0.0715193 0.130434 0.0566278 -0.121011
35.125 -0.0672879 0.140466 0.0517661 -0.185456
35.1562 -0.062739 0.150648 0.0453652 -0.219762
35.1875 -0.0578689 0.161179 0.0381843 -0.239261
35.2188 -0.0526559 0.172552 0.0304137 -0.257321
35.25 -0.0470819 0.18422 0.0222411 -0.262447
35.2812 -0.0411386 0.196193 0.014203 -0.249663
35.3125 -0.0348253 0.207619 0.00672255 -0.228922
35.3438 -0.0281805 0.217407 -0.000215762 -0.218964
35.375 -0.0212448 0.22644 -0.00722588 -0.232161
35.4062 -0.0140333 0.23494 -0.0146341 -0.23687
35.4375 -0.00657156 0.242489 -0.0216712 -0.209484
35.4688 0.00112045 0.249839 -0.0276762 -0.176373
35.5 0.00904732 0.257553 -0.0327534 -0.147041
35.5312 0.0172223 0.265719 -0.0365882 -0.0927296
35.5625 0.0256586 0.274269 -0.0383708 -0.0231818
35.5938 0.0343719 0.283581 -0.0383736 0.0171207
35.625 0.0433966 0.294199 -0.037438 0.0448381
35.6562 0.0527675 0.305658 -0.0353264 0.0940059
35.6875 0.0625141 0.318446 -0.0313959 0.159793
35.7188 0.0726861 0.332617 -0.0252243 0.23556
35.75 0.0832929 0.346001 -0.0168068 0.29945
35.7812 0.0943109 0.359405 -0.0066671 0.348903
35.8125 0.105774 0.374339 0.00493556 0.389544
35.8438 0.117697 0.388461 0.0171569 0.381997
35.875 0.130048 0.402214 0.0282686 0.323994
35.9062 0.142859 0.418035 0.0372676 0.251491
35.9375 0.156175 0.433887 0.044021 0.182335
35.9688 0.169961 0.448267 0.0488128 0.126941
36 0.184191 0.462482 0.0520958 0.0850182
36.0312 0.198861 0.476212 0.0541783 0.0471112
36.0625 0.21394 0.488652 0.0547996 -0.0128316
36.0938 0.229392 0.500121 0.0531468 -0.0930229
36.125 0.24519 0.51084 0.0491588 -0.158727
36.1562 0.261313 0.521006 0.0433772 -0.209111
36.1875 0.277748 0.530713 0.0363429 -0.235222
36.2188 0.294474 0.539567 0.0289725 -0.234807
36.25 0.31146 0.54736 0.0216203 -0.23642
36.2812 0.328676 0.554328 0.0143185 -0.227067
36.3125 0.346094 0.56025 0.00756193 -0.20655
36.3438 0.363678 0.564977 0.00121126 -0.20247
36.375 0.381401 0.569185 -0.00507776 -0.197847
36.4062 0.399244 0.572586 -0.0111023 -0.189727
36.4375 0.417176 0.575017 -0.0171463 -0.198926
36.4688 0.435193 0.578321 -0.0233405 -0.189602
36.5 0.453334 0.582786 -0.0284562 -0.131812
36.5312 0.471618 0.587495 -0.0315017 -0.0653885
36.5625 0.490065 0.593322 -0.03269 -0.0115325
36.5938 0.508708 0.599831 -0.0321871 0.044926
36.625 0.527548 0.605865 -0.0297997 0.109337
36.6562 0.546574 0.611729 -0.0252824 0.179838
36.6875 0.565771 0.616616 -0.0186391 0.243749
36.7188 0.5851 0.620432 -0.0100337 0.309563
36.75 0.604548 0.624189 0.000919869 0.393912
36.7812 0.624101 0.626956 0.0145771 0.477192
36.8125 0.643722 0.628743 0.0303964 0.527561
36.8438 0.663399 0.630529 0.0470701 0.534066
36.875 0.683127 0.632064 0.0636657 0.528549
36.9062 0.70291 0.634312 0.0799943 0.510678
36.9375 0.722786 0.637903 0.0951458 0.455165
36.9688 0.742783 0.641967 0.108627 0.415862
37 0.76292 0.647079 0.12162 0.419996
37.0312 0.783238 0.65328 0.134924 0.430313
37.0625 0.803744 0.658928 0.14842 0.431282
37.0938 0.824414 0.663963 0.161695 0.415186
37.125 0.845249 0.66964 0.174238 0.386848
37.1562 0.866274 0.67598 0.185917 0.363115
37.1875 0.887491 0.681764 0.197234 0.367632
37.2188 0.908881 0.687341 0.209226 0.402645
37.25 0.930466 0.694343 0.222457 0.444917
37.2812 0.952279 0.701445 0.237135 0.495649
37.3125 0.974292 0.707312 0.253347 0.538287
37.3438 0.996494 0.713879 0.270617 0.567148
37.375 1.01892 0.720993 0.28889 0.602848
37.4062 1.04155 0.727548 0.308172 0.628083
37.4375 1.0644 0.735218 0.328058 0.645627
37.4688 1.08751 0.744042 0.34865 0.674161
37.5 1.1109 0.753155 0.3703 0.713592
37.5312 1.1346 0.763745 0.393426 0.769309
37.5625 1.15866 0.776063 0.418493 0.835306
37.5938 1.18312 0.789434 0.445535 0.891913
37.625 1.20801 0.80363 0.473958 0.923031
37.6562 1.23335 0.818207 0.503093 0.941432
37.6875 1.25915 0.833034 0.532821 0.961561
37.7188 1.28542 0.848328 0.563264 0.989179
37.75 1.31217 0.864223 0.594768 1.02657
37.7812 1.33944 0.880789 0.627207 1.04517
37.8125 1.36723 0.898398 0.660001 1.05524
37.8438 1.3956 0.9173 0.693177 1.064
37.875 1.42456 0.936157 0.726 1.0279
37.9062 1.4541 0.953913 0.757093 0.960747
37.9375 1.48418 0.970924 0.786088 0.896281
37.9688 1.51476 0.986248 0.813206 0.840722
38 1.54579 0.999008 0.838647 0.786281
38.0312 1.57718 1.00958 0.86231 0.729929
38.0625 1.60885 1.01704 0.884518 0.695088
38.0938 1.64071 1.02123 0.905737 0.658687
38.125 1.67266 1.02336 0.92536 0.59296
38.1562 1.70464 1.02299 0.942617 0.509655
38.1875 1.73658 1.02082 0.957285 0.435605
38.2188 1.76845 1.01874 0.970568 0.427157
38.25 1.80024 1.01613 0.984389 0.456305
38.2812 1.83194 1.01232 0.998878 0.470577
38.3125 1.86351 1.00771 1.01407 0.507071
38.3438 1.89491 1.00202 1.03059 0.544717
38.375 1.92612 0.994863 1.0477 0.546627
38.4062 1.95707 0.985776 1.06481 0.551977
38.4375 1.98771 0.974898 1.0823 0.565307
38.4688 2.01799 0.963027 1.09987 0.555636
38.5 2.04789 0.950413 1.11706 0.550085
38.5312 2.07738 0.936458 1.13469 0.581993
38.5625 2.1064 0.920909 1.15332 0.605101
38.5938 2.13493 0.905147 1.17226 0.606782
38.625 2.16297 0.889061 1.19132 0.61227
38.6562 2.19048 0.871175 1.21035 0.601564
38.6875 2.21741 0.852771 1.22873 0.572892
38.7188 2.24378 0.8343 1.2461 0.539734
38.75 2.26954 0.814269 1.26275 0.53294
38.7812 2.29467 0.793808 1.27971 0.553176
38.8125 2.31916 0.77383 1.29705 0.549925
38.8438 2.34301 0.752413 1.31375 0.515425
38.875 2.36616 0.728941 1.32912 0.466252
38.9062 2.38856 0.703976 1.34269 0.397467
38.9375 2.41013 0.676254 1.35363 0.299881
38.9688 2.43079 0.645364 1.3616 0.216683
39 2.45045 0.612347 1.36746 0.158983
39.0312 2.46904 0.577684 1.37147 0.0980378
39.0625 2.48654 0.542091 1.37383 0.0573991
39.0938 2.50291 0.505227 1.37521 0.0324749
39.125 2.5181 0.466531 1.376 0.0212223
39.1562 2.53206 0.426675 1.37661 0.0149731
39.1875 2.54475 0.385277 1.37662 -0.0183615
39.2188 2.55612 0.342202 1.37553 -0.045952
39.25 2.56613 0.297935 1.37414 -0.0377551
39.2812 2.57473 0.252277 1.37322 -0.0250177
39.3125 2.58189 0.206127 1.37214 -0.0512361
39.3438 2.58761 0.159799 1.36977 -0.101351
39.375 2.59187 0.112782 1.36586 -0.148215
39.4062 2.59467 0.0667962 1.36064 -0.181481
39.4375 2.59606 0.0224873 1.35482 -0.187353
39.4688 2.59608 -0.0215192 1.34903 -0.180531
39.5 2.59472 -0.0649835 1.34395 -0.134852
39.5312 2.59202 -0.108369 1.34113 -0.0422509
39.5625 2.58794 -0.152999 1.34128 0.0502815
39.5938 2.58244 -0.198582 1.34423 0.138385
39.625 2.57551 -0.245566 1.34987 0.220052
39.6562 2.56708 -0.294143 1.35774 0.280172
39.6875 2.55713 -0.342282 1.36735 0.338767
39.7188 2.5457 -0.389319 1.37934 0.434761
39.75 2.5328 -0.4358 1.39462 0.540188
39.7812 2.51848 -0.48032 1.41294 0.632119
39.8125 2.50282 -0.521512 1.43416 0.723835
39.8438 2.48592 -0.559628 1.45778 0.779984
39.875 2.46787 -0.595104 1.48249 0.796146
39.9062 2.44876 -0.627477 1.50717 0.775572
39.9375 2.42869 -0.656134 1.53049 0.711766
39.9688 2.40778 -0.681804 1.55159 0.640674
40 2.38611 -0.704193 1.57067 0.580915
40.0312 2.36381 -0.722327 1.58767 0.500439
40.0625 2.341 -0.737424 1.60155 0.384101
40.0938 2.31775 -0.75012 1.61153 0.250957
40.125 2.29414 -0.760447 1.61689 0.085655
40.1562 2.27024 -0.769196 1.61659 -0.106524
40.1875 2.24608 -0.776254 1.61014 -0.308391
40.2188 2.22174 -0.781599 1.59729 -0.511783
40.25 2.19726 -0.784562 1.57841 -0.692576
40.2812 2.17274 -0.784299 1.5542 -0.853293
40.3125 2.14825 -0.782601 1.5254 -0.984846
40.3438 2.12383 -0.780293 1.4926 -1.12056
40.375 2.0995 -0.77661 1.455 -1.28713
40.4062 2.07529 -0.77298 1.41253 -1.42103
40.4375 2.05118 -0.77041 1.36664 -1.51283
40.4688 2.02714 -0.768245 1.31808 -1.59339
40.5 2.00316 -0.76644 1.26723 -1.65534
40.5312 1.97923 -0.765511 1.21515 -1.66813
40.5625 1.9553 -0.765941 1.16348 -1.6347
40.5938 1.93135 -0.766842 1.11303 -1.59372
40.625 1.90737 -0.76766 1.06402 -1.53879
40.6562 1.88336 -0.769203 1.01702 -1.46852
40.6875 1.8593 -0.770508 0.972369 -1.38487
40.7188 1.83521 -0.771793 0.930768 -1.27356
40.75 1.81105 -0.774558 0.89292 -1.14726
40.7812 1.7868 -0.777347 0.8591 -1.01881
40.8125 1.76246 -0.780651 0.828903 -0.922364
40.8438 1.73798 -0.786211 0.800934 -0.873777
40.875 1.71332 -0.791783 0.774053 -0.849049
40.9062 1.6885 -0.796429 0.747764 -0.834463
40.9375 1.66354 -0.801178 0.72182 -0.828379
40.9688 1.63844 -0.804944 0.695808 -0.837649
41 1.61325 -0.807318 0.669619 -0.833536
41.0312 1.588 -0.808583 0.643917 -0.811383
41.0625 1.56273 -0.808306 0.618833 -0.793825
41.0938 1.53748 -0.807673 0.594416 -0.767963
41.125 1.51224 -0.80762 0.570636 -0.760685
41.1562 1.487 -0.807748 0.546459 -0.791133
41.1875 1.46175 -0.808726 0.521089 -0.831667
41.2188 1.43645 -0.810729 0.494655 -0.856152
41.25 1.41107 -0.813114 0.467748 -0.865833
41.2812 1.38563 -0.815516 0.440453 -0.881201
41.3125 1.36011 -0.817648 0.412872 -0.879203
41.3438 1.33452 -0.820341 0.38562 -0.86733
41.375 1.30883 -0.823403 0.358399 -0.878139
41.4062 1.28306 -0.826151 0.330671 -0.895948
41.4375 1.25719 -0.82972 0.302497 -0.903812
41.4688 1.23121 -0.832685 0.274549 -0.87786
41.5 1.20517 -0.833103 0.247954 -0.821671
41.5312 1.17915 -0.832456 0.223304 -0.753286
41.5625 1.15316 -0.830599 0.201113 -0.662799
41.5938 1.12726 -0.826457 0.182114 -0.549801
41.625 1.10151 -0.821293 0.166879 -0.425787
41.6562 1.07593 -0.815861 0.155244 -0.325045
41.6875 1.05053 -0.809972 0.146302 -0.247936
41.7188 1.02532 -0.803445 0.139838 -0.16424
41.75 1.00032 -0.796516 0.136057 -0.0778555
41.7812 0.975527 -0.790151 0.134949 0.00497089
41.8125 0.95093 -0.783946 0.136031 0.0561971
41.8438 0.926538 -0.777068 0.138019 0.0667932
41.875 0.902363 -0.770241 0.140046 0.0595659
41.9062 0.878398 -0.763459 0.141397 0.0211119
41.9375 0.854654 -0.756052 0.141239 -0.0286015
41.9688 0.831149 -0.748202 0.139883 -0.0549509
42 0.807895 -0.739965 0.137806 -0.0803042
42.0312 0.7849 -0.731788 0.134738 -0.11671
42.0625 0.76215 -0.724429 0.130545 -0.150721
42.0938 0.739614 -0.717986 0.125354 -0.181263
42.125 0.717268 -0.712236 0.119217 -0.211946
42.1562 0.695095 -0.70693 0.112007 -0.252547
42.1875 0.673071 -0.702912 0.103199 -0.314249
42.2188 0.651149 -0.700138 0.0923147 -0.380734
42.25 0.629323 -0.696468 0.0795933 -0.429777
42.2812 0.607624 -0.692434 0.0657036 -0.454602
42.3125 0.586039 -0.688903 0.0514811 -0.451508
42.3438 0.564584 -0.683918 0.0376088 -0.43676
42.375 0.5433 -0.678458 0.0240586 -0.432967
42.4062 0.522167 -0.674157 0.0104472 -0.438224
42.4375 0.501165 -0.669989 -0.00321544 -0.432886
42.4688 0.48028 -0.667025 -0.016412 -0.409712
42.5 0.45946 -0.665504 -0.0287395 -0.376858
42.5312 0.438692 -0.663491 -0.0396224 -0.311667
42.5625 0.41799 -0.661546 -0.0478093 -0.209836
42.5938 0.397346 -0.659538 -0.0528463 -0.115887
42.625 0.376782 -0.656384 -0.0551105 -0.0268878
42.6562 0.356317 -0.653553 -0.0543528 0.0766397
42.6875 0.33593 -0.651164 -0.0504019 0.173174
42.7188 0.315633 -0.647608 -0.0437383 0.250053
42.75 0.295461 -0.643411 -0.0349524 0.310325
42.7812 0.275421 -0.638967 -0.0243368 0.371192
42.8125 0.255547 -0.63254 -0.011621 0.442582
42.8438 0.235914 -0.623701 0.00305779 0.48855
42.875 0.216571 -0.614197 0.0182904 0.476863
42.9062 0.197535 -0.60381 0.0324508 0.426325
42.9375 0.178858 -0.591169 0.0449162 0.372639
42.9688 0.160594 -0.577834 0.0557825 0.322158
43 0.142737 -0.564996 0.0649446 0.262433
43.0312 0.12529 -0.551447 0.0721591 0.200581
43.0625 0.108276 -0.537553 0.0776022 0.149001
43.0938 0.0916858 -0.524299 0.0814084 0.0914172
43.125 0.0755026 -0.511496 0.0831003 0.0148329
43.1562 0.0597119 -0.499174 0.0823634 -0.0598472
43.1875 0.0443048 -0.486785 0.0794545 -0.126621
43.2188 0.0292954 -0.473722 0.0743287 -0.203835
43.25 0.0147018 -0.460186 0.0666413 -0.287572
43.2812 0.000540917 -0.445975 0.0565012 -0.357615
43.3125 -0.013164 -0.431025 0.0445666 -0.402034
43.3438 -0.026388 -0.415086 0.0315307 -0.43183
43.375 -0.0390929 -0.397881 0.0175223 -0.465874
43.4062 -0.051255 -0.380574 0.002384 -0.50275
43.4375 -0.062881 -0.363426 -0.0138539 -0.535015
43.4688 -0.0739614 -0.345629 -0.0308783 -0.55031
43.5 -0.0844843 -0.327961 -0.0479467 -0.53734
43.5312 -0.0944652 -0.310821 -0.0641776 -0.496573
43.5625 -0.103903 -0.292929 -0.0786388 -0.423354
43.5938 -0.112756 -0.273446 -0.0903716 -0.325288
43.625 -0.120978 -0.252483 -0.0989444 -0.224225
43.6562 -0.128522 -0.230126 -0.104458 -0.129583
43.6875 -0.135345 -0.206358 -0.107062 -0.0367983
43.7188 -0.141413 -0.182016 -0.106745 0.0566623
43.75 -0.146727 -0.15814 -0.103573 0.145874
43.7812 -0.151298 -0.134339 -0.0976037 0.236849
43.8125 -0.155118 -0.110094 -0.0888161 0.322777
43.8438 -0.15818 -0.0859358 -0.0776565 0.388351
43.875 -0.160489 -0.0617239 -0.0646873 0.438792
43.9062 -0.162031 -0.0369167 -0.0505753 0.456445
43.9375 -0.162797 -0.0121864 -0.0366483 0.428988
43.9688 -0.162799 0.0119964 -0.0239636 0.381875
44 -0.162051 0.0357483 -0.0127126 0.341689
44.0312 -0.16057 0.0589746 -0.00228045 0.330936
44.0625 -0.158364 0.0822945 0.00803468 0.325366
44.0938 -0.155428 0.105461 0.0176714 0.286268
44.125 -0.151785 0.127605 0.0258606 0.240377
44.1562 -0.147446 0.15034 0.0328762 0.209702
44.1875 -0.142378 0.173881 0.0388537 0.168957
44.2188 -0.136598 0.19567 0.0431962 0.106502
44.25 -0.130157 0.2167 0.0454924 0.0419264
44.2812 -0.123042 0.238762 0.0459255 -0.0131103
44.3125 -0.11525 0.259484 0.0446885 -0.0660023
44.3438 -0.106848 0.278059 0.0418642 -0.112432
44.375 -0.0978757 0.296031 0.0378522 -0.141476
44.4062 -0.0883636 0.312318 0.0330924 -0.164496
44.4375 -0.0783787 0.326515 0.0273518 -0.207158
44.4688 -0.0679613 0.34012 0.0200236 -0.259939
44.5 -0.0571344 0.352495 0.0114482 -0.281586
44.5312 -0.0459444 0.363618 0.00283013 -0.264907
44.5625 -0.0344015 0.37528 -0.00483619 -0.22151
44.5938 -0.0224848 0.387382 -0.0107865 -0.157127
44.625 -0.0101885 0.399712 -0.0146392 -0.0903757
44.6562 0.00251193 0.413408 -0.0164749 -0.0269741
44.6875 0.0156666 0.428715 -0.0162991 0.0383324
44.7188 0.0293175 0.445053 -0.0140985 0.102267
44.75 0.0434844 0.461593 -0.00987838 0.168869
44.7812 0.0581633 0.477813 -0.00349994 0.239039
44.8125 0.0733463 0.493876 0.00496149 0.3
44.8438 0.0890275 0.50966 0.0150897 0.345802
44.875 0.1052 0.525511 0.0264087 0.375254
44.9062 0.121884 0.542485 0.0382832 0.380263
44.9375 0.139119 0.560666 0.0499275 0.361536
44.9688 0.156931 0.579381 0.0606637 0.32201
45 0.175333 0.598373 0.0698872 0.267678
45.0312 0.194332 0.617586 0.0775179 0.224472
45.0625 0.213925 0.636188 0.0841489 0.202776
45.0938 0.23408 0.65357 0.0903082 0.192246
45.125 0.254772 0.670745 0.0960956 0.174563
45.1562 0.276001 0.687805 0.100907 0.129072
45.1875 0.297746 0.703615 0.10411 0.0786551
45.2188 0.319971 0.71885 0.106057 0.0486118
45.25 0.342674 0.734091 0.107165 0.0207937
45.2812 0.365843 0.748535 0.10724 -0.0176334
45.3125 0.389449 0.762129 0.106025 -0.0591353
45.3438 0.41347 0.7751 0.103729 -0.0836483
45.375 0.437894 0.788147 0.100986 -0.0911178
45.4062 0.462736 0.801768 0.097984 -0.101904
45.4375 0.487995 0.814552 0.0946379 -0.111171
45.4688 0.513638 0.82672 0.0910546 -0.118915
45.5 0.539679 0.840124 0.0871734 -0.128581
45.5312 0.56615 0.853915 0.0831985 -0.121366
45.5625 0.59304 0.867025 0.0799218 -0.0822824
45.5938 0.620341 0.880287 0.0784447 -0.00680044
45.625 0.648062 0.893814 0.0796859 0.0862541
45.6562 0.676197 0.906636 0.0836885 0.166375
45.6875 0.704713 0.918235 0.0899009 0.229565
45.7188 0.73358 0.929194 0.0979919 0.287412
45.75 0.762778 0.939182 0.107704 0.32992
45.7812 0.792257 0.947171 0.118379 0.35184
45.8125 0.821967 0.954174 0.129748 0.376583
45.8438 0.851881 0.959946 0.141747 0.385219
45.875 0.881936 0.963327 0.153442 0.359445
45.9062 0.912089 0.966654 0.164085 0.319108
45.9375 0.942361 0.970721 0.173097 0.25289
45.9688 0.972749 0.973977 0.179809 0.179031
46 1.00324 0.977637 0.184454 0.119138
46.0312 1.03385 0.981447 0.187244 0.0604315
46.0625 1.06455 0.982824 0.188457 0.0222448
46.0938 1.09526 0.981966 0.1889 0.00895349
46.125 1.12591 0.979253 0.189102 0.00346613
46.1562 1.15643 0.973761 0.188936 -0.0182825
46.1875 1.18675 0.966353 0.187836 -0.0504291
46.2188 1.21682 0.957905 0.185983 -0.0663696
46.25 1.2466 0.948194 0.183687 -0.0792544
46.2812 1.27607 0.937339 0.181441 -0.0539731
46.3125 1.30517 0.92525 0.180794 0.0138426
46.3438 1.33389 0.91229 0.182076 0.0639277
46.375 1.36219 0.898675 0.184789 0.114145
46.4062 1.39004 0.883925 0.189612 0.200975
46.4375 1.41743 0.868832 0.197605 0.310989
46.4688 1.44435 0.854188 0.208849 0.404077
46.5 1.47082 0.839912 0.222748 0.487523
46.5312 1.49684 0.825632 0.239572 0.593261
46.5625 1.52242 0.811426 0.26007 0.723507
46.5938 1.54758 0.799017 0.285122 0.883378
46.625 1.57238 0.788272 0.315294 1.04602
46.6562 1.59684 0.777597 0.350481 1.20671
46.6875 1.62099 0.768263 0.390559 1.3503
46.7188 1.64488 0.760928 0.434217 1.43564
46.75 1.66856 0.754418 0.480158 1.5069
46.7812 1.69204 0.748882 0.528471 1.58281
46.8125 1.71537 0.744268 0.57875 1.62846
46.8438 1.73857 0.740466 0.629897 1.64108
46.875 1.76166 0.737694 0.681208 1.64238
46.9062 1.78467 0.734419 0.732441 1.63227
46.9375 1.80756 0.730577 0.782844 1.58747
46.9688 1.83034 0.727318 0.831378 1.51539
47 1.853 0.722889 0.877371 1.42611
47.0312 1.8755 0.717115 0.920521 1.33762
47.0625 1.89782 0.711096 0.961081 1.25836
47.0938 1.91992 0.702903 0.999154 1.17954
47.125 1.94173 0.692896 1.035 1.1182
47.1562 1.96323 0.683155 1.06908 1.06031
47.1875 1.98443 0.673304 1.10109 0.986937
47.2188 2.00532 0.664173 1.13078 0.915116
47.25 2.02596 0.656879 1.15843 0.857153
47.2812 2.04638 0.650505 1.1846 0.823055
47.3125 2.06661 0.644109 1.21028 0.827176
47.3438 2.08663 0.636873 1.23651 0.849692
47.375 2.10641 0.628675 1.26304 0.841415
47.4062 2.12591 0.619387 1.28895 0.820046
47.4375 2.1451 0.608532 1.31457 0.821886
47.4688 2.16395 0.59753 1.34017 0.812247
47.5 2.18245 0.586934 1.36529 0.799902
47.5312 2.20062 0.575871 1.39053 0.818856
47.5625 2.21845 0.565457 1.4165 0.843373
47.5938 2.23597 0.555808 1.44357 0.898502
47.625 2.25318 0.545663 1.47315 0.997586
47.6562 2.27008 0.535765 1.50573 1.08151
47.6875 2.28668 0.526544 1.54045 1.13634
47.7188 2.30299 0.516991 1.57642 1.15949
47.75 2.31898 0.506291 1.61257 1.15054
47.7812 2.33462 0.494657 1.64812 1.12182
47.8125 2.34989 0.482967 1.68259 1.08464
47.8438 2.36479 0.470391 1.71596 1.04983
47.875 2.37927 0.456089 1.74784 0.980875
47.9062 2.39329 0.440909 1.77674 0.862681
47.9375 2.40682 0.424827 1.80152 0.720707
47.9688 2.41983 0.407553 1.82162 0.562675
48 2.43228 0.388827 1.83649 0.385938
48.0312 2.44412 0.368754 1.84564 0.199567
48.0625 2.45533 0.348686 1.84902 0.018534
48.0938 2.46591 0.328132 1.84699 -0.143878
48.125 2.47582 0.306343 1.8403 -0.282247
48.1562 2.48505 0.284619 1.82918 -0.434972
48.1875 2.49361 0.263108 1.81281 -0.615618
48.2188 2.5015 0.241388 1.79063 -0.804959
48.25 2.5087 0.219755 1.76244 -0.999081
48.2812 2.51523 0.197859 1.72828 -1.18413
48.3125 2.52106 0.175157 1.68877 -1.33709
48.3438 2.52616 0.151209 1.64517 -1.44822
48.375 2.5305 0.126046 1.59824 -1.55843
48.4062 2.53403 0.100312 1.54771 -1.67244
48.4375 2.53675 0.073567 1.49412 -1.74895
48.4688 2.53861 0.0451059 1.43892 -1.77544
48.5 2.53956 0.014854 1.38365 -1.75554
48.5312 2.53951 -0.0188052 1.32953 -1.7036
48.5625 2.53833 -0.0574167 1.27747 -1.6224
48.5938 2.53587 -0.100368 1.22852 -1.50422
48.625 2.53201 -0.147691 1.18371 -1.36348
48.6562 2.5266 -0.199091 1.14317 -1.23289
48.6875 2.51955 -0.252454 1.10666 -1.10342
48.7188 2.51081 -0.307012 1.07415 -0.979043
48.75 2.50035 -0.362196 1.04552 -0.847554
48.7812 2.48818 -0.416861 1.02167 -0.673227
48.8125 2.4743 -0.471175 1.00345 -0.495245
48.8438 2.45874 -0.524634 0.990715 -0.317425
48.875 2.44153 -0.576391 0.983729 -0.131034
48.9062 2.42273 -0.626878 0.982123 0.016578
48.9375 2.40236 -0.675877 0.983866 0.0818742
48.9688 2.3805 -0.722933 0.986889 0.114178
49 2.3572 -0.768601 0.991281 0.167701
49.0312 2.33249 -0.811605 0.997057 0.194483
49.0625 2.30651 -0.850728 1.00315 0.194788
49.0938 2.27934 -0.887689 1.00928 0.198379
49.125 2.25106 -0.921699 1.01557 0.203188
49.1562 2.22179 -0.950838 1.0217 0.181945
49.1875 2.19167 -0.976845 1.02654 0.123281
49.2188 2.16076 -1.00058 1.02923 0.046058
49.25 2.12917 -1.02064 1.02916 -0.0541509
49.2812 2.09701 -1.03695 1.02587 -0.152916
49.3125 2.06438 -1.0508 1.01992 -0.221436
49.3438 2.03136 -1.06257 1.01248 -0.249189
49.375 1.998 -1.07174 1.00431 -0.279935
49.4062 1.9644 -1.07865 0.994532 -0.349265
49.4375 1.93061 -1.08367 0.982594 -0.411424
49.4688 1.89669 -1.08691 0.968879 -0.466689
49.5 1.86268 -1.08911 0.953561 -0.508214
49.5312 1.82863 -1.09037 0.937445 -0.520835
49.5625 1.79455 -1.09081 0.921001 -0.531709
49.5938 1.76045 -1.09128 0.904339 -0.531386
49.625 1.72635 -1.09073 0.887918 -0.519442
49.6562 1.6923 -1.0882 0.871812 -0.512962
49.6875 1.65835 -1.08479 0.855692 -0.522886
49.7188 1.62452 -1.08006 0.838806 -0.562971
49.75 1.59086 -1.07374 0.820307 -0.621189
49.7812 1.5574 -1.06758 0.800158 -0.663617
49.8125 1.52414 -1.0616 0.77906 -0.685778
49.8438 1.49106 -1.05512 0.757174 -0.718042
49.875 1.45819 -1.04839 0.73406 -0.761786
49.9062 1.42554 -1.0409 0.709555 -0.806598
49.9375 1.39315 -1.032 0.683697 -0.846493
49.9688 1.36106 -1.02118 0.656757 -0.876884
