0 0 0 0 0
0.03125 1.55596e-07 9.95817e-06 2.79984e-44 3.118e-41
0.0625 6.22385e-07 1.99163e-05 1.86633e-34 9.55857e-32
0.09375 1.40037e-06 2.98745e-05 6.97878e-29 2.3373e-26
0.125 2.48954e-06 3.98327e-05 5.41679e-25 1.33647e-22
0.15625 3.88991e-06 4.97908e-05 4.84857e-22 9.31233e-20
0.1875 5.60147e-06 5.9749e-05 1.05871e-19 1.64025e-17
0.21875 7.62422e-06 6.97072e-05 8.64869e-18 1.10724e-15
0.25 9.95817e-06 7.96654e-05 3.31972e-16 3.5201e-14
0.28125 1.26033e-05 8.96234e-05 6.80355e-15 5.98537e-13
0.3125 1.55596e-05 9.95792e-05 8.44955e-14 6.22864e-12
0.34375 1.8827e-05 0.000109531 6.89933e-13 4.18772e-11
0.375 2.24056e-05 0.000119508 3.77251e-12 1.82191e-10
0.40625 2.62973e-05 0.000129583 1.45055e-11 5.56965e-10
0.4375 3.0505e-05 0.000139688 4.25039e-11 1.29916e-09
0.46875 3.50229e-05 0.000149328 9.85949e-11 2.31514e-09
0.5 3.98292e-05 0.000158176 1.89142e-10 3.54794e-09
0.53125 4.4911e-05 0.000167247 3.27329e-10 5.41794e-09
0.5625 5.02994e-05 0.000177885 5.32528e-10 7.74351e-09
0.59375 5.60384e-05 0.000189423 8.13683e-10 1.03377e-08
0.625 6.21364e-05 0.000200892 1.18679e-09 1.36727e-08
0.65625 6.86074e-05 0.000213572 1.67359e-09 1.75253e-08
0.6875 7.54961e-05 0.000227193 2.28426e-09 2.16012e-08
0.71875 8.27808e-05 0.000238451 3.02758e-09 2.60567e-08
0.75 9.03727e-05 0.000247279 3.91864e-09 3.10388e-08
0.78125 9.82361e-05 0.000255948 4.96659e-09 3.59397e-08
0.8125 0.000106353 0.000263033 6.16157e-09 4.06064e-08
0.84375 0.000114651 0.000267935 7.51457e-09 4.61186e-08
0.875 0.000123104 0.00027323 9.04196e-09 5.14866e-08
0.90625 0.000131726 0.000278342 1.07305e-08 5.67623e-08
0.9375 0.000140488 0.000282388 1.26059e-08 6.33924e-08
0.96875 0.000149389 0.00028757 1.46845e-08 6.93887e-08
1 0.000158468 0.000293424 1.69393e-08 7.51315e-08
1.03125 0.000167723 0.000299002 1.93952e-08 8.20953e-08
1.0625 0.000177174 0.000306136 2.2059e-08 8.81519e-08
1.09375 0.000186867 0.000314201 2.49026e-08 9.40081e-08
1.125 0.000196811 0.00032238 2.79433e-08 1.00577e-07
1.15625 0.000207034 0.000332222 3.11795e-08 1.0641e-07
1.1875 0.000217583 0.000342879 3.45952e-08 1.1232e-07
1.21875 0.000228466 0.000353806 3.82043e-08 1.18644e-07
1.25 0.000239714 0.000366302 4.20074e-08 1.24737e-07
1.28125 0.000251365 0.000379324 4.60032e-08 1.31085e-07
1.3125 0.000263424 0.000392685 5.02062e-08 1.37997e-07
1.34375 0.000275923 0.000407401 5.46335e-08 1.45451e-07
1.375 0.000288888 0.000422303 5.93056e-08 1.53744e-07
1.40625 0.00030232 0.000437566 6.42517e-08 1.62815e-07
1.4375 0.000316248 0.000453904 6.94689e-08 1.70753e-07
1.46875 0.000330689 0.000470265 7.49114e-08 1.77698e-07
1.5 0.000345646 0.000487179 8.06103e-08 1.8795e-07
1.53125 0.000361144 0.000504684 8.67261e-08 2.04583e-07
1.5625 0.00037718 0.000521492 9.34502e-08 2.26071e-07
1.59375 0.000393741 0.000538571 1.0082e-07 2.4424e-07
1.625 0.000410851 0.00055655 1.0862e-07 2.53874e-07
1.65625 0.000428529 0.000574992 1.16688e-07 2.63353e-07
1.6875 0.000446794 0.000594009 1.25134e-07 2.77525e-07
1.71875 0.000465649 0.000612543 1.34009e-07 2.89734e-07
1.75 0.000485073 0.000630601 1.43217e-07 2.99845e-07
1.78125 0.000505066 0.000648937 1.52799e-07 3.14484e-07
1.8125 0.000525616 0.00066587 1.62926e-07 3.33954e-07
1.84375 0.00054667 0.00068163 1.73655e-07 3.52162e-07
1.875 0.000568233 0.000698779 1.84928e-07 3.7005e-07
1.90625 0.000590357 0.000717259 1.96873e-07 3.9581e-07
1.9375 0.000613064 0.000736014 2.09695e-07 4.24238e-07
1.96875 0.000636362 0.000755081 2.23347e-07 4.49656e-07
2 0.000660264 0.000774764 2.37866e-07 4.80807e-07
2.03125 0.000684785 0.000794452 2.53402e-07 5.12173e-07
2.0625 0.000709898 0.000812448 2.69784e-07 5.35669e-07
2.09375 0.000735551 0.000829285 2.86912e-07 5.61222e-07
2.125 0.000761729 0.000846027 3.04823e-07 5.82821e-07
2.15625 0.000788407 0.000860946 3.23167e-07 5.89283e-07
2.1875 0.000815524 0.000874574 3.41642e-07 5.94043e-07
2.21875 0.000843078 0.000888953 3.60311e-07 5.99552e-07
2.25 0.000871077 0.000902766 3.78962e-07 5.91738e-07
2.28125 0.000899495 0.00091612 3.97265e-07 5.81167e-07
2.3125 0.000928351 0.000930898 4.15404e-07 5.80487e-07
2.34375 0.00095768 0.00094612 4.33468e-07 5.73348e-07
2.375 0.000987482 0.000961344 4.51181e-07 5.61773e-07
2.40625 0.00101778 0.000977754 4.6876e-07 5.6561e-07
2.4375 0.0010486 0.000994722 4.86514e-07 5.6821e-07
2.46875 0.00107994 0.0010114 5.04168e-07 5.62368e-07
2.5 0.00111181 0.00102833 5.21833e-07 5.70956e-07
2.53125 0.00114422 0.00104548 5.39867e-07 5.81151e-07
2.5625 0.00117715 0.00106188 5.58057e-07 5.83846e-07
2.59375 0.00121058 0.00107764 5.76556e-07 6.03422e-07
2.625 0.0012445 0.00109294 5.95792e-07 6.24759e-07
2.65625 0.00127887 0.00110666 6.15381e-07 6.27043e-07
2.6875 0.00131365 0.00111932 6.35022e-07 6.31894e-07
2.71875 0.00134883 0.00113224 6.54924e-07 6.41039e-07
2.75 0.0013844 0.0011441 6.75038e-07 6.46901e-07
2.78125 0.00142032 0.00115449 6.95502e-07 6.65525e-07
2.8125 0.00145655 0.00116432 7.16696e-07 6.90015e-07
2.84375 0.00149308 0.00117277 7.38566e-07 7.10111e-07
2.875 0.00152984 0.00118042 7.61237e-07 7.44195e-07
2.90625 0.00156685 0.00118804 7.85179e-07 7.8712e-07
2.9375 0.00160409 0.00119478 8.10268e-07 8.16226e-07
2.96875 0.00164154 0.00120251 8.36224e-07 8.48581e-07
3 0.00167926 0.00121199 8.63619e-07 9.09213e-07
3.03125 0.00171727 0.00122039 8.93167e-07 9.81045e-07
3.0625 0.00175553 0.00122796 9.24788e-07 1.03979e-06
3.09375 0.00179403 0.00123607 9.57971e-07 1.08097e-06
3.125 0.00183278 0.00124356 9.92199e-07 1.10864e-06
3.15625 0.00187175 0.00125058 1.02733e-06 1.14192e-06
3.1875 0.00191094 0.00125807 1.06358e-06 1.17434e-06
3.21875 0.00195038 0.00126651 1.10041e-06 1.17952e-06
3.25 0.00199012 0.00127647 1.13742e-06 1.1964e-06
3.28125 0.00203017 0.00128707 1.17555e-06 1.24493e-06
3.3125 0.00207056 0.0012983 1.21498e-06 1.27261e-06
3.34375 0.00211133 0.00131109 1.255e-06 1.29205e-06
3.375 0.0021525 0.00132363 1.29596e-06 1.32966e-06
3.40625 0.00219405 0.00133509 1.33788e-06 1.34845e-06
3.4375 0.00223595 0.00134697 1.38009e-06 1.35315e-06
3.46875 0.00227823 0.0013582 1.42241e-06 1.35261e-06
3.5 0.00232082 0.00136768 1.46439e-06 1.33183e-06
3.53125 0.00236371 0.00137718 1.50572e-06 1.31529e-06
3.5625 0.00240689 0.00138672 1.54655e-06 1.29391e-06
3.59375 0.00245036 0.00139527 1.58641e-06 1.25918e-06
3.625 0.0024941 0.00140418 1.6256e-06 1.25462e-06
3.65625 0.00253814 0.00141402 1.66487e-06 1.25342e-06
3.6875 0.00258248 0.00142352 1.70362e-06 1.22545e-06
3.71875 0.00262711 0.00143292 1.7417e-06 1.21761e-06
3.75 0.00267204 0.00144293 1.7799e-06 1.22668e-06
3.78125 0.00271729 0.00145295 1.81834e-06 1.23582e-06
3.8125 0.00276285 0.00146277 1.85743e-06 1.27016e-06
3.84375 0.00280871 0.00147233 1.8978e-06 1.31165e-06
3.875 0.00285486 0.00148069 1.93925e-06 1.33991e-06
3.90625 0.00290124 0.00148737 1.98157e-06 1.36992e-06
3.9375 0.00294781 0.001493 2.02501e-06 1.41342e-06
3.96875 0.00299454 0.00149785 2.07003e-06 1.4674e-06
4 0.0030414 0.00150119 2.11646e-06 1.49769e-06
4.03125 0.00308835 0.00150341 2.16345e-06 1.51224e-06
4.0625 0.00313537 0.00150594 2.2113e-06 1.55396e-06
4.09375 0.00318246 0.00150762 2.26056e-06 1.59636e-06
4.125 0.00322957 0.00150712 2.31103e-06 1.63617e-06
4.15625 0.00327665 0.00150582 2.36288e-06 1.67644e-06
4.1875 0.00332368 0.0015042 2.41513e-06 1.65758e-06
4.21875 0.00337066 0.00150236 2.4665e-06 1.64213e-06
4.25 0.00341759 0.00150145 2.51865e-06 1.70276e-06
4.28125 0.0034645 0.00150084 2.57261e-06 1.73908e-06
4.3125 0.0035114 0.00150092 2.62703e-06 1.75054e-06
4.34375 0.00355833 0.00150276 2.68283e-06 1.83153e-06
4.375 0.00360532 0.00150384 2.74155e-06 1.91819e-06
4.40625 0.00365231 0.00150388 2.80216e-06 1.95635e-06
4.4375 0.00369932 0.00150496 2.86382e-06 1.99039e-06
4.46875 0.00374636 0.00150505 2.92644e-06 2.0145e-06
4.5 0.00379337 0.00150365 2.98971e-06 2.03871e-06
4.53125 0.00384035 0.00150317 3.05412e-06 2.08348e-06
4.5625 0.00388732 0.00150288 3.11969e-06 2.10962e-06
4.59375 0.00393427 0.00150209 3.1863e-06 2.1679e-06
4.625 0.00398121 0.00150186 3.2561e-06 2.30597e-06
4.65625 0.00402814 0.00150189 3.33017e-06 2.42562e-06
4.6875 0.00407507 0.00150176 3.40766e-06 2.5456e-06
4.71875 0.004122 0.00150111 3.49016e-06 2.7411e-06
4.75 0.00416888 0.00149955 3.57851e-06 2.89597e-06
4.78125 0.00421571 0.00149735 3.67045e-06 2.98951e-06
4.8125 0.00426245 0.0014938 3.76601e-06 3.13759e-06
4.84375 0.00430906 0.00148895 3.86671e-06 3.30275e-06
4.875 0.00435552 0.00148431 3.97217e-06 3.4472e-06
4.90625 0.00440183 0.00147956 4.08234e-06 3.6035e-06
4.9375 0.00444798 0.00147399 4.19705e-06 3.72986e-06
4.96875 0.00449396 0.00146872 4.31526e-06 3.83959e-06
5 0.00453978 0.0014644 4.43748e-06 3.98845e-06
5.03125 0.00458549 0.0014608 4.56459e-06 4.14437e-06
5.0625 0.0046311 0.00145827 4.69643e-06 4.29397e-06
5.09375 0.00467665 0.00145738 4.83289e-06 4.43425e-06
5.125 0.00472219 0.00145745 4.97311e-06 4.53422e-06
5.15625 0.00476774 0.00145801 5.11637e-06 4.64172e-06
5.1875 0.00481333 0.00145951 5.26357e-06 4.77763e-06
5.21875 0.00485896 0.00146045 5.41428e-06 4.85113e-06
5.25 0.00490459 0.00146025 5.56598e-06 4.8528e-06
5.28125 0.00495024 0.00146159 5.71764e-06 4.85615e-06
5.3125 0.00499595 0.00146404 5.86945e-06 4.85561e-06
5.34375 0.00504173 0.00146559 6.02093e-06 4.83909e-06
5.375 0.00508756 0.00146801 6.17196e-06 4.82586e-06
5.40625 0.00513349 0.00147134 6.3221e-06 4.77241e-06
5.4375 0.00517951 0.00147386 6.46987e-06 4.68778e-06
5.46875 0.00522561 0.00147641 6.61555e-06 4.64029e-06
5.5 0.00527179 0.00147913 6.75947e-06 4.55403e-06
5.53125 0.00531806 0.00148213 6.89937e-06 4.40001e-06
5.5625 0.00536444 0.00148664 7.03547e-06 4.33321e-06
5.59375 0.00541098 0.00149187 7.17106e-06 4.34384e-06
5.625 0.00545769 0.00149783 7.30642e-06 4.31253e-06
5.65625 0.00550461 0.00150558 7.44091e-06 4.30953e-06
5.6875 0.00555179 0.00151359 7.57666e-06 4.38605e-06
5.71875 0.0055992 0.00152087 7.71491e-06 4.45385e-06
5.75 0.00564684 0.001528 7.85455e-06 4.4784e-06
5.78125 0.0056947 0.00153453 7.99479e-06 4.49986e-06
5.8125 0.00574274 0.00153978 8.13596e-06 4.53564e-06
5.84375 0.00579092 0.00154354 8.27802e-06 4.54962e-06
5.875 0.0058392 0.00154664 8.42011e-06 4.54803e-06
5.90625 0.00588758 0.0015496 8.56295e-06 4.60801e-06
5.9375 0.00593604 0.00155146 8.70878e-06 4.72957e-06
5.96875 0.00598455 0.00155333 8.8586e-06 4.85799e-06
6 0.00603313 0.00155602 9.01225e-06 4.97101e-06
6.03125 0.00608178 0.00155713 9.169e-06 5.05933e-06
6.0625 0.00613044 0.00155717 9.32874e-06 5.1734e-06
6.09375 0.00617912 0.00155801 9.49266e-06 5.3129e-06
6.125 0.00622781 0.00155785 9.66e-06 5.38309e-06
6.15625 0.00627647 0.00155664 9.82879e-06 5.42261e-06
6.1875 0.0063251 0.00155583 9.99891e-06 5.45481e-06
6.21875 0.0063737 0.00155443 1.01687e-05 5.39676e-06
6.25 0.00642225 0.00155267 1.03365e-05 5.36515e-06
6.28125 0.00647075 0.00155124 1.05049e-05 5.40656e-06
6.3125 0.0065192 0.00154954 1.06731e-05 5.33455e-06
6.34375 0.00656761 0.00154887 1.08379e-05 5.22486e-06
6.375 0.00661602 0.00155025 1.10009e-05 5.22018e-06
6.40625 0.00666451 0.0015528 1.11641e-05 5.22462e-06
6.4375 0.00671308 0.00155626 1.13276e-05 5.24944e-06
6.46875 0.00676178 0.00155988 1.14926e-05 5.29903e-06
6.5 0.00681057 0.0015633 1.16581e-05 5.29273e-06
6.53125 0.00685949 0.00156713 1.18239e-05 5.33062e-06
6.5625 0.00690851 0.00156996 1.19916e-05 5.39302e-06
6.59375 0.0069576 0.00157158 1.21599e-05 5.36696e-06
6.625 0.00700675 0.00157427 1.23276e-05 5.39232e-06
6.65625 0.00705599 0.00157695 1.24978e-05 5.49827e-06
6.6875 0.00710529 0.00157798 1.26708e-05 5.5718e-06
6.71875 0.00715461 0.0015792 1.28463e-05 5.65973e-06
6.75 0.00720399 0.00158044 1.30244e-05 5.72974e-06
6.78125 0.00725337 0.00157997 1.32038e-05 5.75943e-06
6.8125 0.00730273 0.001579 1.33852e-05 5.86018e-06
6.84375 0.00735206 0.00157832 1.35697e-05 5.92459e-06
6.875 0.00740137 0.00157748 1.37546e-05 5.91683e-06
6.90625 0.00745066 0.00157736 1.39413e-05 6.06581e-06
6.9375 0.00749997 0.00157808 1.41344e-05 6.27209e-06
6.96875 0.0075493 0.00157926 1.43319e-05 6.36294e-06
7 0.00759868 0.00158174 1.45332e-05 6.55555e-06
7.03125 0.00764816 0.00158496 1.47427e-05 6.83881e-06
7.0625 0.00769774 0.00158757 1.49586e-05 6.94617e-06
7.09375 0.00774739 0.0015901 1.51757e-05 6.94831e-06
7.125 0.00779711 0.0015922 1.5393e-05 6.9543e-06
7.15625 0.00784688 0.00159267 1.56096e-05 6.88735e-06
7.1875 0.00789665 0.00159288 1.5823e-05 6.76855e-06
7.21875 0.00794645 0.00159386 1.60323e-05 6.61672e-06
7.25 0.00799626 0.00159415 1.62358e-05 6.40095e-06
7.28125 0.00804608 0.00159408 1.64323e-05 6.18004e-06
7.3125 0.00809591 0.00159532 1.66224e-05 5.98895e-06
7.34375 0.00814579 0.00159692 1.68067e-05 5.8098e-06
7.375 0.00819571 0.00159787 1.69855e-05 5.63082e-06
7.40625 0.00824566 0.00159953 1.71582e-05 5.40862e-06
7.4375 0.00829569 0.00160236 1.7323e-05 5.1369e-06
7.46875 0.00834581 0.00160528 1.74796e-05 4.90223e-06
7.5 0.00839602 0.00160806 1.76303e-05 4.74643e-06
7.53125 0.00844631 0.00161042 1.77759e-05 4.55347e-06
7.5625 0.00849666 0.00161167 1.79137e-05 4.25367e-06
7.59375 0.00854703 0.00161236 1.80422e-05 3.99732e-06
7.625 0.00859743 0.00161328 1.81646e-05 3.8376e-06
7.65625 0.00864786 0.00161392 1.82816e-05 3.64183e-06
7.6875 0.0086983 0.0016144 1.83924e-05 3.46874e-06
7.71875 0.00874877 0.0016158 1.85001e-05 3.44281e-06
7.75 0.00879929 0.00161744 1.86083e-05 3.48558e-06
7.78125 0.00884985 0.00161769 1.8718e-05 3.54051e-06
7.8125 0.00890038 0.00161668 1.88298e-05 3.61362e-06
7.84375 0.00895088 0.00161497 1.89438e-05 3.68224e-06
7.875 0.0090013 0.00161154 1.90604e-05 3.79278e-06
7.90625 0.00905158 0.00160589 1.91814e-05 3.95453e-06
7.9375 0.00910166 0.00159926 1.93072e-05 4.093e-06
7.96875 0.00915153 0.00159199 1.94372e-05 4.23677e-06
8 0.00920114 0.00158314 1.95728e-05 4.45087e-06
8.03125 0.00925046 0.00157272 1.97153e-05 4.65455e-06
8.0625 0.00929943 0.00156149 1.98626e-05 4.7595e-06
8.09375 0.00934804 0.00154953 2.00127e-05 4.85134e-06
8.125 0.00939626 0.00153634 2.01662e-05 4.96636e-06
8.15625 0.00944405 0.00152218 2.03217e-05 4.95555e-06
8.1875 0.0094914 0.00150802 2.04745e-05 4.81768e-06
8.21875 0.0095383 0.00149392 2.06235e-05 4.74022e-06
8.25 0.00958477 0.00148001 2.07722e-05 4.79635e-06
8.28125 0.00963082 0.00146768 2.09237e-05 4.89309e-06
8.3125 0.00967651 0.00145668 2.10771e-05 4.91049e-06
8.34375 0.00972187 0.00144581 2.12306e-05 4.93395e-06
8.375 0.00976688 0.00143552 2.13869e-05 5.077e-06
8.40625 0.00981159 0.00142532 2.15469e-05 5.13306e-06
8.4375 0.00985596 0.0014143 2.17064e-05 5.07837e-06
8.46875 0.00989998 0.00140294 2.18655e-05 5.11384e-06
8.5 0.00994363 0.0013906 2.20246e-05 5.0229e-06
8.53125 0.00998688 0.0013777 2.21778e-05 4.79593e-06
8.5625 0.0100297 0.00136567 2.23272e-05 4.81314e-06
8.59375 0.0100722 0.00135231 2.2479e-05 4.86815e-06
8.625 0.0101142 0.00133739 2.26295e-05 4.75715e-06
8.65625 0.0101558 0.00132406 2.27781e-05 4.78911e-06
8.6875 0.010197 0.00131098 2.29297e-05 4.9085e-06
8.71875 0.0102378 0.00129739 2.30847e-05 5.02679e-06
8.75 0.0102781 0.00128579 2.32458e-05 5.30219e-06
8.78125 0.0103181 0.00127449 2.34155e-05 5.53298e-06
8.8125 0.0103578 0.00126237 2.35912e-05 5.73868e-06
8.84375 0.010397 0.00125109 2.37764e-05 6.13206e-06
8.875 0.0104359 0.00123868 2.39727e-05 6.3743e-06
8.90625 0.0104744 0.00122459 2.41726e-05 6.43046e-06
8.9375 0.0105125 0.00121128 2.43767e-05 6.6567e-06
8.96875 0.0105501 0.00119804 2.45886e-05 6.87754e-06
9 0.0105874 0.00118428 2.48051e-05 6.98356e-06
9.03125 0.0106242 0.00117141 2.5026e-05 7.16531e-06
9.0625 0.0106606 0.00115944 2.52526e-05 7.31974e-06
9.09375 0.0106966 0.00114754 2.54827e-05 7.40051e-06
9.125 0.0107323 0.00113494 2.57152e-05 7.47234e-06
9.15625 0.0107676 0.00112212 2.59484e-05 7.43039e-06
9.1875 0.0108024 0.00110989 2.61789e-05 7.32416e-06
9.21875 0.0108369 0.0010968 2.64063e-05 7.21793e-06
9.25 0.010871 0.0010828 2.66285e-05 6.9782e-06
9.28125 0.0109046 0.00106955 2.68415e-05 6.65533e-06
9.3125 0.0109378 0.00105641 2.70457e-05 6.43409e-06
9.34375 0.0109706 0.00104312 2.72447e-05 6.30509e-06
9.375 0.011003 0.00103063 2.74389e-05 6.09514e-06
9.40625 0.011035 0.00101833 2.76234e-05 5.68634e-06
9.4375 0.0110667 0.00100579 2.77938e-05 5.23469e-06
9.46875 0.0110979 0.000993101 2.79519e-05 4.89024e-06
9.5 0.0111287 0.000980558 2.80988e-05 4.49243e-06
9.53125 0.0111592 0.00096885 2.82319e-05 4.03726e-06
9.5625 0.0111893 0.000957577 2.83529e-05 3.73294e-06
9.59375 0.0112191 0.000947048 2.84662e-05 3.52322e-06
9.625 0.0112485 0.000938358 2.85735e-05 3.36826e-06
9.65625 0.0112777 0.000930271 2.86788e-05 3.40631e-06
9.6875 0.0113066 0.000921545 2.87878e-05 3.56994e-06
9.71875 0.0113353 0.000912486 2.89016e-05 3.70795e-06
9.75 0.0113637 0.000903046 2.90192e-05 3.81538e-06
9.78125 0.0113917 0.000893122 2.91409e-05 4.00193e-06
9.8125 0.0114195 0.000881992 2.92707e-05 4.3103e-06
9.84375 0.0114468 0.000868955 2.94091e-05 4.51379e-06
9.875 0.0114738 0.000854815 2.95515e-05 4.60655e-06
9.90625 0.0115003 0.000839447 2.96993e-05 4.89644e-06
9.9375 0.0115262 0.00082213 2.98578e-05 5.21189e-06
9.96875 0.0115516 0.000803928 3.00227e-05 5.32758e-06
10 0.0115765 0.000785944 3.0192e-05 5.54969e-06
10.0312 0.0116008 0.000768357 3.03712e-05 5.91401e-06
10.0625 0.0116245 0.000751406 3.05609e-05 6.21866e-06
10.0938 0.0116477 0.000735353 3.07602e-05 6.54668e-06
10.125 0.0116705 0.000719881 3.09695e-05 6.82265e-06
10.1562 0.0116927 0.0007043 3.11851e-05 6.96724e-06
10.1875 0.0117145 0.000688819 3.14053e-05 7.12866e-06
10.2188 0.0117358 0.000673207 3.16293e-05 7.16727e-06
10.25 0.0117565 0.000656772 3.18509e-05 7.0048e-06
10.2812 0.0117768 0.000641294 3.20681e-05 6.91514e-06
10.3125 0.0117966 0.00062714 3.22832e-05 6.8274e-06
10.3438 0.011816 0.000612126 3.24924e-05 6.53172e-06
10.375 0.0118349 0.000598153 3.26921e-05 6.28852e-06
10.4062 0.0118534 0.000586754 3.28877e-05 6.24069e-06
10.4375 0.0118716 0.000574897 3.30809e-05 6.08747e-06
10.4688 0.0118894 0.000563012 3.32662e-05 5.76175e-06
10.5 0.0119068 0.00055283 3.3441e-05 5.42334e-06
10.5312 0.0119239 0.000542059 3.36048e-05 5.06195e-06
10.5625 0.0119407 0.000530804 3.37585e-05 4.80816e-06
10.5938 0.0119571 0.000521002 3.39072e-05 4.71563e-06
10.625 0.0119732 0.000511683 3.40518e-05 4.51266e-06
10.6562 0.0119891 0.000502672 3.41897e-05 4.35868e-06
10.6875 0.0120047 0.000494764 3.43273e-05 4.46482e-06
10.7188 0.01202 0.000487327 3.44675e-05 4.46577e-06
10.75 0.0120351 0.000479986 3.46057e-05 4.40894e-06
10.7812 0.01205 0.000472285 3.47453e-05 4.53481e-06
10.8125 0.0120646 0.000464114 3.48871e-05 4.49326e-06
10.8438 0.012079 0.000457016 3.50247e-05 4.33711e-06
10.875 0.0120932 0.000451048 3.51611e-05 4.42721e-06
10.9062 0.0121072 0.000444854 3.53018e-05 4.55669e-06
10.9375 0.012121 0.000439105 3.54452e-05 4.62981e-06
10.9688 0.0121347 0.000434412 3.5592e-05 4.77864e-06
11 0.0121482 0.000429696 3.57442e-05 4.96449e-06
11.0312 0.0121615 0.000424788 3.59029e-05 5.20072e-06
11.0625 0.0121747 0.000419967 3.60678e-05 5.30287e-06
11.0938 0.0121878 0.000414992 3.62319e-05 5.18843e-06
11.125 0.0122006 0.000409955 3.63937e-05 5.19857e-06
11.1562 0.0122134 0.000404072 3.65562e-05 5.14823e-06
11.1875 0.0122259 0.000396591 3.67109e-05 4.69602e-06
11.2188 0.0122381 0.000388359 3.68494e-05 4.19717e-06
11.25 0.0122501 0.000379237 3.69739e-05 3.75062e-06
11.2812 0.0122618 0.000368961 3.70816e-05 3.11109e-06
11.3125 0.0122732 0.000359153 3.7168e-05 2.43042e-06
11.3438 0.0122843 0.00035036 3.72344e-05 1.83112e-06
11.375 0.0122951 0.000342574 3.72829e-05 1.27899e-06
11.4062 0.0123057 0.000336474 3.73149e-05 7.7069e-07
11.4375 0.0123162 0.000331162 3.73306e-05 2.27095e-07
11.4688 0.0123264 0.000326238 3.73296e-05 -2.66939e-07
11.5 0.0123366 0.000322431 3.73153e-05 -6.36396e-07
11.5312 0.0123466 0.000318545 3.72891e-05 -1.06351e-06
11.5625 0.0123565 0.000313573 3.72476e-05 -1.60201e-06
11.5938 0.0123662 0.000308107 3.71893e-05 -2.11403e-06
11.625 0.0123757 0.000302452 3.71177e-05 -2.41894e-06
11.6562 0.0123851 0.000296419 3.70407e-05 -2.48793e-06
11.6875 0.0123942 0.000289548 3.69617e-05 -2.5877e-06
11.7188 0.0124032 0.000282591 3.68788e-05 -2.69399e-06
11.75 0.0124119 0.000276005 3.67962e-05 -2.55352e-06
11.7812 0.0124204 0.000267682 3.67193e-05 -2.3881e-06
11.8125 0.0124286 0.000257936 3.6646e-05 -2.29084e-06
11.8438 0.0124365 0.000248287 3.65782e-05 -2.02213e-06
11.875 0.0124441 0.00023642 3.65194e-05 -1.77225e-06
11.9062 0.0124513 0.000222945 3.64665e-05 -1.59139e-06
11.9375 0.0124581 0.000211006 3.64225e-05 -1.1856e-06
11.9688 0.0124645 0.000198502 3.6393e-05 -7.20635e-07
12 0.0124704 0.000184172 3.63771e-05 -2.79131e-07
12.0312 0.012476 0.000170129 3.63768e-05 2.59282e-07
12.0625 0.0124811 0.000155706 3.63909e-05 5.86943e-07
12.0938 0.0124857 0.000140245 3.64119e-05 7.70912e-07
12.125 0.0124898 0.000124654 3.64408e-05 1.07711e-06
12.1562 0.0124935 0.000108725 3.64757e-05 1.07072e-06
12.1875 0.0124966 9.30207e-05 3.65047e-05 8.01403e-07
12.2188 0.0124993 7.80109e-05 3.65292e-05 8.1637e-07
12.25 0.0125015 6.26851e-05 3.65549e-05 7.61843e-07
12.2812 0.0125032 4.72481e-05 3.65729e-05 3.62771e-07
12.3125 0.0125045 3.26126e-05 3.65791e-05 8.1364e-08
12.3438 0.0125053 1.85119e-05 3.65795e-05 -6.4217e-08
12.375 0.0125056 4.59682e-06 3.65736e-05 -3.31016e-07
12.4062 0.0125056 -8.5818e-06 3.65582e-05 -6.52386e-07
12.4375 0.0125051 -2.08392e-05 3.6533e-05 -9.61796e-07
12.4688 0.0125043 -3.32636e-05 3.64983e-05 -1.25625e-06
12.5 0.012503 -4.63631e-05 3.64535e-05 -1.64584e-06
12.5312 0.0125014 -6.00006e-05 3.63934e-05 -2.21907e-06
12.5625 0.0124993 -7.45148e-05 3.63156e-05 -2.72645e-06
12.5938 0.0124967 -8.91722e-05 3.62249e-05 -3.06824e-06
12.625 0.0124937 -0.000103489 3.61227e-05 -3.49637e-06
12.6562 0.0124902 -0.00011803 3.60057e-05 -3.96982e-06
12.6875 0.0124863 -0.000131468 3.58778e-05 -4.15429e-06
12.7188 0.012482 -0.000142961 3.57494e-05 -4.03817e-06
12.75 0.0124774 -0.00015358 3.56258e-05 -3.876e-06
12.7812 0.0124724 -0.00016311 3.55072e-05 -3.69874e-06
12.8125 0.0124672 -0.000171849 3.53953e-05 -3.46543e-06
12.8438 0.0124617 -0.000180834 3.52906e-05 -3.23036e-06
12.875 0.0124559 -0.00019005 3.51942e-05 -2.92285e-06
12.9062 0.0124498 -0.000200643 3.51078e-05 -2.62976e-06
12.9375 0.0124433 -0.000212628 3.50283e-05 -2.46492e-06
12.9688 0.0124365 -0.000224524 3.49552e-05 -2.17354e-06
13 0.0124293 -0.000237511 3.48931e-05 -1.82414e-06
13.0312 0.0124217 -0.00025137 3.48391e-05 -1.64659e-06
13.0625 0.0124136 -0.000264578 3.47915e-05 -1.36723e-06
13.0938 0.0124051 -0.000279602 3.47537e-05 -1.10044e-06
13.125 0.0123961 -0.000296789 3.47184e-05 -1.21104e-06
13.1562 0.0123866 -0.00031324 3.46773e-05 -1.39897e-06
13.1875 0.0123765 -0.000330064 3.46316e-05 -1.54455e-06
13.2188 0.0123659 -0.000348427 3.45786e-05 -1.87734e-06
13.25 0.0123548 -0.000366218 3.45137e-05 -2.26917e-06
13.2812 0.012343 -0.000382997 3.44372e-05 -2.62657e-06
13.3125 0.0123308 -0.000399957 3.43499e-05 -2.94767e-06
13.3438 0.012318 -0.000417357 3.42536e-05 -3.22619e-06
13.375 0.0123047 -0.000434488 3.41463e-05 -3.68021e-06
13.4062 0.0122909 -0.00045093 3.40225e-05 -4.22662e-06
13.4375 0.0122765 -0.000467485 3.38841e-05 -4.6065e-06
13.4688 0.0122617 -0.000483955 3.37343e-05 -5.01243e-06
13.5 0.0122463 -0.000499629 3.35689e-05 -5.58266e-06
13.5312 0.0122304 -0.000515506 3.33857e-05 -6.12286e-06
13.5625 0.0122141 -0.000531653 3.31882e-05 -6.48971e-06
13.5938 0.0121972 -0.00054776 3.2981e-05 -6.77834e-06
13.625 0.0121798 -0.00056474 3.27637e-05 -7.12464e-06
13.6562 0.0121619 -0.000581432 3.25386e-05 -7.1929e-06
13.6875 0.0121435 -0.000597044 3.2319e-05 -6.82748e-06
13.7188 0.0121246 -0.000613378 3.211e-05 -6.60623e-06
13.75 0.0121052 -0.000629901 3.19053e-05 -6.44122e-06
13.7812 0.0120852 -0.0006458 3.1713e-05 -5.79331e-06
13.8125 0.0120648 -0.000662838 3.15438e-05 -5.08074e-06
13.8438 0.0120438 -0.000680919 3.13928e-05 -4.59311e-06
13.875 0.0120222 -0.000699696 3.12574e-05 -4.07016e-06
13.9062 0.0120001 -0.000720383 3.11375e-05 -3.62459e-06
13.9375 0.0119772 -0.00074183 3.1031e-05 -3.1617e-06
13.9688 0.0119537 -0.000763164 3.09418e-05 -2.5415e-06
14 0.0119295 -0.000785293 3.08704e-05 -2.05625e-06
14.0312 0.0119046 -0.000806565 3.08139e-05 -1.51703e-06
14.0625 0.0118791 -0.000825677 3.0778e-05 -7.80492e-07
14.0938 0.011853 -0.000843988 3.07625e-05 -2.65206e-07
14.125 0.0118264 -0.00086137 3.07604e-05 1.48728e-07
14.1562 0.0117992 -0.000877715 3.07724e-05 5.93872e-07
14.1875 0.0117715 -0.00089466 3.07936e-05 6.98273e-07
14.2188 0.0117433 -0.000912039 3.08139e-05 6.00023e-07
14.25 0.0117145 -0.000928805 3.08312e-05 4.87609e-07
14.2812 0.0116852 -0.000945339 3.08424e-05 2.07557e-07
14.3125 0.0116554 -0.00096195 3.08443e-05 -7.30175e-08
14.3438 0.0116251 -0.000978464 3.08374e-05 -4.04246e-07
14.375 0.0115943 -0.000994358 3.08166e-05 -9.41455e-07
14.4062 0.011563 -0.00100946 3.07801e-05 -1.35983e-06
14.4375 0.0115312 -0.001025 3.07313e-05 -1.82082e-06
14.4688 0.0114989 -0.00104055 3.06619e-05 -2.65691e-06
14.5 0.0114662 -0.00105394 3.05663e-05 -3.40154e-06
14.5312 0.011433 -0.00106601 3.04522e-05 -3.8983e-06
14.5625 0.0113995 -0.00107807 3.03211e-05 -4.51926e-06
14.5938 0.0113657 -0.00108817 3.01697e-05 -5.13853e-06
14.625 0.0113316 -0.00109621 3.00026e-05 -5.51728e-06
14.6562 0.0112972 -0.00110433 2.98267e-05 -5.71829e-06
14.6875 0.0112625 -0.00111171 2.96463e-05 -5.81544e-06
14.7188 0.0112277 -0.00111721 2.94639e-05 -5.84196e-06
14.75 0.0111927 -0.00112208 2.92829e-05 -5.7102e-06
14.7812 0.0111576 -0.00112644 2.91087e-05 -5.43041e-06
14.8125 0.0111223 -0.00113001 2.89421e-05 -5.26378e-06
14.8438 0.011087 -0.00113408 2.87786e-05 -5.19022e-06
14.875 0.0110514 -0.00113868 2.86201e-05 -4.90762e-06
14.9062 0.0110158 -0.00114304 2.84739e-05 -4.45165e-06
14.9375 0.01098 -0.00114827 2.83398e-05 -4.17911e-06
14.9688 0.010944 -0.00115458 2.82106e-05 -4.08315e-06
15 0.0109078 -0.00116056 2.80877e-05 -3.71268e-06
15.0312 0.0108715 -0.00116637 2.7981e-05 -3.12749e-06
15.0625 0.0108349 -0.00117268 2.78893e-05 -2.78691e-06
15.0938 0.0107982 -0.00117875 2.78062e-05 -2.50444e-06
15.125 0.0107613 -0.00118459 2.77342e-05 -2.11676e-06
15.1562 0.0107241 -0.0011909 2.76707e-05 -2.01859e-06
15.1875 0.0106868 -0.0011977 2.7605e-05 -2.20146e-06
15.2188 0.0106493 -0.00120551 2.75325e-05 -2.45938e-06
15.25 0.0106115 -0.00121482 2.74494e-05 -2.88927e-06
15.2812 0.0105733 -0.00122466 2.73506e-05 -3.44662e-06
15.3125 0.0105349 -0.00123414 2.72334e-05 -4.06135e-06
15.3438 0.0104962 -0.00124285 2.70966e-05 -4.67911e-06
15.375 0.0104573 -0.00125008 2.69426e-05 -5.16138e-06
15.4062 0.0104181 -0.00125591 2.67741e-05 -5.64032e-06
15.4375 0.0103788 -0.00126094 2.65889e-05 -6.21816e-06
15.4688 0.0103393 -0.00126505 2.63861e-05 -6.74334e-06
15.5 0.0102997 -0.00126833 2.6168e-05 -7.21479e-06
15.5312 0.01026 -0.00127191 2.59345e-05 -7.74487e-06
15.5625 0.0102202 -0.00127611 2.56831e-05 -8.34447e-06
15.5938 0.0101803 -0.00127956 2.54145e-05 -8.80077e-06
15.625 0.0101403 -0.00128263 2.51366e-05 -8.94618e-06
15.6562 0.0101001 -0.00128732 2.48556e-05 -9.05642e-06
15.6875 0.0100598 -0.00129261 2.45701e-05 -9.19219e-06
15.7188 0.0100193 -0.00129723 2.42845e-05 -9.02799e-06
15.75 0.0099787 -0.00130309 2.40077e-05 -8.68724e-06
15.7812 0.00993787 -0.00130998 2.37408e-05 -8.39952e-06
15.8125 0.00989684 -0.00131577 2.34833e-05 -8.06573e-06
15.8438 0.00985564 -0.00132109 2.32376e-05 -7.63859e-06
15.875 0.00981427 -0.00132651 2.30072e-05 -7.09289e-06
15.9062 0.00977273 -0.00133177 2.27941e-05 -6.56811e-06
15.9375 0.00973103 -0.00133693 2.25954e-05 -6.13754e-06
15.9688 0.00968918 -0.00134127 2.2414e-05 -5.39417e-06
16 0.00964721 -0.00134538 2.22602e-05 -4.48986e-06
16.0312 0.00960509 -0.00134981 2.21289e-05 -3.97442e-06
16.0625 0.00956286 -0.00135311 2.20116e-05 -3.48589e-06
16.0938 0.00952052 -0.00135627 2.19136e-05 -2.78006e-06
16.125 0.00947808 -0.00135998 2.18352e-05 -2.29912e-06
16.1562 0.00943554 -0.0013628 2.1767e-05 -2.09716e-06
16.1875 0.0093929 -0.00136646 2.17018e-05 -2.12521e-06
16.2188 0.00935012 -0.0013714 2.16319e-05 -2.3619e-06
16.25 0.0093072 -0.00137532 2.15542e-05 -2.62462e-06
16.2812 0.00926415 -0.00138021 2.1465e-05 -3.14984e-06
16.3125 0.00922092 -0.00138655 2.1355e-05 -3.86931e-06
16.3438 0.00917751 -0.00139138 2.12265e-05 -4.30695e-06
16.375 0.00913396 -0.00139559 2.1085e-05 -4.81125e-06
16.4062 0.00909029 -0.00139926 2.09227e-05 -5.58076e-06
16.4375 0.00904654 -0.00140042 2.07393e-05 -6.10008e-06
16.4688 0.00900277 -0.00140096 2.05422e-05 -6.55499e-06
16.5 0.00895897 -0.00140184 2.03262e-05 -7.30017e-06
16.5312 0.00891516 -0.00140206 2.0086e-05 -8.0514e-06
16.5625 0.00887134 -0.00140258 1.98238e-05 -8.7251e-06
16.5938 0.0088275 -0.0014035 1.95408e-05 -9.37786e-06
16.625 0.00878363 -0.00140398 1.92387e-05 -9.94307e-06
16.6562 0.00873975 -0.00140397 1.89201e-05 -1.04213e-05
16.6875 0.00869589 -0.00140274 1.85906e-05 -1.05995e-05
16.7188 0.00865209 -0.00140022 1.82613e-05 -1.04438e-05
16.75 0.00860838 -0.0013974 1.79377e-05 -1.02845e-05
16.7812 0.00856476 -0.00139446 1.7619e-05 -1.00793e-05
16.8125 0.00852123 -0.00139103 1.73101e-05 -9.65685e-06
16.8438 0.00847782 -0.0013874 1.70163e-05 -9.14838e-06
16.875 0.00843451 -0.00138487 1.6738e-05 -8.67327e-06
16.9062 0.00839126 -0.00138329 1.64738e-05 -8.2327e-06
16.9375 0.00834806 -0.00138149 1.62249e-05 -7.65234e-06
16.9688 0.00830489 -0.0013814 1.59973e-05 -6.91472e-06
17 0.00826169 -0.00138427 1.57907e-05 -6.35022e-06
17.0312 0.00821837 -0.00138778 1.55998e-05 -5.8384e-06
17.0625 0.00817494 -0.00139185 1.54286e-05 -5.09608e-06
17.0938 0.00813136 -0.00139786 1.52796e-05 -4.50505e-06
17.125 0.00808757 -0.00140467 1.51429e-05 -4.28839e-06
17.1562 0.00804357 -0.00141136 1.50109e-05 -4.14944e-06
17.1875 0.00799936 -0.00141837 1.48837e-05 -4.00315e-06
17.2188 0.00795492 -0.00142578 1.47593e-05 -4.00006e-06
17.25 0.00791024 -0.00143325 1.46304e-05 -4.30161e-06
17.2812 0.00786534 -0.00144049 1.44884e-05 -4.77708e-06
17.3125 0.00782021 -0.00144774 1.43341e-05 -5.05905e-06
17.3438 0.00777486 -0.00145483 1.41724e-05 -5.33457e-06
17.375 0.00772929 -0.00146143 1.39977e-05 -5.86466e-06
17.4062 0.00768352 -0.00146832 1.38071e-05 -6.28838e-06
17.4375 0.00763752 -0.0014752 1.36064e-05 -6.56298e-06
17.4688 0.00759133 -0.00148125 1.33948e-05 -7.01749e-06
17.5 0.00754494 -0.00148741 1.31668e-05 -7.5773e-06
17.5312 0.00749835 -0.0014944 1.29219e-05 -8.08131e-06
17.5625 0.00745153 -0.00150222 1.26624e-05 -8.52081e-06
17.5938 0.00740445 -0.00151113 1.2389e-05 -8.99034e-06
17.625 0.00735708 -0.00152084 1.20999e-05 -9.49567e-06
17.6562 0.0073094 -0.00153081 1.1799e-05 -9.68461e-06
17.6875 0.00726141 -0.0015402 1.14984e-05 -9.52983e-06
17.7188 0.00721315 -0.00154853 1.12033e-05 -9.35471e-06
17.75 0.00716463 -0.00155619 1.09157e-05 -8.99433e-06
17.7812 0.0071159 -0.00156253 1.0645e-05 -8.28701e-06
17.8125 0.00706699 -0.0015679 1.03984e-05 -7.50991e-06
17.8438 0.00701789 -0.00157442 1.01742e-05 -6.86368e-06
17.875 0.00696858 -0.00158129 9.9687e-06 -6.27743e-06
17.9062 0.00691907 -0.00158745 9.78366e-06 -5.52888e-06
17.9375 0.00686936 -0.00159454 9.62404e-06 -4.70543e-06
17.9688 0.00681941 -0.00160199 9.48745e-06 -4.05891e-06
18 0.00676924 -0.00160843 9.3712e-06 -3.33958e-06
18.0312 0.00671888 -0.00161492 9.28075e-06 -2.44803e-06
18.0625 0.00666831 -0.00162136 9.21642e-06 -1.70607e-06
18.0938 0.00661755 -0.00162738 9.17273e-06 -1.09871e-06
18.125 0.0065666 -0.00163357 9.147e-06 -5.70523e-07
18.1562 0.00651546 -0.00163865 9.13561e-06 -1.75427e-07
18.1875 0.00646419 -0.00164284 9.13477e-06 8.08571e-08
18.2188 0.00641277 -0.00164838 9.13624e-06 -6.79067e-08
18.25 0.00636117 -0.00165384 9.12783e-06 -4.56384e-07
18.2812 0.00630942 -0.00165809 9.11042e-06 -6.30723e-07
18.3125 0.00625752 -0.00166384 9.08636e-06 -9.9076e-07
18.3438 0.00620542 -0.00167066 9.04417e-06 -1.72816e-06
18.375 0.00615312 -0.00167607 8.98035e-06 -2.30732e-06
18.4062 0.00610066 -0.00168143 8.90115e-06 -2.78014e-06
18.4375 0.00604803 -0.00168711 8.80459e-06 -3.42556e-06
18.4688 0.00599524 -0.00169117 8.68612e-06 -4.16687e-06
18.5 0.00594234 -0.00169426 8.54382e-06 -4.93286e-06
18.5312 0.00588935 -0.00169662 8.37937e-06 -5.56264e-06
18.5625 0.00583632 -0.00169692 8.19632e-06 -6.1835e-06
18.5938 0.00578331 -0.00169596 7.99071e-06 -6.97955e-06
18.625 0.00573033 -0.00169457 7.76329e-06 -7.48992e-06
18.6562 0.00567741 -0.00169247 7.52655e-06 -7.6452e-06
18.6875 0.00562456 -0.00168968 7.28455e-06 -7.85177e-06
18.7188 0.00557181 -0.00168582 7.03798e-06 -7.85538e-06
18.75 0.0055192 -0.00168125 6.79812e-06 -7.44783e-06
18.7812 0.00546674 -0.00167642 6.57357e-06 -6.92379e-06
18.8125 0.00541443 -0.00167097 6.36537e-06 -6.39937e-06
18.8438 0.00536229 -0.00166622 6.17368e-06 -5.86414e-06
18.875 0.00531028 -0.00166303 5.99998e-06 -5.22416e-06
18.9062 0.00525834 -0.00166076 5.84819e-06 -4.50365e-06
18.9375 0.00520646 -0.00166043 5.71595e-06 -4.00255e-06
18.9688 0.00515455 -0.00166162 5.59791e-06 -3.5041e-06
19 0.00510261 -0.00166223 5.50097e-06 -2.65659e-06
19.0312 0.00505066 -0.00166275 5.43157e-06 -1.82687e-06
19.0625 0.00499869 -0.00166338 5.3845e-06 -1.19567e-06
19.0938 0.00494671 -0.00166307 5.35761e-06 -5.08973e-07
19.125 0.00489475 -0.00166229 5.3525e-06 1.56838e-07
19.1562 0.00484282 -0.00166164 5.365e-06 5.95798e-07
19.1875 0.0047909 -0.00166149 5.38648e-06 7.28122e-07
19.2188 0.00473897 -0.00166146 5.40846e-06 6.69997e-07
19.25 0.00468706 -0.00166068 5.42845e-06 5.98989e-07
19.2812 0.00463517 -0.00166057 5.44306e-06 2.63253e-07
19.3125 0.00458326 -0.00166159 5.44128e-06 -3.92017e-07
19.3438 0.00453133 -0.00166181 5.42046e-06 -8.90119e-07
19.375 0.0044794 -0.00166173 5.38717e-06 -1.25463e-06
19.4062 0.00442747 -0.00166194 5.33981e-06 -1.81171e-06
19.4375 0.00437554 -0.00166143 5.27292e-06 -2.46867e-06
19.4688 0.00432364 -0.00166026 5.18601e-06 -3.08179e-06
19.5 0.00427179 -0.00165795 5.08125e-06 -3.61075e-06
19.5312 0.00422003 -0.0016547 4.95985e-06 -4.19084e-06
19.5625 0.00416836 -0.001652 4.81703e-06 -4.96467e-06
19.5938 0.00411678 -0.00164859 4.65155e-06 -5.55741e-06
19.625 0.00406534 -0.0016439 4.4734e-06 -5.82359e-06
19.6562 0.00401403 -0.00163988 4.28644e-06 -6.16925e-06
19.6875 0.00396285 -0.0016359 4.08851e-06 -6.43907e-06
19.7188 0.0039118 -0.00163093 3.88895e-06 -6.26413e-06
19.75 0.00386091 -0.0016262 3.69911e-06 -5.88091e-06
19.7812 0.00381017 -0.00162104 3.52129e-06 -5.49515e-06
19.8125 0.00375962 -0.0016137 3.35659e-06 -5.0218e-06
19.8438 0.00370932 -0.00160516 3.20936e-06 -4.36751e-06
19.875 0.0036593 -0.00159646 3.08481e-06 -3.61173e-06
19.9062 0.00360956 -0.00158642 2.9815e-06 -3.04049e-06
19.9375 0.00356016 -0.00157531 2.89422e-06 -2.5125e-06
19.9688 0.00351109 -0.00156494 2.82771e-06 -1.70609e-06
20 0.00346235 -0.00155429 2.78728e-06 -9.20532e-07
20.0312 0.00341397 -0.00154233 2.7681e-06 -3.12522e-07
20.0625 0.00336595 -0.00153048 2.76911e-06 4.08098e-07
20.0938 0.00331832 -0.00151794 2.79443e-06 1.20161e-06
20.125 0.0032711 -0.00150416 2.8423e-06 1.81494e-06
20.1562 0.00322429 -0.0014916 2.90425e-06 2.09075e-06
20.1875 0.00317786 -0.00148013 2.97052e-06 2.13961e-06
20.2188 0.00313178 -0.00146886 3.0381e-06 2.17462e-06
20.25 0.00308604 -0.00145937 3.10322e-06 1.9094e-06
20.2812 0.00304056 -0.00145089 3.15301e-06 1.24939e-06
20.3125 0.00299536 -0.00144179 3.1825e-06 6.7626e-07
20.3438 0.00295046 -0.00143225 3.19603e-06 1.66052e-07
20.375 0.00290586 -0.00142187 3.19056e-06 -5.43571e-07
20.4062 0.0028616 -0.00141078 3.16189e-06 -1.27538e-06
20.4375 0.00281769 -0.00139861 3.11209e-06 -1.8917e-06
20.4688 0.00277421 -0.0013841 3.04467e-06 -2.41869e-06
20.5 0.00273119 -0.00136893 2.95959e-06 -3.07415e-06
20.5312 0.00268865 -0.00135392 2.84979e-06 -3.9639e-06
20.5625 0.00264659 -0.00133716 2.71426e-06 -4.64132e-06
20.5938 0.00260508 -0.00131989 2.5624e-06 -5.08379e-06
20.625 0.00256409 -0.00130373 2.39422e-06 -5.70851e-06
20.6562 0.0025236 -0.0012876 2.20702e-06 -6.20149e-06
20.6875 0.00248361 -0.00127155 2.0115e-06 -6.25565e-06
20.7188 0.00244412 -0.00125566 1.8177e-06 -6.13577e-06
20.75 0.00240513 -0.00123972 1.62906e-06 -5.91371e-06
20.7812 0.00236663 -0.00122461 1.44966e-06 -5.54141e-06
20.8125 0.00232859 -0.00120966 1.28506e-06 -4.94457e-06
20.8438 0.00229103 -0.00119425 1.14293e-06 -4.14683e-06
20.875 0.00225395 -0.00117946 1.02378e-06 -3.52768e-06
20.9062 0.00221731 -0.00116493 9.21501e-07 -2.98428e-06
20.9375 0.00218114 -0.0011505 8.40797e-07 -2.13915e-06
20.9688 0.00214539 -0.0011376 7.87378e-07 -1.32548e-06
21 0.00211002 -0.00112617 7.55451e-07 -7.2607e-07
21.0312 0.002075 -0.00111548 7.43589e-07 6.40834e-09
21.0625 0.00204029 -0.00110582 7.57362e-07 8.75681e-07
21.0938 0.00200588 -0.00109708 7.9707e-07 1.63028e-06
21.125 0.00197172 -0.00108849 8.56585e-07 2.1368e-06
21.1562 0.00193785 -0.00107925 9.29039e-07 2.49675e-06
21.1875 0.00190427 -0.00107 1.01281e-06 2.85054e-06
21.2188 0.00187097 -0.00106179 1.10385e-06 2.88959e-06
21.25 0.00183791 -0.0010538 1.18853e-06 2.48999e-06
21.2812 0.0018051 -0.00104611 1.25973e-06 2.09263e-06
21.3125 0.00177251 -0.0010398 1.31965e-06 1.71394e-06
21.3438 0.00174012 -0.00103323 1.36401e-06 1.08512e-06
21.375 0.00170795 -0.00102568 1.38664e-06 3.74956e-07
21.4062 0.001676 -0.00101864 1.3888e-06 -2.13012e-07
21.4375 0.00164429 -0.00101101 1.37443e-06 -7.01582e-07
21.4688 0.00161282 -0.00100272 1.34388e-06 -1.29206e-06
21.5 0.0015816 -0.000996238 1.29138e-06 -2.08013e-06
21.5312 0.00155055 -0.000990324 1.21556e-06 -2.72288e-06
21.5625 0.00151971 -0.000983549 1.12282e-06 -3.23141e-06
21.5938 0.00148906 -0.000978271 1.0106e-06 -3.99113e-06
21.625 0.00145856 -0.000973974 8.74132e-07 -4.67732e-06
21.6562 0.00142821 -0.000968098 7.23127e-07 -4.92866e-06
21.6875 0.00139806 -0.000961554 5.67561e-07 -5.02516e-06
21.7188 0.00136811 -0.000954942 4.09646e-07 -5.05575e-06
21.75 0.00133839 -0.000946865 2.53991e-07 -4.85933e-06
21.7812 0.00130895 -0.000937021 1.09227e-07 -4.35057e-06
21.8125 0.00127984 -0.000925589 -1.54246e-08 -3.61751e-06
21.8438 0.00125111 -0.00091319 -1.1831e-07 -3.00343e-06
21.875 0.00122277 -0.000900843 -2.03654e-07 -2.425e-06
21.9062 0.00119482 -0.000888035 -2.66604e-07 -1.56718e-06
21.9375 0.00116727 -0.000874768 -3.02322e-07 -7.70091e-07
21.9688 0.00114013 -0.000862486 -3.1761e-07 -2.20509e-07
22 0.00111336 -0.000851039 -3.14435e-07 4.68881e-07
22.0312 0.00108694 -0.000840038 -2.86476e-07 1.32348e-06
22.0625 0.00106084 -0.00083046 -2.32809e-07 2.0828e-06
22.0938 0.00103502 -0.000821927 -1.58126e-07 2.67178e-06
22.125 0.00100947 -0.000813387 -6.65918e-08 3.1902e-06
22.1562 0.000984183 -0.000805066 4.17608e-08 3.73704e-06
22.1875 0.000959153 -0.000796841 1.64065e-07 4.0077e-06
22.2188 0.000934385 -0.000788223 2.87135e-07 3.81864e-06
22.25 0.00090989 -0.000779489 4.02391e-07 3.57687e-06
22.2812 0.000885664 -0.00077106 5.10594e-07 3.30948e-06
22.3125 0.00086169 -0.000763468 6.05475e-07 2.70748e-06
22.3438 0.000837937 -0.000756777 6.78261e-07 1.95554e-06
22.375 0.000814393 -0.000749968 7.28767e-07 1.29624e-06
22.4062 0.000791069 -0.000742751 7.60207e-07 7.22451e-07
22.4375 0.000767971 -0.00073543 7.73229e-07 8.07555e-08
22.4688 0.000745116 -0.000727044 7.63359e-07 -7.2037e-07
22.5 0.000722545 -0.000717421 7.30086e-07 -1.35662e-06
22.5312 0.000700273 -0.000708137 6.80215e-07 -1.85881e-06
22.5625 0.000678282 -0.000699214 6.10294e-07 -2.66885e-06
22.5938 0.000656577 -0.000689833 5.13463e-07 -3.47338e-06
22.625 0.000635163 -0.000680773 3.97315e-07 -3.91667e-06
22.6562 0.000614028 -0.000671783 2.69275e-07 -4.28356e-06
22.6875 0.000593188 -0.000661864 1.30237e-07 -4.58196e-06
22.7188 0.000572659 -0.000652153 -1.42737e-08 -4.61699e-06
22.75 0.000552425 -0.000642663 -1.54971e-07 -4.32973e-06
22.7812 0.000532505 -0.000632093 -2.81918e-07 -3.77432e-06
22.8125 0.000512912 -0.00062222 -3.91595e-07 -3.26985e-06
22.8438 0.000493596 -0.00061416 -4.86e-07 -2.72425e-06
22.875 0.000474531 -0.000605868 -5.57877e-07 -1.83475e-06
22.9062 0.000455728 -0.000597751 -6.01639e-07 -1.02634e-06
22.9375 0.000437147 -0.000591838 -6.25286e-07 -4.99691e-07
22.9688 0.000418725 -0.000587189 -6.31041e-07 1.7805e-07
23 0.000400453 -0.000582119 -6.12467e-07 1.0098e-06
23.0312 0.000382344 -0.000576856 -5.69033e-07 1.74688e-06
23.0625 0.000364394 -0.000571983 -5.04511e-07 2.36943e-06
23.0938 0.0003466 -0.00056664 -4.20908e-07 2.99825e-06
23.125 0.000328992 -0.000560196 -3.15858e-07 3.72712e-06
23.1562 0.000311588 -0.000553726 -1.90499e-07 4.21709e-06
23.1875 0.000294386 -0.000547062 -5.7085e-08 4.27723e-06
23.2188 0.000277407 -0.000539454 7.66581e-08 4.2976e-06
23.25 0.000260665 -0.000532227 2.10747e-07 4.23089e-06
23.2812 0.000244137 -0.000525523 3.36502e-07 3.7514e-06
23.3125 0.00022782 -0.00051895 4.43083e-07 3.06552e-06
23.3438 0.000211687 -0.000513846 5.28629e-07 2.4211e-06
23.375 0.000195695 -0.000509641 5.9488e-07 1.81798e-06
23.4062 0.000179831 -0.000505817 6.41154e-07 1.11037e-06
23.4375 0.000164068 -0.000503062 6.62568e-07 2.59767e-07
23.4688 0.000148403 -0.00049907 6.59701e-07 -3.86909e-07
23.5 0.000132897 -0.000493214 6.40168e-07 -8.83638e-07
23.5312 0.000117576 -0.000487264 6.01116e-07 -1.66732e-06
23.5625 0.000102463 -0.000479529 5.35557e-07 -2.48868e-06
23.5938 8.7625e-05 -0.000470073 4.48663e-07 -3.04216e-06
23.625 7.30754e-05 -0.000461166 3.45384e-07 -3.58459e-06
23.6562 5.88124e-05 -0.000451344 2.24379e-07 -4.14054e-06
23.6875 4.48821e-05 -0.000440082 8.90718e-08 -4.46567e-06
23.7188 3.13136e-05 -0.000428088 -5.09328e-08 -4.43203e-06
23.75 1.81485e-05 -0.000414121 -1.84894e-07 -4.11881e-06
23.7812 5.44301e-06 -0.000398982 -3.08512e-07 -3.80201e-06
23.8125 -6.78259e-06 -0.000383226 -4.21334e-07 -3.36209e-06
23.8438 -1.84897e-05 -0.000365811 -5.14405e-07 -2.54914e-06
23.875 -2.96453e-05 -0.000348287 -5.81061e-07 -1.76444e-06
23.9062 -4.02622e-05 -0.000331114 -6.273e-07 -1.20303e-06
23.9375 -5.03315e-05 -0.000313259 -6.54507e-07 -4.96777e-07
23.9688 -5.98443e-05 -0.000295649 -6.57072e-07 3.24188e-07
24 -6.88076e-05 -0.000277851 -6.35797e-07 1.0099e-06
24.0312 -7.72042e-05 -0.000259607 -5.95069e-07 1.59197e-06
24.0625 -8.50459e-05 -0.000242427 -5.3554e-07 2.24628e-06
24.0938 -9.23513e-05 -0.000224827 -4.52865e-07 3.05446e-06
24.125 -9.90804e-05 -0.000205767 -3.46598e-07 3.67973e-06
24.1562 -0.000105225 -0.000187823 -2.26895e-07 3.94818e-06
24.1875 -0.000110835 -0.000171261 -9.95174e-08 4.22363e-06
24.2188 -0.000115923 -0.000154277 3.63646e-08 4.41636e-06
24.25 -0.000120481 -0.000137678 1.71451e-07 4.15267e-06
24.2812 -0.000124545 -0.000122637 2.93134e-07 3.62201e-06
24.3125 -0.000128146 -0.000107679 3.97852e-07 3.08243e-06
24.3438 -0.000131265 -9.18219e-05 4.85563e-07 2.5184e-06
24.375 -0.000133891 -7.64045e-05 5.53616e-07 1.79938e-06
24.4062 -0.000136041 -6.10056e-05 5.96233e-07 9.28328e-07
24.4375 -0.000137686 -4.4021e-05 6.14075e-07 2.73714e-07
24.4688 -0.000138787 -2.65355e-05 6.15398e-07 -2.06643e-07
24.5 -0.000139343 -8.8352e-06 5.97787e-07 -9.73501e-07
24.5312 -0.000139321 1.05423e-05 5.54274e-07 -1.76539e-06
24.5625 -0.000138675 3.08151e-05 4.90817e-07 -2.26916e-06
24.5938 -0.000137396 5.10147e-05 4.11476e-07 -2.84715e-06
24.625 -0.000135487 7.10761e-05 3.11546e-07 -3.53838e-06
24.6562 -0.000132967 8.99453e-05 1.92446e-07 -4.03856e-06
24.6875 -0.00012988 0.000107428 6.2157e-08 -4.24912e-06
24.7188 -0.000126262 0.000123912 -7.02552e-08 -4.1951e-06
24.75 -0.000122148 0.000139297 -1.99517e-07 -4.0783e-06
24.7812 -0.000117556 0.000154684 -3.23601e-07 -3.79948e-06
24.8125 -0.000112469 0.000171004 -4.31975e-07 -3.07584e-06
24.8438 -0.000106865 0.000187678 -5.15564e-07 -2.31771e-06
24.875 -0.00010074 0.00020431 -5.79405e-07 -1.77333e-06
24.9062 -9.40927e-05 0.000221218 -6.2418e-07 -1.04216e-06
24.9375 -8.69098e-05 0.000238509 -6.43102e-07 -1.81884e-07
24.9688 -7.91906e-05 0.000255373 -6.37518e-07 5.07614e-07
25 -7.09558e-05 0.000271654 -6.12504e-07 1.08896e-06
25.0312 -6.22059e-05 0.000288472 -5.68911e-07 1.72336e-06
25.0625 -5.29234e-05 0.000305541 -5.03111e-07 2.5033e-06
25.0938 -4.31151e-05 0.000322151 -4.13577e-07 3.17681e-06
25.125 -3.27883e-05 0.000338762 -3.07646e-07 3.58167e-06
25.1562 -2.19481e-05 0.000354853 -1.88733e-07 4.0582e-06
25.1875 -1.06167e-05 0.000370365 -5.43223e-08 4.48909e-06
25.2188 1.20325e-06 0.000386093 8.66583e-08 4.45522e-06
25.25 1.35007e-05 0.000400566 2.21407e-07 4.15696e-06
25.2812 2.62176e-05 0.000413153 3.46139e-07 3.8126e-06
25.3125 3.93243e-05 0.000425783 4.58111e-07 3.32027e-06
25.3438 5.28306e-05 0.000438523 5.51295e-07 2.60307e-06
25.375 6.6723e-05 0.000450498 6.1894e-07 1.72216e-06
25.4062 8.0988e-05 0.000462576 6.60886e-07 1.01504e-06
25.4375 9.56425e-05 0.000475427 6.84308e-07 4.70159e-07
25.4688 0.000110707 0.000488742 6.87287e-07 -3.26529e-07
25.5 0.000126188 0.000501991 6.63903e-07 -1.12053e-06
25.5312 0.000142081 0.000515203 6.20798e-07 -1.60993e-06
25.5625 0.000158398 0.000529257 5.6224e-07 -2.18084e-06
25.5938 0.000175165 0.000543802 4.8268e-07 -2.91133e-06
25.625 0.00019238 0.000558001 3.81703e-07 -3.51691e-06
25.6562 0.000210051 0.000573237 2.65167e-07 -3.90338e-06
25.6875 0.000228222 0.000589733 1.39765e-07 -4.10406e-06
25.7188 0.000246899 0.000605426 8.88934e-09 -4.26789e-06
25.75 0.000266064 0.000621441 -1.24702e-07 -4.20475e-06
25.7812 0.000285764 0.000639587 -2.48296e-07 -3.6388e-06
25.8125 0.00030604 0.000657989 -3.51398e-07 -2.99217e-06
25.8438 0.000326893 0.00067697 -4.37008e-07 -2.4794e-06
25.875 0.000348379 0.000698452 -5.03642e-07 -1.73042e-06
25.9062 0.000370547 0.000720035 -5.43405e-07 -8.21677e-07
25.9375 0.000393366 0.000740316 -5.5677e-07 -6.71143e-08
25.9688 0.000416814 0.000760209 -5.49044e-07 5.52716e-07
26 0.000440857 0.000778072 -5.21739e-07 1.21785e-06
26.0312 0.000465421 0.00079389 -4.71411e-07 2.01187e-06
26.0625 0.00049047 0.000809083 -3.97462e-07 2.6717e-06
26.0938 0.000515969 0.000822495 -3.06926e-07 3.11619e-06
26.125 0.000541868 0.00083514 -2.00859e-07 3.7124e-06
26.1562 0.000568176 0.0008486 -7.45712e-08 4.32665e-06
26.1875 0.000594893 0.000861033 6.51132e-08 4.54353e-06
26.2188 0.000621981 0.000872575 2.06846e-07 4.51255e-06
26.25 0.000649436 0.000884636 3.46452e-07 4.40183e-06
26.2812 0.000677267 0.000896409 4.79874e-07 4.09451e-06
26.3125 0.000705457 0.000907764 5.99363e-07 3.5024e-06
26.3438 0.000733997 0.000918637 6.96312e-07 2.68801e-06
26.375 0.000762863 0.000928703 7.68557e-07 1.97499e-06
26.4062 0.000792043 0.000938912 8.21009e-07 1.3629e-06
26.4375 0.000821546 0.00094921 8.50851e-07 5.0665e-07
26.4688 0.000851362 0.000958926 8.53156e-07 -3.03545e-07
26.5 0.000881472 0.000967965 8.35586e-07 -7.93632e-07
26.5312 0.000911851 0.000976174 8.02324e-07 -1.38113e-06
26.5625 0.000942479 0.000983977 7.47425e-07 -2.13041e-06
26.5938 0.000973338 0.000990653 6.70662e-07 -2.75251e-06
26.625 0.00100438 0.00099554 5.7687e-07 -3.23214e-06
26.6562 0.00103556 0.00100067 4.69473e-07 -3.63685e-06
26.6875 0.00106692 0.00100603 3.49335e-07 -4.05156e-06
26.7188 0.00109843 0.00101019 2.1828e-07 -4.26261e-06
26.75 0.00113006 0.0010149 8.85255e-08 -3.96974e-06
26.7812 0.00116187 0.00102042 -2.84965e-08 -3.54043e-06
26.8125 0.00119383 0.00102506 -1.33628e-07 -3.16418e-06
26.8438 0.00122593 0.0010297 -2.22331e-07 -2.43969e-06
26.875 0.00125819 0.00103517 -2.83771e-07 -1.50117e-06
26.9062 0.00129063 0.00104088 -3.18217e-07 -7.36376e-07
26.9375 0.00132325 0.00104647 -3.30618e-07 -5.20417e-08
26.9688 0.00135603 0.00105177 -3.20614e-07 7.09407e-07
27 0.00138898 0.001057 -2.85436e-07 1.54361e-06
27.0312 0.00142209 0.00106129 -2.2551e-07 2.24852e-06
27.0625 0.0014553 0.00106395 -1.47238e-07 2.75271e-06
27.0938 0.00148859 0.00106689 -5.16155e-08 3.41415e-06
27.125 0.00152199 0.00107072 6.72565e-08 4.16385e-06
27.1562 0.0015555 0.00107422 2.04867e-07 4.58413e-06
27.1875 0.00158913 0.00107826 3.52158e-07 4.84699e-06
27.2188 0.00162291 0.0010834 5.0806e-07 5.11524e-06
27.25 0.00165684 0.00108803 6.69366e-07 5.15282e-06
27.2812 0.00169089 0.00109139 8.26416e-07 4.83949e-06
27.3125 0.00172504 0.0010938 9.68737e-07 4.24029e-06
27.3438 0.00175925 0.00109527 1.09158e-06 3.64642e-06
27.375 0.00179348 0.00109581 1.19731e-06 3.09517e-06
27.4062 0.00182773 0.00109589 1.28175e-06 2.26075e-06
27.4375 0.00186197 0.00109559 1.33858e-06 1.42683e-06
27.4688 0.0018962 0.00109513 1.3747e-06 9.17764e-07
27.5 0.00193044 0.00109622 1.39514e-06 3.50956e-07
27.5312 0.00196473 0.00109899 1.39508e-06 -3.50069e-07
27.5625 0.00199912 0.00110182 1.37473e-06 -9.26418e-07
27.5938 0.00203361 0.00110591 1.33827e-06 -1.39687e-06
27.625 0.00206826 0.00111198 1.28761e-06 -1.85247e-06
27.6562 0.00210311 0.00111828 1.22159e-06 -2.38186e-06
27.6875 0.00213817 0.00112561 1.1402e-06 -2.76406e-06
27.7188 0.00217348 0.00113447 1.05359e-06 -2.72211e-06
27.75 0.00220907 0.00114353 9.70825e-07 -2.59382e-06
27.7812 0.00224496 0.00115391 8.91484e-07 -2.43938e-06
27.8125 0.0022812 0.00116515 8.23333e-07 -1.84052e-06
27.8438 0.00231777 0.00117508 7.79063e-07 -9.95414e-07
27.875 0.00235465 0.00118528 7.59758e-07 -2.60366e-07
27.9062 0.00239185 0.00119565 7.6238e-07 4.32614e-07
27.9375 0.00242935 0.00120405 7.87516e-07 1.19468e-06
27.9688 0.00246711 0.00121253 8.38177e-07 2.05134e-06
28 0.00250515 0.00122188 9.13992e-07 2.74726e-06
28.0312 0.00254346 0.0012299 1.00729e-06 3.2222e-06
28.0625 0.00258201 0.00123745 1.11794e-06 3.91319e-06
28.0938 0.00262081 0.00124546 1.2527e-06 4.67164e-06
28.125 0.00265984 0.00125288 1.40614e-06 5.10464e-06
28.1562 0.00269911 0.00125998 1.57156e-06 5.50673e-06
28.1875 0.0027386 0.00126771 1.75118e-06 5.97456e-06
28.2188 0.00277835 0.00127629 1.94255e-06 6.22237e-06
28.25 0.00281837 0.00128492 2.13674e-06 6.15017e-06
28.2812 0.00285864 0.00129248 2.32372e-06 5.78172e-06
28.3125 0.00289915 0.00129964 2.49772e-06 5.36631e-06
28.3438 0.00293987 0.00130629 2.65867e-06 4.88986e-06
28.375 0.00298076 0.00131072 2.79904e-06 4.03645e-06
28.4062 0.00302178 0.00131421 2.91079e-06 3.16634e-06
28.4375 0.00306291 0.0013186 3.00053e-06 2.6047e-06
28.4688 0.00310419 0.00132297 3.07262e-06 1.97208e-06
28.5 0.0031456 0.00132723 3.12274e-06 1.25056e-06
28.5312 0.00318715 0.00133215 3.15279e-06 7.03735e-07
28.5625 0.00322886 0.00133744 3.16783e-06 2.66388e-07
28.5938 0.00327074 0.00134304 3.16958e-06 -1.60397e-07
28.625 0.0033128 0.0013485 3.15673e-06 -6.816e-07
28.6562 0.00335501 0.00135297 3.12721e-06 -1.16871e-06
28.6875 0.00339735 0.00135672 3.08732e-06 -1.3343e-06
28.7188 0.0034398 0.00136026 3.04459e-06 -1.41958e-06
28.75 0.00348237 0.0013638 2.99818e-06 -1.51658e-06
28.7812 0.00352504 0.00136744 2.9545e-06 -1.19016e-06
28.8125 0.00356784 0.0013714 2.92737e-06 -5.31191e-07
28.8438 0.00361077 0.00137673 2.92094e-06 1.1626e-07
28.875 0.0036539 0.00138344 2.93556e-06 8.47705e-07
28.9062 0.00369724 0.00139024 2.97573e-06 1.74625e-06
28.9375 0.00374079 0.00139772 3.04538e-06 2.70476e-06
28.9688 0.00378461 0.00140647 3.14284e-06 3.48305e-06
29 0.0038287 0.00141526 3.26075e-06 4.06245e-06
29.0312 0.00387306 0.00142446 3.39918e-06 4.85081e-06
29.0625 0.00391774 0.0014347 3.56504e-06 5.72894e-06
29.0938 0.00396273 0.00144478 3.75336e-06 6.27355e-06
29.125 0.00400803 0.00145454 3.95694e-06 6.7912e-06
29.1562 0.00405364 0.00146391 4.17965e-06 7.45847e-06
29.1875 0.00409951 0.0014718 4.42066e-06 7.90993e-06
29.2188 0.00414562 0.00147915 4.67095e-06 8.07078e-06
29.25 0.00419196 0.00148643 4.92304e-06 8.03262e-06
29.2812 0.00423851 0.00149244 5.17151e-06 7.85185e-06
29.3125 0.00428524 0.0014984 5.41205e-06 7.49225e-06
29.3438 0.00433216 0.00150491 5.63546e-06 6.74153e-06
29.375 0.00437927 0.00150984 5.83213e-06 5.87692e-06
29.4062 0.00442652 0.00151443 6.00591e-06 5.27628e-06
29.4375 0.00447395 0.00152072 6.1608e-06 4.58477e-06
29.4688 0.00452157 0.00152697 6.29016e-06 3.69797e-06
29.5 0.00456938 0.0015336 6.39452e-06 3.0356e-06
29.5312 0.00461745 0.00154319 6.48196e-06 2.56627e-06
29.5625 0.00466585 0.00155419 6.5542e-06 2.03915e-06
29.5938 0.00471458 0.0015646 6.60849e-06 1.42809e-06
29.625 0.00476364 0.00157546 6.64405e-06 8.76244e-07
29.6562 0.00481305 0.00158693 6.6654e-06 5.12842e-07
29.6875 0.00486282 0.00159777 6.67573e-06 1.2223e-07
29.7188 0.00491291 0.00160785 6.67244e-06 -3.04893e-07
29.75 0.0049633 0.00161756 6.66063e-06 -3.76054e-07
29.7812 0.005014 0.00162733 6.65217e-06 -1.4173e-07
29.8125 0.00506502 0.00163765 6.65255e-06 1.83766e-07
29.8438 0.00511636 0.00164851 6.66557e-06 6.86455e-07
29.875 0.00516805 0.0016596 6.69768e-06 1.4016e-06
29.9062 0.00522009 0.00167097 6.75485e-06 2.26978e-06
29.9375 0.00527249 0.00168232 6.83852e-06 3.04393e-06
29.9688 0.00532523 0.00169303 6.94291e-06 3.63133e-06
30 0.00537829 0.00170258 7.06717e-06 4.356e-06
30.0312 0.00543163 0.00171065 7.21505e-06 5.06128e-06
30.0625 0.0054852 0.00171779 7.37976e-06 5.44419e-06
30.0938 0.00553898 0.00172459 7.556e-06 5.87736e-06
30.125 0.00559297 0.00173037 7.74904e-06 6.47835e-06
30.1562 0.00564712 0.00173545 7.9594e-06 6.95096e-06
30.1875 0.00570144 0.00174086 8.18146e-06 7.22774e-06
30.2188 0.00575592 0.00174533 8.40903e-06 7.31213e-06
30.25 0.00581051 0.00174842 8.63822e-06 7.36482e-06
30.2812 0.0058652 0.00175168 8.86848e-06 7.31434e-06
30.3125 0.00591999 0.00175459 9.08977e-06 6.76561e-06
30.3438 0.00597485 0.00175665 9.28992e-06 6.0818e-06
30.375 0.00602978 0.00175872 9.47263e-06 5.61654e-06
30.4062 0.00608476 0.00175988 9.63792e-06 4.89263e-06
30.4375 0.00613976 0.00175964 9.77668e-06 4.01903e-06
30.4688 0.00619473 0.00175836 9.89284e-06 3.46664e-06
30.5 0.00624963 0.00175544 9.99425e-06 3.00872e-06
30.5312 0.00630443 0.00175168 1.00796e-05 2.43969e-06
30.5625 0.00635911 0.00174767 1.01461e-05 1.81041e-06
30.5938 0.00641365 0.00174257 1.01936e-05 1.26701e-06
30.625 0.00646802 0.0017372 1.02279e-05 9.53536e-07
30.6562 0.00652223 0.00173188 1.02522e-05 5.58513e-07
30.6875 0.00657625 0.00172533 1.02613e-05 3.85355e-08
30.7188 0.00663005 0.00171814 1.02584e-05 -1.51003e-07
30.75 0.00668364 0.00171172 1.02546e-05 -7.72097e-08
30.7812 0.00673705 0.0017066 1.02541e-05 6.63349e-08
30.8125 0.00679031 0.00170206 1.02614e-05 4.54903e-07
30.8438 0.00684343 0.00169778 1.02858e-05 1.15599e-06
30.875 0.00689645 0.00169591 1.03364e-05 2.11704e-06
30.9062 0.00694944 0.00169578 1.04182e-05 3.08902e-06
30.9375 0.00700242 0.00169442 1.05279e-05 3.92645e-06
30.9688 0.00705535 0.00169331 1.06653e-05 4.90557e-06
31 0.00710826 0.00169259 1.0834e-05 5.83081e-06
31.0312 0.00716111 0.00168943 1.10254e-05 6.37592e-06
31.0625 0.00721384 0.00168549 1.12332e-05 6.96957e-06
31.0938 0.00726645 0.00168134 1.14624e-05 7.67612e-06
31.125 0.0073189 0.00167526 1.17101e-05 8.14425e-06
31.1562 0.00737116 0.00166967 1.19712e-05 8.57951e-06
31.1875 0.00742327 0.00166506 1.22467e-05 9.04168e-06
31.2188 0.00747521 0.00165939 1.2535e-05 9.39583e-06
31.25 0.00752698 0.00165399 1.28334e-05 9.66729e-06
31.2812 0.00757859 0.00164884 1.31348e-05 9.53348e-06
31.3125 0.00763002 0.00164235 1.34255e-05 9.06928e-06
31.3438 0.00768123 0.00163535 1.37034e-05 8.72757e-06
31.375 0.00773222 0.00162809 1.39683e-05 8.14164e-06
31.4062 0.00778298 0.00162062 1.42079e-05 7.18024e-06
31.4375 0.00783352 0.0016135 1.44197e-05 6.43759e-06
31.4688 0.00788382 0.00160595 1.46119e-05 5.84332e-06
31.5 0.00793389 0.00159827 1.4783e-05 5.09078e-06
31.5312 0.00798372 0.00159113 1.49305e-05 4.37177e-06
31.5625 0.00803333 0.00158374 1.50578e-05 3.79905e-06
31.5938 0.00808271 0.00157664 1.51689e-05 3.30915e-06
31.625 0.00813188 0.00157084 1.52635e-05 2.71482e-06
31.6562 0.00818089 0.00156565 1.5337e-05 1.99473e-06
31.6875 0.00822974 0.00156055 1.53917e-05 1.58951e-06
31.7188 0.00827843 0.00155575 1.54398e-05 1.49594e-06
31.75 0.00832697 0.00155079 1.54836e-05 1.28156e-06
31.7812 0.00837534 0.00154481 1.5521e-05 1.18173e-06
31.8125 0.00842352 0.00153828 1.55627e-05 1.55896e-06
31.8438 0.00847149 0.00153217 1.56208e-05 2.16173e-06
31.875 0.00851928 0.00152597 1.56973e-05 2.73116e-06
31.9062 0.00856686 0.00151904 1.57924e-05 3.38815e-06
31.9375 0.00861421 0.0015116 1.59115e-05 4.25936e-06
31.9688 0.00866133 0.00150392 1.60581e-05 5.07889e-06
32 0.00870821 0.00149624 1.62259e-05 5.63505e-06
32.0312 0.00875483 0.00148758 1.64104e-05 6.18976e-06
32.0625 0.00880116 0.00147745 1.66133e-05 6.78347e-06
32.0938 0.00884718 0.001468 1.68329e-05 7.25541e-06
32.125 0.00889292 0.00145937 1.70671e-05 7.75014e-06
32.1562 0.00893838 0.00144983 1.73177e-05 8.28539e-06
32.1875 0.00898354 0.00144097 1.75851e-05 8.8408e-06
32.2188 0.00902846 0.00143364 1.78703e-05 9.38812e-06
32.25 0.00907314 0.00142578 1.81685e-05 9.63222e-06
32.2812 0.00911756 0.00141725 1.8471e-05 9.7461e-06
32.3125 0.00916172 0.00140832 1.87784e-05 9.89407e-06
32.3438 0.00920556 0.00139742 1.90838e-05 9.53829e-06
32.375 0.00924903 0.00138435 1.93701e-05 8.78448e-06
32.4062 0.00929207 0.00137015 1.96349e-05 8.19117e-06
32.4375 0.00933465 0.00135486 1.98819e-05 7.58797e-06
32.4688 0.00937674 0.00133866 2.0108e-05 6.89449e-06
32.5 0.00941832 0.00132288 2.03142e-05 6.31992e-06
32.5312 0.00945943 0.0013079 2.05041e-05 5.85128e-06
32.5625 0.00950006 0.0012925 2.06813e-05 5.5066e-06
32.5938 0.00954021 0.00127724 2.0848e-05 5.13688e-06
32.625 0.00957991 0.00126336 2.1001e-05 4.66171e-06
32.6562 0.00961917 0.00124975 2.11415e-05 4.37075e-06
32.6875 0.00965802 0.00123641 2.12753e-05 4.18233e-06
32.7188 0.00969647 0.00122485 2.14014e-05 3.88068e-06
32.75 0.00973458 0.00121418 2.15192e-05 3.7042e-06
32.7812 0.00977235 0.00120338 2.16368e-05 3.89173e-06
32.8125 0.0098098 0.00119346 2.17657e-05 4.38228e-06
32.8438 0.00984695 0.00118428 2.19102e-05 4.83587e-06
32.875 0.00988382 0.00117528 2.20675e-05 5.27613e-06
32.9062 0.00992042 0.00116758 2.22452e-05 6.17347e-06
32.9375 0.00995681 0.00116151 2.24542e-05 7.14347e-06
32.9688 0.00999302 0.0011562 2.26867e-05 7.69652e-06
33 0.0100291 0.00115136 2.29369e-05 8.37574e-06
33.0312 0.010065 0.00114664 2.3212e-05 9.20522e-06
33.0625 0.0101007 0.00114208 2.35087e-05 9.73577e-06
33.0938 0.0101364 0.00113803 2.382e-05 1.02008e-05
33.125 0.0101719 0.00113317 2.41463e-05 1.06691e-05
33.1562 0.0102072 0.00112729 2.44863e-05 1.11009e-05
33.1875 0.0102423 0.00112253 2.4841e-05 1.15878e-05
33.2188 0.0102773 0.00111814 2.52075e-05 1.18057e-05
33.25 0.0103122 0.00111255 2.55771e-05 1.1865e-05
33.2812 0.0103469 0.00110725 2.59499e-05 1.19652e-05
33.3125 0.0103814 0.00110229 2.63192e-05 1.15532e-05
33.3438 0.0104158 0.00109668 2.66681e-05 1.07851e-05
33.375 0.0104499 0.00109089 2.69954e-05 1.01754e-05
33.4062 0.0104839 0.00108455 2.73009e-05 9.29102e-06
33.4375 0.0105177 0.00107839 2.75729e-05 8.12157e-06
33.4688 0.0105514 0.00107353 2.7811e-05 7.16069e-06
33.5 0.0105848 0.0010688 2.80218e-05 6.33855e-06
33.5312 0.0106182 0.00106534 2.82091e-05 5.69423e-06
33.5625 0.0106514 0.00106417 2.83792e-05 5.1803e-06
33.5938 0.0106847 0.00106258 2.85306e-05 4.48212e-06
33.625 0.0107178 0.00106071 2.86605e-05 3.88127e-06
33.6562 0.010751 0.00105916 2.87748e-05 3.40874e-06
33.6875 0.010784 0.00105541 2.887e-05 2.64051e-06
33.7188 0.0108169 0.0010506 2.89404e-05 1.92738e-06
33.75 0.0108497 0.00104631 2.89948e-05 1.59075e-06
33.7812 0.0108823 0.00104066 2.90399e-05 1.28165e-06
33.8125 0.0109147 0.00103461 2.90753e-05 1.02698e-06
33.8438 0.010947 0.00102968 2.91083e-05 1.15876e-06
33.875 0.0109791 0.0010243 2.91517e-05 1.66299e-06
33.9062 0.011011 0.00101857 2.92132e-05 2.26205e-06
33.9375 0.0110428 0.00101387 2.92919e-05 2.76432e-06
33.9688 0.0110744 0.00101003 2.93866e-05 3.32686e-06
34 0.0111059 0.00100651 2.95016e-05 4.04659e-06
34.0312 0.0111373 0.00100335 2.96386e-05 4.68618e-06
34.0625 0.0111686 0.00100058 2.97926e-05 5.154e-06
34.0938 0.0111998 0.000996848 2.99605e-05 5.60077e-06
34.125 0.0112309 0.000991693 3.01441e-05 6.17271e-06
34.1562 0.0112618 0.000986772 3.03466e-05 6.75763e-06
34.1875 0.0112926 0.000981388 3.05632e-05 7.05415e-06
34.2188 0.0113231 0.000974174 3.07868e-05 7.29127e-06
34.25 0.0113534 0.000966799 3.10215e-05 7.73858e-06
34.2812 0.0113835 0.000959689 3.12668e-05 7.85575e-06
34.3125 0.0114134 0.000951652 3.15077e-05 7.54679e-06
34.3438 0.011443 0.000942668 3.17399e-05 7.33734e-06
34.375 0.0114723 0.000932548 3.19643e-05 6.94148e-06
34.4062 0.0115013 0.000921672 3.2169e-05 6.12472e-06
34.4375 0.0115299 0.000910464 3.23484e-05 5.40447e-06
34.4688 0.0115582 0.00089781 3.25085e-05 4.83613e-06
34.5 0.011586 0.000884279 3.26495e-05 4.17796e-06
34.5312 0.0116134 0.000871495 3.27695e-05 3.5057e-06
34.5625 0.0116405 0.000858884 3.28698e-05 2.94401e-06
34.5938 0.0116671 0.000846001 3.29559e-05 2.60171e-06
34.625 0.0116934 0.000833708 3.30325e-05 2.26305e-06
34.6562 0.0117192 0.000822024 3.3094e-05 1.63242e-06
34.6875 0.0117447 0.00081001 3.31342e-05 9.70308e-07
34.7188 0.0117699 0.000797488 3.31566e-05 4.81316e-07
34.75 0.0117946 0.000785479 3.31645e-05 2.1069e-08
34.7812 0.011819 0.000774375 3.31588e-05 -3.46561e-07
34.8125 0.011843 0.000764195 3.31463e-05 -3.86989e-07
34.8438 0.0118667 0.00075586 3.31389e-05 -3.50267e-08
34.875 0.0118903 0.000749165 3.31456e-05 4.65189e-07
34.9062 0.0119136 0.000743088 3.31681e-05 1.00056e-06
34.9375 0.0119367 0.000737558 3.32112e-05 1.80643e-06
34.9688 0.0119597 0.000731862 3.32821e-05 2.70059e-06
35 0.0119824 0.000725284 3.33765e-05 3.28898e-06
35.0312 0.012005 0.000718092 3.34854e-05 3.66552e-06
35.0625 0.0120273 0.000710211 3.3605e-05 3.98492e-06
35.0938 0.0120494 0.000701805 3.37351e-05 4.36279e-06
35.125 0.0120712 0.000692542 3.38779e-05 4.74445e-06
35.1562 0.0120926 0.000681814 3.40283e-05 4.8331e-06
35.1875 0.0121138 0.000671036 3.41807e-05 4.98839e-06
35.2188 0.0121346 0.000660462 3.43435e-05 5.42376e-06
35.25 0.012155 0.000649323 3.45152e-05 5.46719e-06
35.2812 0.0121752 0.000639436 3.46822e-05 5.24389e-06
35.3125 0.012195 0.0006303 3.48452e-05 5.18677e-06
35.3438 0.0122146 0.000619953 3.50031e-05 4.83977e-06
35.375 0.0122338 0.00061064 3.51447e-05 4.22286e-06
35.4062 0.0122527 0.000601943 3.52669e-05 3.56592e-06
35.4375 0.0122714 0.000590463 3.53648e-05 2.67166e-06
35.4688 0.0122896 0.000578196 3.54348e-05 1.84744e-06
35.5 0.0123075 0.000566635 3.54812e-05 1.09283e-06
35.5312 0.012325 0.000553301 3.55005e-05 1.41405e-07
35.5625 0.0123421 0.0005388 3.54936e-05 -4.9959e-07
35.5938 0.0123587 0.000524495 3.54711e-05 -9.9373e-07
35.625 0.0123749 0.000509631 3.54266e-05 -1.90065e-06
35.6562 0.0123906 0.000494536 3.53545e-05 -2.61674e-06
35.6875 0.0124058 0.000478968 3.52673e-05 -2.9665e-06
35.7188 0.0124205 0.000462306 3.51657e-05 -3.59508e-06
35.75 0.0124347 0.00044554 3.50414e-05 -4.32476e-06
35.7812 0.0124483 0.000428308 3.48995e-05 -4.68884e-06
35.8125 0.0124614 0.000409943 3.47519e-05 -4.71357e-06
35.8438 0.0124739 0.000391956 3.4607e-05 -4.53802e-06
35.875 0.0124859 0.000375018 3.447e-05 -4.188e-06
35.9062 0.0124974 0.000358447 3.43491e-05 -3.47928e-06
35.9375 0.0125083 0.000342127 3.4255e-05 -2.54963e-06
35.9688 0.0125188 0.00032594 3.41871e-05 -1.84443e-06
36 0.0125287 0.000309391 3.41391e-05 -1.20271e-06
36.0312 0.0125381 0.000291881 3.41135e-05 -4.3216e-07
36.0625 0.0125469 0.000273538 3.41101e-05 1.69767e-07
36.0938 0.0125552 0.000255295 3.41222e-05 5.92221e-07
36.125 0.0125629 0.000237147 3.41471e-05 1.01111e-06
36.1562 0.01257 0.000219065 3.41871e-05 1.60062e-06
36.1875 0.0125766 0.000201739 3.42504e-05 2.4747e-06
36.2188 0.0125826 0.000184236 3.43402e-05 3.20661e-06
36.25 0.0125881 0.000165674 3.44478e-05 3.67535e-06
36.2812 0.012593 0.000147092 3.45718e-05 4.28686e-06
36.3125 0.0125973 0.000128224 3.4714e-05 4.73467e-06
36.3438 0.012601 0.000107987 3.48619e-05 4.66449e-06
36.375 0.012604 8.68642e-05 3.50037e-05 4.3994e-06
36.4062 0.0126064 6.47597e-05 3.51358e-05 4.02899e-06
36.4375 0.0126081 4.11885e-05 3.5254e-05 3.51872e-06
36.4688 0.012609 1.70278e-05 3.5355e-05 2.92544e-06
36.5 0.0126091 -7.37503e-06 3.54351e-05 2.18178e-06
36.5312 0.0126085 -3.21902e-05 3.54928e-05 1.56535e-06
36.5625 0.0126071 -5.64692e-05 3.55354e-05 1.16679e-06
36.5938 0.012605 -7.91019e-05 3.55637e-05 6.12162e-07
36.625 0.0126022 -9.98471e-05 3.55744e-05 1.217e-07
36.6562 0.0125988 -0.000119521 3.55743e-05 -1.23e-07
36.6875 0.0125947 -0.000138422 3.5564e-05 -5.93128e-07
36.7188 0.0125901 -0.000155227 3.55358e-05 -1.18835e-06
36.75 0.012585 -0.000170682 3.5493e-05 -1.50107e-06
36.7812 0.0125794 -0.0001871 3.54433e-05 -1.67581e-06
36.8125 0.0125733 -0.000203151 3.53882e-05 -1.85011e-06
36.8438 0.0125668 -0.000217656 3.53284e-05 -1.9553e-06
36.875 0.0125597 -0.000232825 3.52687e-05 -1.79563e-06
36.9062 0.0125522 -0.000248174 3.52205e-05 -1.24584e-06
36.9375 0.0125442 -0.000261665 3.51911e-05 -6.68452e-07
36.9688 0.0125359 -0.000274565 3.51768e-05 -2.45616e-07
37 0.0125271 -0.000287506 3.51773e-05 3.08464e-07
37.0312 0.0125179 -0.000299803 3.51964e-05 8.75903e-07
37.0625 0.0125083 -0.000312486 3.52281e-05 1.09262e-06
37.0938 0.0124984 -0.000325544 3.52631e-05 1.17019e-06
37.125 0.012488 -0.000337966 3.53048e-05 1.55439e-06
37.1562 0.0124772 -0.000350209 3.53611e-05 2.01093e-06
37.1875 0.0124661 -0.000361772 3.54267e-05 2.1548e-06
37.2188 0.0124547 -0.000371602 3.54975e-05 2.44954e-06
37.25 0.0124429 -0.000380951 3.55838e-05 3.0847e-06
37.2812 0.0124308 -0.000390779 3.56864e-05 3.37918e-06
37.3125 0.0124185 -0.000400493 3.57905e-05 3.25721e-06
37.3438 0.0124058 -0.000410829 3.5889e-05 3.01732e-06
37.375 0.0123928 -0.000422309 3.59763e-05 2.51869e-06
37.4062 0.0123794 -0.000433498 3.60444e-05 1.82586e-06
37.4375 0.0123657 -0.000444712 3.60886e-05 9.57086e-07
37.4688 0.0123516 -0.000457204 3.61022e-05 -7.86959e-08
37.5 0.0123371 -0.000469516 3.60872e-05 -8.05884e-07
37.5312 0.0123223 -0.000481186 3.60539e-05 -1.3532e-06
37.5625 0.012307 -0.0004936 3.6e-05 -2.11289e-06
37.5938 0.0122914 -0.000505934 3.59238e-05 -2.70626e-06
37.625 0.0122754 -0.000517878 3.58329e-05 -3.11789e-06
37.6562 0.012259 -0.000530484 3.5727e-05 -3.68798e-06
37.6875 0.0122423 -0.000542905 3.56023e-05 -4.27954e-06
37.7188 0.0122251 -0.000555351 3.54594e-05 -4.87877e-06
37.75 0.0122075 -0.000569189 3.52974e-05 -5.47321e-06
37.7812 0.0121895 -0.000583541 3.51184e-05 -5.97393e-06
37.8125 0.0121711 -0.000597692 3.49239e-05 -6.46408e-06
37.8438 0.0121522 -0.000611741 3.47183e-05 -6.59017e-06
37.875 0.0121328 -0.000625551 3.4517e-05 -6.26411e-06
37.9062 0.0121131 -0.000638979 3.43256e-05 -6.01343e-06
37.9375 0.0120929 -0.000650395 3.41423e-05 -5.65123e-06
37.9688 0.0120725 -0.000659736 3.39773e-05 -4.85644e-06
38 0.0120517 -0.000669038 3.38391e-05 -4.01223e-06
38.0312 0.0120307 -0.000676912 3.3725e-05 -3.30915e-06
38.0625 0.0120094 -0.000682773 3.36314e-05 -2.69468e-06
38.0938 0.011988 -0.000689731 3.35563e-05 -2.10373e-06
38.125 0.0119663 -0.000697794 3.35006e-05 -1.46807e-06
38.1562 0.0119444 -0.000705754 3.34624e-05 -1.01846e-06
38.1875 0.0119222 -0.000714566 3.34364e-05 -6.08063e-07
38.2188 0.0118997 -0.000724021 3.34285e-05 1.50451e-07
38.25 0.0118769 -0.000733607 3.34445e-05 7.97748e-07
38.2812 0.0118538 -0.000743124 3.34734e-05 1.00999e-06
38.3125 0.0118305 -0.000752532 3.35079e-05 1.21614e-06
38.3438 0.0118068 -0.000763066 3.35491e-05 1.37964e-06
38.375 0.0117828 -0.00077439 3.35895e-05 1.12516e-06
38.4062 0.0117584 -0.000785803 3.36149e-05 4.45982e-07
38.4375 0.0117337 -0.000797927 3.36159e-05 -3.69697e-07
38.4688 0.0117085 -0.000809128 3.35944e-05 -9.66704e-07
38.5 0.0116831 -0.000818801 3.35555e-05 -1.57163e-06
38.5312 0.0116574 -0.000828437 3.3493e-05 -2.43219e-06
38.5625 0.0116313 -0.000836824 3.34071e-05 -2.96991e-06
38.5938 0.0116051 -0.000844011 3.3311e-05 -3.19594e-06
38.625 0.0115786 -0.000851419 3.32032e-05 -3.77776e-06
38.6562 0.0115519 -0.000857683 3.30735e-05 -4.49731e-06
38.6875 0.011525 -0.000863609 3.29234e-05 -5.11631e-06
38.7188 0.0114979 -0.000870458 3.27517e-05 -5.90427e-06
38.75 0.0114706 -0.000876015 3.25543e-05 -6.70921e-06
38.7812 0.0114431 -0.000880933 3.23334e-05 -7.42565e-06
38.8125 0.0114155 -0.000886854 3.20908e-05 -8.06183e-06
38.8438 0.0113877 -0.000891886 3.18334e-05 -8.34675e-06
38.875 0.0113598 -0.000895957 3.15715e-05 -8.40913e-06
38.9062 0.0113317 -0.000899968 3.13088e-05 -8.35349e-06
38.9375 0.0113036 -0.000902698 3.10541e-05 -7.87312e-06
38.9688 0.0112753 -0.0009047 3.08182e-05 -7.25629e-06
39 0.011247 -0.000907092 3.05974e-05 -6.91164e-06
39.0312 0.0112186 -0.000908724 3.03864e-05 -6.55929e-06
39.0625 0.0111902 -0.000909844 3.01891e-05 -6.06122e-06
39.0938 0.0111617 -0.00091236 3.00065e-05 -5.66327e-06
39.125 0.0111332 -0.000915681 2.98328e-05 -5.48912e-06
39.1562 0.0111045 -0.000918446 2.96626e-05 -5.38536e-06
39.1875 0.0110758 -0.000922058 2.94985e-05 -5.08183e-06
39.2188 0.0110469 -0.000927075 2.93458e-05 -4.71167e-06
39.25 0.0110178 -0.000931254 2.9202e-05 -4.50215e-06
39.2812 0.0109887 -0.000934175 2.90654e-05 -4.20343e-06
39.3125 0.0109595 -0.000937103 2.89406e-05 -3.80212e-06
39.3438 0.0109301 -0.000939846 2.88242e-05 -3.72398e-06
39.375 0.0109007 -0.000942286 2.87036e-05 -4.04296e-06
39.4062 0.0108712 -0.000945403 2.85708e-05 -4.44226e-06
39.4375 0.0108416 -0.000950398 2.84265e-05 -4.80302e-06
39.4688 0.0108118 -0.000957523 2.82677e-05 -5.43235e-06
39.5 0.0107818 -0.000965553 2.80837e-05 -6.34618e-06
39.5312 0.0107514 -0.000974398 2.78742e-05 -6.98404e-06
39.5625 0.0107208 -0.000984687 2.76506e-05 -7.31985e-06
39.5938 0.0106899 -0.000995378 2.74147e-05 -7.82274e-06
39.625 0.0106586 -0.00100672 2.71606e-05 -8.42968e-06
39.6562 0.010627 -0.00101986 2.68893e-05 -8.90723e-06
39.6875 0.0105949 -0.0010335 2.66043e-05 -9.34412e-06
39.7188 0.0105624 -0.00104707 2.63031e-05 -9.98593e-06
39.75 0.0105294 -0.00106141 2.59776e-05 -1.08564e-05
39.7812 0.010496 -0.00107556 2.56278e-05 -1.14341e-05
39.8125 0.0104622 -0.00108868 2.52677e-05 -1.15856e-05
39.8438 0.010428 -0.00110108 2.4903e-05 -1.17686e-05
39.875 0.0103934 -0.00111254 2.45349e-05 -1.16893e-05
39.9062 0.0103585 -0.0011232 2.4179e-05 -1.10199e-05
39.9375 0.0103232 -0.00113365 2.38465e-05 -1.02918e-05
39.9688 0.0102876 -0.00114346 2.35353e-05 -9.59808e-06
40 0.0102518 -0.00115259 2.32489e-05 -8.70756e-06
40.0312 0.0102156 -0.00116217 2.29905e-05 -7.85713e-06
40.0625 0.0101791 -0.00117256 2.2756e-05 -7.17938e-06
40.0938 0.0101423 -0.00118313 2.25398e-05 -6.68669e-06
40.125 0.0101052 -0.00119408 2.23375e-05 -6.23456e-06
40.1562 0.0100677 -0.00120588 2.2153e-05 -5.53644e-06
40.1875 0.0100298 -0.00121812 2.19913e-05 -4.85452e-06
40.2188 0.00999153 -0.00123041 2.18474e-05 -4.35936e-06
40.25 0.00995288 -0.00124266 2.17206e-05 -3.71467e-06
40.2812 0.00991386 -0.00125466 2.16164e-05 -2.96487e-06
40.3125 0.00987447 -0.00126664 2.15336e-05 -2.36941e-06
40.3438 0.0098347 -0.00127858 2.14656e-05 -2.0325e-06
40.375 0.00979456 -0.0012898 2.14039e-05 -1.94173e-06
40.4062 0.00975409 -0.00130075 2.13435e-05 -1.9442e-06
40.4375 0.00971325 -0.00131307 2.12788e-05 -2.28644e-06
40.4688 0.00967201 -0.0013263 2.11956e-05 -3.07306e-06
40.5 0.00963037 -0.00133903 2.10891e-05 -3.66636e-06
40.5312 0.00958831 -0.00135257 2.09686e-05 -4.07074e-06
40.5625 0.00954582 -0.00136712 2.08311e-05 -4.78046e-06
40.5938 0.00950289 -0.00137931 2.06704e-05 -5.44687e-06
40.625 0.00945963 -0.00138936 2.04943e-05 -5.79314e-06
40.6562 0.00941605 -0.0013997 2.03083e-05 -6.12724e-06
40.6875 0.00937217 -0.00140874 2.01094e-05 -6.64157e-06
40.7188 0.00932802 -0.00141669 1.98906e-05 -7.38754e-06
40.75 0.00928361 -0.00142588 1.96485e-05 -8.05359e-06
40.7812 0.00923891 -0.00143479 1.93904e-05 -8.46094e-06
40.8125 0.00919394 -0.00144305 1.91171e-05 -9.08677e-06
40.8438 0.00914871 -0.00145208 1.88226e-05 -9.67826e-06
40.875 0.00910319 -0.00146072 1.85201e-05 -9.56996e-06
40.9062 0.00905742 -0.001469 1.82268e-05 -9.22293e-06
40.9375 0.00901138 -0.0014774 1.79423e-05 -8.97254e-06
40.9688 0.00896509 -0.00148517 1.76691e-05 -8.45778e-06
41 0.00891855 -0.00149353 1.7415e-05 -7.81243e-06
41.0312 0.00887174 -0.00150201 1.71795e-05 -7.28124e-06
41.0625 0.00882469 -0.00150895 1.69587e-05 -6.87678e-06
41.0938 0.00877743 -0.00151588 1.67486e-05 -6.56619e-06
41.125 0.00872995 -0.00152268 1.65503e-05 -6.08605e-06
41.1562 0.00868228 -0.00152809 1.63686e-05 -5.57627e-06
41.1875 0.00863444 -0.00153333 1.61991e-05 -5.27616e-06
41.2188 0.00858645 -0.00153788 1.60422e-05 -4.67439e-06
41.25 0.00853834 -0.00154141 1.5911e-05 -3.72195e-06
41.2812 0.0084901 -0.00154571 1.5806e-05 -3.07295e-06
41.3125 0.00844173 -0.00155007 1.57163e-05 -2.67109e-06
41.3438 0.00839323 -0.00155418 1.564e-05 -2.21425e-06
41.375 0.00834457 -0.00155996 1.55757e-05 -1.95884e-06
41.4062 0.00829572 -0.00156712 1.55132e-05 -2.10877e-06
41.4375 0.00824662 -0.00157493 1.5441e-05 -2.53427e-06
41.4688 0.00819727 -0.00158397 1.53543e-05 -3.0124e-06
41.5 0.00814761 -0.00159427 1.52527e-05 -3.50661e-06
41.5312 0.00809761 -0.00160575 1.51335e-05 -4.14496e-06
41.5625 0.00804725 -0.00161788 1.49938e-05 -4.75941e-06
41.5938 0.0079965 -0.00162973 1.4839e-05 -5.10161e-06
41.625 0.00794539 -0.00164116 1.46763e-05 -5.31876e-06
41.6562 0.00789393 -0.00165202 1.4505e-05 -5.68261e-06
41.6875 0.00784215 -0.00166173 1.43196e-05 -6.18262e-06
41.7188 0.00779009 -0.00167001 1.41203e-05 -6.53569e-06
41.75 0.00773778 -0.00167815 1.39119e-05 -6.83011e-06
41.7812 0.00768519 -0.0016876 1.36891e-05 -7.49352e-06
41.8125 0.00763231 -0.00169693 1.34434e-05 -8.16372e-06
41.8438 0.00757915 -0.00170512 1.31852e-05 -8.27991e-06
41.875 0.00752573 -0.00171361 1.29277e-05 -8.21811e-06
41.9062 0.00747206 -0.00172118 1.2671e-05 -8.18134e-06
41.9375 0.00741819 -0.00172613 1.24206e-05 -7.76017e-06
41.9688 0.00736418 -0.00173028 1.21901e-05 -6.95272e-06
42 0.00731005 -0.00173387 1.19864e-05 -6.10145e-06
42.0312 0.00725584 -0.00173553 1.18066e-05 -5.448e-06
42.0625 0.00720158 -0.00173673 1.16445e-05 -4.91573e-06
42.0938 0.00714728 -0.00173856 1.15012e-05 -4.23596e-06
42.125 0.00709293 -0.00173971 1.13789e-05 -3.63875e-06
42.1562 0.00703856 -0.00173988 1.12705e-05 -3.31918e-06
42.1875 0.00698418 -0.00174034 1.11738e-05 -2.79552e-06
42.2188 0.00692978 -0.00174122 1.10989e-05 -1.99824e-06
42.25 0.00687536 -0.00174153 1.10468e-05 -1.38347e-06
42.2812 0.00682094 -0.00174156 1.10109e-05 -9.03959e-07
42.3125 0.00676651 -0.00174177 1.09916e-05 -3.14017e-07
42.3438 0.00671209 -0.00174147 1.09907e-05 2.06566e-07
42.375 0.00665768 -0.00174092 1.09996e-05 2.68029e-07
42.4062 0.00660328 -0.0017402 1.10026e-05 -1.10605e-07
42.4375 0.00654893 -0.0017383 1.0993e-05 -4.81475e-07
42.4688 0.00649464 -0.00173593 1.09722e-05 -8.94791e-07
42.5 0.00644043 -0.00173329 1.09332e-05 -1.6481e-06
42.5312 0.00638633 -0.00172904 1.08694e-05 -2.39315e-06
42.5625 0.00633238 -0.00172384 1.07866e-05 -2.8711e-06
42.5938 0.00627859 -0.00171852 1.06902e-05 -3.31062e-06
42.625 0.00622498 -0.00171257 1.05787e-05 -3.84436e-06
42.6562 0.00617155 -0.00170652 1.04493e-05 -4.42821e-06
42.6875 0.00611832 -0.00170016 1.03035e-05 -4.87255e-06
42.7188 0.0060653 -0.00169343 1.01448e-05 -5.33084e-06
42.75 0.00601247 -0.0016877 9.96543e-06 -6.21889e-06
42.7812 0.00595982 -0.00168204 9.75605e-06 -7.11732e-06
42.8125 0.00590735 -0.00167606 9.52535e-06 -7.60468e-06
42.8438 0.00585504 -0.00167182 9.28006e-06 -8.13012e-06
42.875 0.00580285 -0.00166826 9.01717e-06 -8.64021e-06
42.9062 0.00575079 -0.00166334 8.74559e-06 -8.65036e-06
42.9375 0.0056989 -0.00165745 8.48053e-06 -8.274e-06
42.9688 0.00564722 -0.00164993 8.23029e-06 -7.72136e-06
43 0.0055958 -0.00164068 7.99809e-06 -7.15402e-06
43.0312 0.00554468 -0.00163076 7.78272e-06 -6.60952e-06
43.0625 0.00549389 -0.00161961 7.58778e-06 -5.82731e-06
43.0938 0.00544346 -0.00160839 7.41752e-06 -5.14655e-06
43.125 0.00539335 -0.00159855 7.26063e-06 -4.94099e-06
43.1562 0.00534355 -0.00158837 7.11062e-06 -4.57509e-06
43.1875 0.00529408 -0.00157831 6.97875e-06 -3.85571e-06
43.2188 0.00524489 -0.0015697 6.86712e-06 -3.33822e-06
43.25 0.00519598 -0.00156026 6.76963e-06 -2.86146e-06
43.2812 0.00514738 -0.00155022 6.69161e-06 -2.0955e-06
43.3125 0.00509907 -0.00154207 6.63855e-06 -1.33654e-06
43.3438 0.005051 -0.00153422 6.60471e-06 -8.88883e-07
43.375 0.00500319 -0.00152565 6.57984e-06 -7.36097e-07
43.4062 0.00495563 -0.0015186 6.55796e-06 -6.65288e-07
43.4375 0.00490826 -0.00151309 6.53699e-06 -7.3156e-07
43.4688 0.00486106 -0.00150779 6.50725e-06 -1.24961e-06
43.5 0.00481402 -0.00150335 6.45673e-06 -1.96454e-06
43.5312 0.00476709 -0.00150026 6.38753e-06 -2.41567e-06
43.5625 0.00472024 -0.00149788 6.30675e-06 -2.7723e-06
43.5938 0.00467347 -0.00149586 6.21236e-06 -3.29196e-06
43.625 0.00462675 -0.00149435 6.10111e-06 -3.79956e-06
43.6562 0.00458007 -0.00149311 5.97741e-06 -4.08421e-06
43.6875 0.00453343 -0.00149186 5.84572e-06 -4.38941e-06
43.7188 0.00448682 -0.00149089 5.69888e-06 -5.06548e-06
43.75 0.00444025 -0.0014897 5.5287e-06 -5.78003e-06
43.7812 0.00439373 -0.00148722 5.34116e-06 -6.1941e-06
43.8125 0.0043473 -0.00148414 5.14021e-06 -6.71861e-06
43.8438 0.00430097 -0.0014809 4.91971e-06 -7.36185e-06
43.875 0.00425476 -0.00147627 4.68521e-06 -7.54496e-06
43.9062 0.00420872 -0.00147075 4.45283e-06 -7.28818e-06
43.9375 0.00416284 -0.00146564 4.23081e-06 -6.91005e-06
43.9688 0.00411712 -0.00145995 4.02202e-06 -6.42883e-06
44 0.0040716 -0.001453 3.83107e-06 -5.74825e-06
44.0312 0.00402631 -0.00144543 3.66541e-06 -4.83127e-06
44.0625 0.00398127 -0.00143774 3.52762e-06 -4.05607e-06
44.0938 0.00393645 -0.00143087 3.40741e-06 -3.67436e-06
44.125 0.00389183 -0.00142498 3.29925e-06 -3.19036e-06
44.1562 0.00384738 -0.0014194 3.21031e-06 -2.5149e-06
44.1875 0.0038031 -0.00141484 3.13882e-06 -2.11601e-06
44.2188 0.00375895 -0.00141093 3.07726e-06 -1.78585e-06
44.25 0.00371493 -0.00140571 3.0311e-06 -1.11028e-06
44.2812 0.0036711 -0.00139935 3.00953e-06 -2.78689e-07
44.3125 0.00362748 -0.00139218 3.01161e-06 3.65812e-07
44.3438 0.00358411 -0.00138343 3.02997e-06 7.88415e-07
44.375 0.00354102 -0.00137395 3.06074e-06 1.18379e-06
44.4062 0.00349823 -0.00136486 3.10251e-06 1.42652e-06
44.4375 0.00345572 -0.00135596 3.14425e-06 1.15436e-06
44.4688 0.00341348 -0.0013473 3.17144e-06 5.8248e-07
44.5 0.00337151 -0.00133912 3.18207e-06 1.19387e-07
44.5312 0.00332978 -0.00133199 3.17852e-06 -3.80139e-07
44.5625 0.00328825 -0.00132589 3.15584e-06 -1.09731e-06
44.5938 0.00324691 -0.00131956 3.11046e-06 -1.7626e-06
44.625 0.00320577 -0.00131336 3.0495e-06 -2.08454e-06
44.6562 0.00316481 -0.00130851 2.98094e-06 -2.34354e-06
44.6875 0.00312399 -0.00130368 2.89881e-06 -2.97153e-06
44.7188 0.00308334 -0.00129809 2.7948e-06 -3.63967e-06
44.75 0.00304285 -0.00129346 2.67447e-06 -4.04689e-06
44.7812 0.00300249 -0.00128982 2.53934e-06 -4.6716e-06
44.8125 0.00296225 -0.00128552 2.38006e-06 -5.50353e-06
44.8438 0.00292214 -0.00128119 2.19933e-06 -5.98715e-06
44.875 0.00288216 -0.00127759 2.00926e-06 -6.14679e-06
44.9062 0.0028423 -0.00127328 1.81657e-06 -6.16034e-06
44.9375 0.00280259 -0.00126868 1.6261e-06 -5.99623e-06
44.9688 0.002763 -0.00126499 1.4447e-06 -5.54803e-06
45 0.00272353 -0.00126055 1.28377e-06 -4.70345e-06
45.0312 0.00268422 -0.00125558 1.15011e-06 -3.91516e-06
45.0625 0.00264505 -0.00125153 1.03499e-06 -3.47391e-06
45.0938 0.00260602 -0.00124597 9.35432e-07 -2.82948e-06
45.125 0.00256719 -0.00123892 8.59925e-07 -2.03985e-06
45.1562 0.00252857 -0.00123338 8.03231e-07 -1.65678e-06
45.1875 0.0024901 -0.00122818 7.55644e-07 -1.34387e-06
45.2188 0.00245181 -0.00122245 7.23191e-07 -6.81567e-07
45.25 0.00241369 -0.00121759 7.14254e-07 1.00115e-07
45.2812 0.00237571 -0.00121281 7.28009e-07 7.5449e-07
45.3125 0.00233789 -0.00120801 7.60566e-07 1.33543e-06
45.3438 0.00230021 -0.00120368 8.12896e-07 2.03678e-06
45.375 0.00226266 -0.00119922 8.87184e-07 2.65811e-06
45.4062 0.00222524 -0.00119613 9.73151e-07 2.74577e-06
45.4375 0.00218788 -0.00119508 1.05509e-06 2.48568e-06
45.4688 0.00215054 -0.00119515 1.12896e-06 2.24088e-06
45.5 0.00211316 -0.00119713 1.19312e-06 1.8077e-06
45.5312 0.0020757 -0.00120029 1.2386e-06 1.07337e-06
45.5625 0.00203815 -0.001203 1.26058e-06 3.70915e-07
45.5938 0.00200052 -0.00120549 1.26503e-06 -3.75411e-08
45.625 0.00196282 -0.00120723 1.25938e-06 -3.44052e-07
45.6562 0.00192508 -0.00120779 1.24089e-06 -8.76406e-07
45.6875 0.00188734 -0.00120718 1.20485e-06 -1.38245e-06
45.7188 0.00184965 -0.00120496 1.15773e-06 -1.61618e-06
45.75 0.00181203 -0.00120265 1.10113e-06 -2.09127e-06
45.7812 0.00177448 -0.00120041 1.02289e-06 -2.93044e-06
45.8125 0.00173702 -0.00119664 9.20399e-07 -3.56514e-06
45.8438 0.00169969 -0.00119319 8.02885e-07 -3.94013e-06
45.875 0.00166244 -0.00119078 6.74176e-07 -4.2942e-06
45.9062 0.00162528 -0.00118719 5.35847e-07 -4.51598e-06
45.9375 0.00158824 -0.0011829 3.95891e-07 -4.36088e-06
45.9688 0.00155135 -0.00117857 2.68224e-07 -3.7535e-06
46 0.00151459 -0.0011735 1.61878e-07 -3.08671e-06
46.0312 0.00147801 -0.00116781 7.30106e-08 -2.60593e-06
46.0625 0.00144161 -0.00116119 1.60261e-09 -1.90057e-06
46.0938 0.00140544 -0.00115389 -4.41132e-08 -1.0604e-06
46.125 0.0013695 -0.00114621 -6.95172e-08 -6.4373e-07
46.1562 0.00133382 -0.00113681 -8.60069e-08 -3.80543e-07
46.1875 0.00129846 -0.00112621 -8.99223e-08 1.74171e-07
46.2188 0.00126343 -0.00111545 -7.45773e-08 7.85461e-07
46.25 0.00122876 -0.00110383 -4.26819e-08 1.23582e-06
46.2812 0.00119444 -0.00109227 2.93584e-09 1.71416e-06
46.3125 0.00116049 -0.00108077 6.72177e-08 2.43948e-06
46.3438 0.00112692 -0.00106741 1.55584e-07 3.16996e-06
46.375 0.00109378 -0.00105348 2.6034e-07 3.44977e-06
46.4062 0.00106107 -0.00104018 3.68164e-07 3.44522e-06
46.4375 0.00102878 -0.00102559 4.76173e-07 3.4586e-06
46.4688 0.000996973 -0.0010104 5.81223e-07 3.18227e-06
46.5 0.000965614 -0.000996903 6.70113e-07 2.45475e-06
46.5312 0.000934661 -0.000983972 7.34079e-07 1.66811e-06
46.5625 0.000904123 -0.000970488 7.77172e-07 1.13055e-06
46.5938 0.000873998 -0.000957656 8.05421e-07 6.52772e-07
46.625 0.000844269 -0.000944832 8.15497e-07 -3.32566e-08
46.6562 0.00081496 -0.000930765 8.04772e-07 -5.84916e-07
46.6875 0.000786093 -0.000916942 7.83058e-07 -7.82205e-07
46.7188 0.000757642 -0.000903976 7.532e-07 -1.21371e-06
46.75 0.000729595 -0.000891035 7.03202e-07 -1.99845e-06
46.7812 0.000701942 -0.000879014 6.30376e-07 -2.6148e-06
46.8125 0.000674645 -0.000868083 5.41072e-07 -3.11239e-06
46.8438 0.000647685 -0.000857401 4.34461e-07 -3.72363e-06
46.875 0.000621051 -0.000847208 3.09071e-07 -4.26454e-06
46.9062 0.000594741 -0.00083638 1.71648e-07 -4.45154e-06
46.9375 0.000568795 -0.000823965 3.59926e-08 -4.16463e-06
46.9688 0.000543246 -0.000811125 -8.70612e-08 -3.7234e-06
47 0.000518114 -0.000796919 -1.97512e-07 -3.32611e-06
47.0312 0.000493468 -0.000780083 -2.90946e-07 -2.57065e-06
47.0625 0.000469364 -0.000762632 -3.55584e-07 -1.59208e-06
47.0938 0.0004458 -0.000745471 -3.9512e-07 -1.01982e-06
47.125 0.000422781 -0.000727574 -4.21447e-07 -6.43928e-07
47.1562 0.000400327 -0.00070964 -4.32671e-07 -4.21032e-08
47.1875 0.000378417 -0.00069277 -4.24321e-07 5.41663e-07
47.2188 0.000357022 -0.000676577 -4.01275e-07 9.08112e-07
47.25 0.00033613 -0.000660471 -3.67242e-07 1.30672e-06
47.2812 0.000315738 -0.000644805 -3.16239e-07 2.00835e-06
47.3125 0.000295817 -0.000630343 -2.40776e-07 2.7895e-06
47.3438 0.00027633 -0.000616932 -1.45725e-07 3.23265e-06
47.375 0.000257257 -0.000603726 -4.02536e-08 3.53144e-06
47.4062 0.000238598 -0.000590397 7.60299e-08 3.89835e-06
47.4375 0.000220359 -0.000576865 1.99586e-07 3.91306e-06
47.4688 0.000202548 -0.000562993 3.14893e-07 3.40375e-06
47.5 0.000185172 -0.00054917 4.10865e-07 2.7474e-06
47.5312 0.000168222 -0.000535593 4.87859e-07 2.19537e-06
47.5625 0.0001517 -0.000521739 5.47556e-07 1.59047e-06
47.5938 0.000135612 -0.000508084 5.84666e-07 7.62441e-07
47.625 0.000119935 -0.000495245 5.96939e-07 9.74198e-08
47.6562 0.000104667 -0.000481633 5.95473e-07 -1.54869e-07
47.6875 8.98499e-05 -0.000466549 5.85532e-07 -5.53116e-07
47.7188 7.55059e-05 -0.000451555 5.57398e-07 -1.25622e-06
47.75 6.16287e-05 -0.000436446 5.09265e-07 -1.77446e-06
47.7812 4.82371e-05 -0.000420573 4.47577e-07 -2.19896e-06
47.8125 3.53361e-05 -0.000405289 3.689e-07 -2.87952e-06
47.8438 2.28985e-05 -0.000390716 2.66782e-07 -3.63447e-06
47.875 1.09225e-05 -0.000375611 1.44896e-07 -4.09577e-06
47.9062 -5.70588e-07 -0.000359891 1.52148e-08 -4.14942e-06
47.9375 -1.15687e-05 -0.000343942 -1.13012e-07 -4.05992e-06
47.9688 -2.20593e-05 -0.000327222 -2.38165e-07 -3.90903e-06
48 -3.20011e-05 -0.000308769 -3.52157e-07 -3.28726e-06
48.0312 -4.13492e-05 -0.000289562 -4.39962e-07 -2.33897e-06
48.0625 -5.01059e-05 -0.0002709 -5.01826e-07 -1.6863e-06
48.0938 -5.82709e-05 -0.000251407 -5.46883e-07 -1.17223e-06
48.125 -6.58118e-05 -0.000231325 -5.72417e-07 -4.3437e-07
48.1562 -7.27443e-05 -0.000212562 -5.74954e-07 2.19963e-07
48.1875 -7.90971e-05 -0.000193872 -5.62315e-07 5.47908e-07
48.2188 -8.48557e-05 -0.000174712 -5.40867e-07 8.61259e-07
48.25 -9.00193e-05 -0.000155674 -5.05012e-07 1.48508e-06
48.2812 -9.45691e-05 -0.000135209 -4.47024e-07 2.20069e-06
48.3125 -9.84617e-05 -0.000113962 -3.7032e-07 2.6709e-06
48.3438 -0.000101692 -9.25363e-05 -2.8007e-07 3.14007e-06
48.375 -0.000104223 -6.91936e-05 -1.72027e-07 3.77498e-06
48.4062 -0.000106021 -4.63119e-05 -4.7239e-08 4.12396e-06
48.4375 -0.000107141 -2.54347e-05 8.01813e-08 3.96325e-06
48.4688 -0.000107599 -3.66396e-06 1.98285e-07 3.58768e-06
48.5 -0.000107374 1.76616e-05 3.04417e-07 3.19739e-06
48.5312 -0.000106524 3.64532e-05 3.96157e-07 2.61776e-06
48.5625 -0.000105103 5.44062e-05 4.64401e-07 1.71719e-06
48.5938 -0.000103141 7.07302e-05 5.04855e-07 9.44088e-07
48.625 -0.000100709 8.46208e-05 5.28119e-07 5.83076e-07
48.6562 -9.78588e-05 9.77061e-05 5.39893e-07 1.08551e-07
48.6875 -9.46148e-05 0.000109635 5.32374e-07 -5.78708e-07
48.7188 -9.10184e-05 0.000120508 5.0706e-07 -9.82102e-07
48.75 -8.70765e-05 0.000131916 4.71953e-07 -1.30071e-06
48.7812 -8.27691e-05 0.000143759 4.22149e-07 -1.93764e-06
48.8125 -7.80928e-05 0.000155486 3.49576e-07 -2.69766e-06
48.8438 -7.30555e-05 0.000166811 2.5535e-07 -3.29058e-06
48.875 -6.76712e-05 0.000177785 1.46703e-07 -3.62753e-06
48.9062 -6.19408e-05 0.000188999 2.93464e-08 -3.8918e-06
48.9375 -5.58611e-05 0.000200018 -9.62257e-08 -4.09854e-06
48.9688 -4.9441e-05 0.00021097 -2.20829e-07 -3.75821e-06
49 -4.26637e-05 0.000222952 -3.26258e-07 -2.97811e-06
49.0312 -3.55034e-05 0.000235228 -4.09314e-07 -2.38285e-06
49.0625 -2.79684e-05 0.000246959 -4.75327e-07 -1.7974e-06
49.0938 -2.00674e-05 0.000258742 -5.18321e-07 -9.26066e-07
49.125 -1.18003e-05 0.000270182 -5.34443e-07 -1.64557e-07
49.1562 -3.19687e-06 0.000280166 -5.32678e-07 2.27975e-07
49.1875 5.69906e-06 0.000289123 -5.21138e-07 5.31123e-07
49.2188 1.48757e-05 0.000298227 -4.96963e-07 1.05609e-06
49.25 2.4334e-05 0.000306907 -4.545e-07 1.63455e-06
49.2812 3.4044e-05 0.000314428 -3.97475e-07 1.98564e-06
49.3125 4.39927e-05 0.000322565 -3.29459e-07 2.42299e-06
49.3438 5.42178e-05 0.00033187 -2.42621e-07 3.15482e-06
49.375 6.47254e-05 0.000340415 -1.34416e-07 3.69577e-06
49.4062 7.54889e-05 0.000348519 -1.62764e-08 3.81355e-06
49.4375 8.65125e-05 0.000356946 1.02523e-07 3.78484e-06
49.4688 9.77848e-05 0.000364181 2.19644e-07 3.68292e-06
49.5 0.000109258 0.000369971 3.29332e-07 3.2609e-06
49.5312 0.000120903 0.000375222 4.18739e-07 2.41095e-06
49.5625 0.000132708 0.00038036 4.80192e-07 1.57581e-06
49.5938 0.000144683 0.000386147 5.21186e-07 1.08234e-06
49.625 0.000156846 0.000392249 5.46571e-07 4.8553e-07
49.6562 0.000169194 0.000398019 5.49429e-07 -2.81554e-07
49.6875 0.00018173 0.000404504 5.33219e-07 -6.79207e-07
49.7188 0.000194487 0.000412021 5.0884e-07 -9.08781e-07
49.75 0.000207481 0.000419593 4.72972e-07 -1.43735e-06
49.7812 0.000220711 0.00042721 4.17767e-07 -2.08713e-06
49.8125 0.000234189 0.000435455 3.43833e-07 -2.62055e-06
49.8438 0.000247931 0.000444015 2.5516e-07 -3.04704e-06
49.875 0.000261932 0.000451861 1.52743e-07 -3.53029e-06
49.9062 0.000276164 0.000458905 3.42353e-08 -4.01599e-06
49.9375 0.000290609 0.000465483 -9.27394e-08 -3.9967e-06
49.9688 0.000305246 0.000471159 -2.10449e-07 -3.51229e-06
