0 0 0 0 0
0.03125 1.52586e-12 9.7655e-11 2.69267e-54 3.00992e-51
0.0625 6.10344e-12 1.9531e-10 1.79481e-44 9.19226e-42
0.09375 1.37327e-11 2.92965e-10 6.71135e-39 2.24773e-36
0.125 2.44137e-11 3.9062e-10 5.20921e-35 1.28525e-32
0.15625 3.81465e-11 4.88275e-10 4.66277e-32 8.95547e-30
0.1875 5.49309e-11 5.8593e-10 1.01814e-29 1.5774e-27
0.21875 7.47671e-11 6.83585e-10 8.31727e-28 1.06481e-25
0.25 9.7655e-11 7.8124e-10 3.1925e-26 3.38521e-24
0.28125 1.23595e-10 8.78894e-10 6.54283e-25 5.75601e-23
0.3125 1.52586e-10 9.76526e-10 8.12576e-24 5.98995e-22
0.34375 1.84627e-10 1.07412e-09 6.63494e-23 4.02724e-21
0.375 2.19721e-10 1.17196e-09 3.62795e-22 1.75209e-20
0.40625 2.57885e-10 1.27076e-09 1.39497e-21 5.35622e-20
0.4375 2.99148e-10 1.36985e-09 4.08751e-21 1.24937e-19
0.46875 3.43453e-10 1.46439e-09 9.48167e-21 2.22642e-19
0.5 3.90586e-10 1.55116e-09 1.81894e-20 3.41198e-19
0.53125 4.40421e-10 1.64011e-09 3.14785e-20 5.21032e-19
0.5625 4.93262e-10 1.74444e-09 5.12121e-20 7.44678e-19
0.59375 5.49542e-10 1.85758e-09 7.82502e-20 9.9416e-19
0.625 6.09342e-10 1.97005e-09 1.14131e-19 1.31488e-18
0.65625 6.72801e-10 2.0944e-09 1.60945e-19 1.68537e-18
0.6875 7.40354e-10 2.22797e-09 2.19672e-19 2.07734e-18
0.71875 8.11792e-10 2.33837e-09 2.91156e-19 2.50582e-18
0.75 8.86242e-10 2.42494e-09 3.76848e-19 2.98494e-18
0.78125 9.63355e-10 2.50996e-09 4.77626e-19 3.45625e-18
0.8125 1.04295e-09 2.57944e-09 5.92546e-19 3.90504e-18
0.84375 1.12433e-09 2.62751e-09 7.22661e-19 4.43513e-18
0.875 1.20723e-09 2.67944e-09 8.69547e-19 4.95136e-18
0.90625 1.29178e-09 2.72957e-09 1.03193e-18 5.45871e-18
0.9375 1.3777e-09 2.76924e-09 1.21228e-18 6.09632e-18
0.96875 1.46499e-09 2.82006e-09 1.41217e-18 6.67297e-18
1 1.55402e-09 2.87747e-09 1.62902e-18 7.22524e-18
1.03125 1.64478e-09 2.93217e-09 1.86519e-18 7.89493e-18
1.0625 1.73746e-09 3.00213e-09 2.12137e-18 8.47738e-18
1.09375 1.83251e-09 3.08122e-09 2.39483e-18 9.04056e-18
1.125 1.93003e-09 3.16143e-09 2.68725e-18 9.67225e-18
1.15625 2.03029e-09 3.25794e-09 2.99847e-18 1.02333e-17
1.1875 2.13373e-09 3.36245e-09 3.32695e-18 1.08015e-17
1.21875 2.24046e-09 3.46961e-09 3.67403e-18 1.14097e-17
1.25 2.35076e-09 3.59214e-09 4.03976e-18 1.19957e-17
1.28125 2.46501e-09 3.71985e-09 4.42403e-18 1.26061e-17
1.3125 2.58328e-09 3.85088e-09 4.82822e-18 1.32709e-17
1.34375 2.70585e-09 3.99519e-09 5.25399e-18 1.39877e-17
1.375 2.83299e-09 4.14132e-09 5.7033e-18 1.47853e-17
1.40625 2.96471e-09 4.291e-09 6.17895e-18 1.56575e-17
1.4375 3.10129e-09 4.45122e-09 6.68068e-18 1.6421e-17
1.46875 3.24291e-09 4.61167e-09 7.20407e-18 1.70888e-17
1.5 3.38958e-09 4.77753e-09 7.75212e-18 1.80748e-17
1.53125 3.54157e-09 4.9492e-09 8.34027e-18 1.96743e-17
1.5625 3.69882e-09 5.11402e-09 8.98692e-18 2.17408e-17
1.59375 3.86123e-09 5.28151e-09 9.69569e-18 2.34881e-17
1.625 4.02902e-09 5.45782e-09 1.04457e-17 2.44145e-17
1.65625 4.20238e-09 5.63867e-09 1.12216e-17 2.53261e-17
1.6875 4.3815e-09 5.82516e-09 1.20339e-17 2.6689e-17
1.71875 4.5664e-09 6.00692e-09 1.28874e-17 2.78631e-17
1.75 4.75688e-09 6.184e-09 1.37729e-17 2.88354e-17
1.78125 4.95294e-09 6.36382e-09 1.46944e-17 3.02433e-17
1.8125 5.15446e-09 6.52987e-09 1.56683e-17 3.21157e-17
1.84375 5.36093e-09 6.68442e-09 1.67001e-17 3.38667e-17
1.875 5.5724e-09 6.85259e-09 1.77842e-17 3.55869e-17
1.90625 5.78936e-09 7.03381e-09 1.89328e-17 3.80642e-17
1.9375 6.01203e-09 7.21774e-09 2.01659e-17 4.07981e-17
1.96875 6.2405e-09 7.40472e-09 2.14789e-17 4.32425e-17
2 6.47489e-09 7.59774e-09 2.28751e-17 4.62382e-17
2.03125 6.71536e-09 7.79081e-09 2.43691e-17 4.92546e-17
2.0625 6.96163e-09 7.96729e-09 2.59446e-17 5.15142e-17
2.09375 7.21319e-09 8.13241e-09 2.75917e-17 5.39716e-17
2.125 7.46992e-09 8.29659e-09 2.93142e-17 5.60487e-17
2.15625 7.73153e-09 8.44289e-09 3.10783e-17 5.66701e-17
2.1875 7.99746e-09 8.57653e-09 3.2855e-17 5.71278e-17
2.21875 8.26766e-09 8.71754e-09 3.46504e-17 5.76577e-17
2.25 8.54224e-09 8.853e-09 3.6444e-17 5.69063e-17
2.28125 8.82092e-09 8.98395e-09 3.82041e-17 5.58896e-17
2.3125 9.10389e-09 9.12888e-09 3.99485e-17 5.58243e-17
2.34375 9.39151e-09 9.27815e-09 4.16857e-17 5.51377e-17
2.375 9.68377e-09 9.42744e-09 4.33891e-17 5.40246e-17
2.40625 9.98086e-09 9.58837e-09 4.50797e-17 5.43936e-17
2.4375 1.02831e-08 9.75477e-09 4.6787e-17 5.46436e-17
2.46875 1.05905e-08 9.91831e-09 4.84848e-17 5.40818e-17
2.5 1.0903e-08 1.00844e-08 5.01836e-17 5.49076e-17
2.53125 1.12208e-08 1.02525e-08 5.19179e-17 5.58881e-17
2.5625 1.15437e-08 1.04134e-08 5.36672e-17 5.61473e-17
2.59375 1.18716e-08 1.05679e-08 5.54462e-17 5.80298e-17
2.625 1.22042e-08 1.07179e-08 5.72961e-17 6.00818e-17
2.65625 1.25413e-08 1.08525e-08 5.918e-17 6.03015e-17
2.6875 1.28823e-08 1.09766e-08 6.10688e-17 6.07679e-17
2.71875 1.32273e-08 1.11034e-08 6.29827e-17 6.16474e-17
2.75 1.35762e-08 1.12196e-08 6.4917e-17 6.22111e-17
2.78125 1.39284e-08 1.13215e-08 6.6885e-17 6.40022e-17
2.8125 1.42837e-08 1.14179e-08 6.89232e-17 6.63574e-17
2.84375 1.46419e-08 1.15008e-08 7.10263e-17 6.829e-17
2.875 1.50025e-08 1.15759e-08 7.32066e-17 7.15677e-17
2.90625 1.53654e-08 1.16506e-08 7.55091e-17 7.56957e-17
2.9375 1.57305e-08 1.17167e-08 7.79218e-17 7.84948e-17
2.96875 1.60978e-08 1.17924e-08 8.04179e-17 8.16063e-17
3 1.64677e-08 1.18854e-08 8.30525e-17 8.74372e-17
3.03125 1.68405e-08 1.19678e-08 8.58941e-17 9.43451e-17
3.0625 1.72156e-08 1.2042e-08 8.8935e-17 9.99945e-17
3.09375 1.75932e-08 1.21216e-08 9.21261e-17 1.03955e-16
3.125 1.79732e-08 1.2195e-08 9.54177e-17 1.06616e-16
3.15625 1.83553e-08 1.22638e-08 9.87963e-17 1.09816e-16
3.1875 1.87397e-08 1.23373e-08 1.02282e-16 1.12934e-16
3.21875 1.91265e-08 1.24201e-08 1.05824e-16 1.13432e-16
3.25 1.95161e-08 1.25178e-08 1.09384e-16 1.15055e-16
3.28125 1.99089e-08 1.26217e-08 1.13051e-16 1.19723e-16
3.3125 2.0305e-08 1.27318e-08 1.16842e-16 1.22384e-16
3.34375 2.07048e-08 1.28572e-08 1.20691e-16 1.24254e-16
3.375 2.11086e-08 1.29802e-08 1.2463e-16 1.2787e-16
3.40625 2.1516e-08 1.30926e-08 1.28661e-16 1.29678e-16
3.4375 2.19269e-08 1.32091e-08 1.3272e-16 1.3013e-16
3.46875 2.23415e-08 1.33192e-08 1.36791e-16 1.30078e-16
3.5 2.27592e-08 1.34122e-08 1.40827e-16 1.2808e-16
3.53125 2.31797e-08 1.35053e-08 1.44802e-16 1.26489e-16
3.5625 2.36033e-08 1.35989e-08 1.48728e-16 1.24433e-16
3.59375 2.40296e-08 1.36828e-08 1.52562e-16 1.21093e-16
3.625 2.44585e-08 1.37701e-08 1.56331e-16 1.20655e-16
3.65625 2.48903e-08 1.38667e-08 1.60107e-16 1.20539e-16
3.6875 2.53251e-08 1.39598e-08 1.63833e-16 1.1785e-16
3.71875 2.57628e-08 1.4052e-08 1.67496e-16 1.17095e-16
3.75 2.62034e-08 1.41501e-08 1.71169e-16 1.17967e-16
3.78125 2.66472e-08 1.42484e-08 1.74866e-16 1.18847e-16
3.8125 2.70939e-08 1.43447e-08 1.78625e-16 1.22149e-16
3.84375 2.75437e-08 1.44385e-08 1.82507e-16 1.26139e-16
3.875 2.79962e-08 1.45205e-08 1.86494e-16 1.28857e-16
3.90625 2.8451e-08 1.4586e-08 1.90563e-16 1.31743e-16
3.9375 2.89077e-08 1.46411e-08 1.94741e-16 1.35926e-16
3.96875 2.9366e-08 1.46888e-08 1.99071e-16 1.41117e-16
4 2.98256e-08 1.47215e-08 2.03536e-16 1.4403e-16
4.03125 3.0286e-08 1.47433e-08 2.08055e-16 1.4543e-16
4.0625 3.07471e-08 1.4768e-08 2.12656e-16 1.49442e-16
4.09375 3.12089e-08 1.47845e-08 2.17394e-16 1.53519e-16
4.125 3.16709e-08 1.47796e-08 2.22248e-16 1.57348e-16
4.15625 3.21326e-08 1.47669e-08 2.27233e-16 1.61221e-16
4.1875 3.25938e-08 1.4751e-08 2.32258e-16 1.59407e-16
4.21875 3.30545e-08 1.47329e-08 2.37198e-16 1.57921e-16
4.25 3.35147e-08 1.4724e-08 2.42214e-16 1.63752e-16
4.28125 3.39748e-08 1.4718e-08 2.47403e-16 1.67244e-16
4.3125 3.44347e-08 1.47189e-08 2.52637e-16 1.68346e-16
4.34375 3.48949e-08 1.47369e-08 2.58003e-16 1.76135e-16
4.375 3.53556e-08 1.47475e-08 2.6365e-16 1.84469e-16
4.40625 3.58165e-08 1.47479e-08 2.69479e-16 1.88139e-16
4.4375 3.62775e-08 1.47584e-08 2.75408e-16 1.91412e-16
4.46875 3.67388e-08 1.47594e-08 2.81431e-16 1.93731e-16
4.5 3.71998e-08 1.47456e-08 2.87515e-16 1.9606e-16
4.53125 3.76605e-08 1.47409e-08 2.93709e-16 2.00365e-16
4.5625 3.81211e-08 1.47381e-08 3.00015e-16 2.02878e-16
4.59375 3.85816e-08 1.47303e-08 3.0642e-16 2.08483e-16
4.625 3.90418e-08 1.47281e-08 3.13133e-16 2.21761e-16
4.65625 3.95021e-08 1.47284e-08 3.20256e-16 2.33268e-16
4.6875 3.99623e-08 1.47271e-08 3.27709e-16 2.44806e-16
4.71875 4.04225e-08 1.47207e-08 3.35642e-16 2.63606e-16
4.75 4.08823e-08 1.47055e-08 3.44138e-16 2.785e-16
4.78125 4.13415e-08 1.46839e-08 3.5298e-16 2.87496e-16
4.8125 4.17999e-08 1.4649e-08 3.6217e-16 3.01737e-16
4.84375 4.22569e-08 1.46015e-08 3.71855e-16 3.17619e-16
4.875 4.27125e-08 1.4556e-08 3.81997e-16 3.31511e-16
4.90625 4.31667e-08 1.45094e-08 3.92591e-16 3.46542e-16
4.9375 4.36193e-08 1.44548e-08 4.03622e-16 3.58694e-16
4.96875 4.40701e-08 1.44031e-08 4.1499e-16 3.69246e-16
5 4.45196e-08 1.43608e-08 4.26744e-16 3.83562e-16
5.03125 4.49678e-08 1.43255e-08 4.38968e-16 3.98557e-16
5.0625 4.5415e-08 1.43006e-08 4.51647e-16 4.12943e-16
5.09375 4.58617e-08 1.42919e-08 4.6477e-16 4.26434e-16
5.125 4.63083e-08 1.42926e-08 4.78255e-16 4.36048e-16
5.15625 4.67551e-08 1.42981e-08 4.92032e-16 4.46387e-16
5.1875 4.72021e-08 1.43129e-08 5.06188e-16 4.59456e-16
5.21875 4.76495e-08 1.43221e-08 5.20681e-16 4.66526e-16
5.25 4.80971e-08 1.432e-08 5.3527e-16 4.66686e-16
5.28125 4.85447e-08 1.43332e-08 5.49855e-16 4.67008e-16
5.3125 4.8993e-08 1.43572e-08 5.64454e-16 4.66957e-16
5.34375 4.94419e-08 1.43725e-08 5.79022e-16 4.65369e-16
5.375 4.98914e-08 1.43962e-08 5.93547e-16 4.64096e-16
5.40625 5.03418e-08 1.44288e-08 6.07985e-16 4.58956e-16
5.4375 5.07931e-08 1.44535e-08 6.22197e-16 4.50818e-16
5.46875 5.12452e-08 1.44786e-08 6.36206e-16 4.46252e-16
5.5 5.1698e-08 1.45053e-08 6.50047e-16 4.37956e-16
5.53125 5.21518e-08 1.45347e-08 6.63501e-16 4.23144e-16
5.5625 5.26066e-08 1.45789e-08 6.76589e-16 4.16721e-16
5.59375 5.3063e-08 1.46302e-08 6.89629e-16 4.17743e-16
5.625 5.35211e-08 1.46887e-08 7.02646e-16 4.14732e-16
5.65625 5.39813e-08 1.47647e-08 7.1558e-16 4.14444e-16
5.6875 5.44439e-08 1.48432e-08 7.28635e-16 4.21802e-16
5.71875 5.49089e-08 1.49146e-08 7.4193e-16 4.28323e-16
5.75 5.53761e-08 1.49845e-08 7.55359e-16 4.30684e-16
5.78125 5.58453e-08 1.50486e-08 7.68846e-16 4.32748e-16
5.8125 5.63165e-08 1.51001e-08 7.82423e-16 4.36189e-16
5.84375 5.67889e-08 1.51369e-08 7.96084e-16 4.37534e-16
5.875 5.72625e-08 1.51674e-08 8.09749e-16 4.37381e-16
5.90625 5.77369e-08 1.51964e-08 8.23486e-16 4.43149e-16
5.9375 5.82121e-08 1.52146e-08 8.3751e-16 4.54839e-16
5.96875 5.86878e-08 1.5233e-08 8.51918e-16 4.67189e-16
6 5.91643e-08 1.52594e-08 8.66694e-16 4.78058e-16
6.03125 5.96413e-08 1.52702e-08 8.81769e-16 4.86552e-16
6.0625 6.01185e-08 1.52707e-08 8.97131e-16 4.97522e-16
6.09375 6.05959e-08 1.52789e-08 9.12895e-16 5.10938e-16
6.125 6.10734e-08 1.52774e-08 9.28988e-16 5.17688e-16
6.15625 6.15506e-08 1.52654e-08 9.45221e-16 5.2149e-16
6.1875 6.20275e-08 1.52575e-08 9.61581e-16 5.24587e-16
6.21875 6.25041e-08 1.52438e-08 9.77906e-16 5.19004e-16
6.25 6.29802e-08 1.52266e-08 9.94048e-16 5.15965e-16
6.28125 6.34558e-08 1.52126e-08 1.01024e-15 5.19947e-16
6.3125 6.3931e-08 1.51959e-08 1.02642e-15 5.13023e-16
6.34375 6.44057e-08 1.51893e-08 1.04226e-15 5.02474e-16
6.375 6.48805e-08 1.52028e-08 1.05794e-15 5.02025e-16
6.40625 6.5356e-08 1.52279e-08 1.07364e-15 5.02452e-16
6.4375 6.58323e-08 1.52618e-08 1.08936e-15 5.0484e-16
6.46875 6.63098e-08 1.52973e-08 1.10522e-15 5.09609e-16
6.5 6.67884e-08 1.53308e-08 1.12115e-15 5.09003e-16
6.53125 6.72681e-08 1.53684e-08 1.13709e-15 5.12648e-16
6.5625 6.77488e-08 1.53962e-08 1.15322e-15 5.18649e-16
6.59375 6.82302e-08 1.54121e-08 1.1694e-15 5.16143e-16
6.625 6.87122e-08 1.54385e-08 1.18554e-15 5.18583e-16
6.65625 6.91951e-08 1.54648e-08 1.2019e-15 5.28772e-16
6.6875 6.96786e-08 1.54749e-08 1.21854e-15 5.35844e-16
6.71875 7.01623e-08 1.54868e-08 1.23541e-15 5.44301e-16
6.75 7.06465e-08 1.5499e-08 1.25254e-15 5.51034e-16
6.78125 7.11308e-08 1.54944e-08 1.2698e-15 5.5389e-16
6.8125 7.16149e-08 1.54849e-08 1.28724e-15 5.6358e-16
6.84375 7.20987e-08 1.54783e-08 1.30499e-15 5.69774e-16
6.875 7.25822e-08 1.54701e-08 1.32277e-15 5.69028e-16
6.90625 7.30656e-08 1.54689e-08 1.34072e-15 5.83357e-16
6.9375 7.35491e-08 1.5476e-08 1.35929e-15 6.03195e-16
6.96875 7.40329e-08 1.54876e-08 1.37829e-15 6.11932e-16
7 7.45172e-08 1.55119e-08 1.39765e-15 6.30456e-16
7.03125 7.50025e-08 1.55434e-08 1.41779e-15 6.57698e-16
7.0625 7.54886e-08 1.55691e-08 1.43856e-15 6.68024e-16
7.09375 7.59755e-08 1.55939e-08 1.45944e-15 6.68231e-16
7.125 7.64632e-08 1.56145e-08 1.48034e-15 6.68809e-16
7.15625 7.69513e-08 1.56191e-08 1.50116e-15 6.62373e-16
7.1875 7.74394e-08 1.56212e-08 1.52169e-15 6.5095e-16
7.21875 7.79277e-08 1.56308e-08 1.54182e-15 6.36349e-16
7.25 7.84162e-08 1.56336e-08 1.56139e-15 6.15601e-16
7.28125 7.89047e-08 1.5633e-08 1.58029e-15 5.94358e-16
7.3125 7.93934e-08 1.56452e-08 1.59857e-15 5.75982e-16
7.34375 7.98826e-08 1.56609e-08 1.6163e-15 5.58755e-16
7.375 8.03721e-08 1.56702e-08 1.63349e-15 5.41543e-16
7.40625 8.08621e-08 1.56865e-08 1.6501e-15 5.20176e-16
7.4375 8.13527e-08 1.57142e-08 1.66595e-15 4.94047e-16
7.46875 8.18442e-08 1.57429e-08 1.68101e-15 4.7148e-16
7.5 8.23366e-08 1.57701e-08 1.6955e-15 4.56498e-16
7.53125 8.28298e-08 1.57934e-08 1.70951e-15 4.37942e-16
7.5625 8.33236e-08 1.58056e-08 1.72276e-15 4.09112e-16
7.59375 8.38176e-08 1.58124e-08 1.73513e-15 3.84459e-16
7.625 8.43119e-08 1.58214e-08 1.74689e-15 3.69099e-16
7.65625 8.48064e-08 1.58277e-08 1.75815e-15 3.50273e-16
7.6875 8.53011e-08 1.58325e-08 1.7688e-15 3.33627e-16
7.71875 8.5796e-08 1.58462e-08 1.77916e-15 3.31132e-16
7.75 8.62915e-08 1.58623e-08 1.78957e-15 3.35245e-16
7.78125 8.67873e-08 1.58648e-08 1.80012e-15 3.40528e-16
7.8125 8.72829e-08 1.58549e-08 1.81087e-15 3.47558e-16
7.84375 8.77781e-08 1.58382e-08 1.82183e-15 3.54157e-16
7.875 8.82726e-08 1.58045e-08 1.83305e-15 3.64786e-16
7.90625 8.87657e-08 1.57492e-08 1.84469e-15 3.80342e-16
7.9375 8.92569e-08 1.56842e-08 1.85679e-15 3.93659e-16
7.96875 8.97459e-08 1.56129e-08 1.8693e-15 4.07485e-16
8 9.02325e-08 1.55262e-08 1.88234e-15 4.28074e-16
8.03125 9.07161e-08 1.5424e-08 1.89604e-15 4.47663e-16
8.0625 9.11964e-08 1.53139e-08 1.91021e-15 4.57756e-16
8.09375 9.16732e-08 1.51967e-08 1.92464e-15 4.66589e-16
8.125 9.21461e-08 1.50674e-08 1.9394e-15 4.77651e-16
8.15625 9.26148e-08 1.49285e-08 1.95436e-15 4.76612e-16
8.1875 9.30791e-08 1.47897e-08 1.96906e-15 4.63354e-16
8.21875 9.35391e-08 1.46514e-08 1.98338e-15 4.55905e-16
8.25 9.39948e-08 1.45151e-08 1.99769e-15 4.61302e-16
8.28125 9.44465e-08 1.43942e-08 2.01226e-15 4.70607e-16
8.3125 9.48946e-08 1.42863e-08 2.02701e-15 4.7228e-16
8.34375 9.53394e-08 1.41798e-08 2.04178e-15 4.74536e-16
8.375 9.57809e-08 1.40788e-08 2.05681e-15 4.88295e-16
8.40625 9.62193e-08 1.39788e-08 2.0722e-15 4.93687e-16
8.4375 9.66545e-08 1.38708e-08 2.08754e-15 4.88429e-16
8.46875 9.70862e-08 1.37594e-08 2.10284e-15 4.91844e-16
8.5 9.75144e-08 1.36385e-08 2.11814e-15 4.83099e-16
8.53125 9.79386e-08 1.3512e-08 2.13288e-15 4.61273e-16
8.5625 9.8359e-08 1.33941e-08 2.14725e-15 4.6293e-16
8.59375 9.87756e-08 1.3263e-08 2.16185e-15 4.6822e-16
8.625 9.91877e-08 1.31167e-08 2.17632e-15 4.57545e-16
8.65625 9.95955e-08 1.29861e-08 2.19061e-15 4.6062e-16
8.6875 9.99994e-08 1.28579e-08 2.2052e-15 4.72101e-16
8.71875 1.00399e-07 1.27246e-08 2.2201e-15 4.83478e-16
8.75 1.00795e-07 1.26109e-08 2.23559e-15 5.09963e-16
8.78125 1.01187e-07 1.25e-08 2.25191e-15 5.32159e-16
8.8125 1.01576e-07 1.23812e-08 2.26881e-15 5.51943e-16
8.84375 1.01961e-07 1.22707e-08 2.28663e-15 5.89776e-16
8.875 1.02343e-07 1.2149e-08 2.30551e-15 6.13074e-16
8.90625 1.0272e-07 1.20108e-08 2.32474e-15 6.18478e-16
8.9375 1.03094e-07 1.18803e-08 2.34436e-15 6.40237e-16
8.96875 1.03463e-07 1.17506e-08 2.36474e-15 6.61477e-16
9 1.03828e-07 1.16156e-08 2.38557e-15 6.71677e-16
9.03125 1.04189e-07 1.14894e-08 2.40682e-15 6.89158e-16
9.0625 1.04546e-07 1.13721e-08 2.42861e-15 7.04011e-16
9.09375 1.049e-07 1.12554e-08 2.45074e-15 7.11782e-16
9.125 1.0525e-07 1.11319e-08 2.4731e-15 7.18696e-16
9.15625 1.05595e-07 1.10062e-08 2.49553e-15 7.14664e-16
9.1875 1.05937e-07 1.08863e-08 2.5177e-15 7.04453e-16
9.21875 1.06276e-07 1.0758e-08 2.53957e-15 6.94242e-16
9.25 1.0661e-07 1.06207e-08 2.56095e-15 6.71191e-16
9.28125 1.0694e-07 1.04908e-08 2.58143e-15 6.40144e-16
9.3125 1.07265e-07 1.0362e-08 2.60107e-15 6.1887e-16
9.34375 1.07587e-07 1.02317e-08 2.62021e-15 6.06469e-16
9.375 1.07905e-07 1.01092e-08 2.63889e-15 5.86283e-16
9.40625 1.08219e-07 9.98866e-09 2.65664e-15 5.46972e-16
9.4375 1.08529e-07 9.86569e-09 2.67303e-15 5.03539e-16
9.46875 1.08836e-07 9.7413e-09 2.68824e-15 4.70416e-16
9.5 1.09138e-07 9.61833e-09 2.70237e-15 4.3216e-16
9.53125 1.09437e-07 9.50354e-09 2.71518e-15 3.88386e-16
9.5625 1.09732e-07 9.39302e-09 2.72681e-15 3.59118e-16
9.59375 1.10024e-07 9.28979e-09 2.73772e-15 3.38948e-16
9.625 1.10313e-07 9.2046e-09 2.74804e-15 3.24042e-16
9.65625 1.10599e-07 9.12533e-09 2.75817e-15 3.27697e-16
9.6875 1.10883e-07 9.0398e-09 2.76865e-15 3.43432e-16
9.71875 1.11164e-07 8.95099e-09 2.77961e-15 3.56704e-16
9.75 1.11443e-07 8.85845e-09 2.79091e-15 3.67034e-16
9.78125 1.11718e-07 8.76118e-09 2.80263e-15 3.84973e-16
9.8125 1.1199e-07 8.65207e-09 2.81511e-15 4.14629e-16
9.84375 1.12258e-07 8.52426e-09 2.82843e-15 4.342e-16
9.875 1.12523e-07 8.38564e-09 2.84212e-15 4.4312e-16
9.90625 1.12782e-07 8.23498e-09 2.85634e-15 4.70998e-16
9.9375 1.13037e-07 8.06519e-09 2.87158e-15 5.01337e-16
9.96875 1.13286e-07 7.88673e-09 2.88745e-15 5.12463e-16
10 1.1353e-07 7.7104e-09 2.90374e-15 5.33823e-16
10.0312 1.13768e-07 7.53797e-09 2.92097e-15 5.68859e-16
10.0625 1.14001e-07 7.37177e-09 2.93921e-15 5.98159e-16
10.0938 1.14229e-07 7.21437e-09 2.95838e-15 6.29709e-16
10.125 1.14452e-07 7.06267e-09 2.97852e-15 6.56254e-16
10.1562 1.14671e-07 6.9099e-09 2.99925e-15 6.70164e-16
10.1875 1.14884e-07 6.75812e-09 3.02044e-15 6.85696e-16
10.2188 1.15093e-07 6.60505e-09 3.04199e-15 6.89417e-16
10.25 1.15297e-07 6.4439e-09 3.0633e-15 6.738e-16
10.2812 1.15496e-07 6.29214e-09 3.08419e-15 6.65185e-16
10.3125 1.1569e-07 6.15336e-09 3.10489e-15 6.56754e-16
10.3438 1.1588e-07 6.00615e-09 3.125e-15 6.28325e-16
10.375 1.16066e-07 5.86914e-09 3.14422e-15 6.04942e-16
10.4062 1.16247e-07 5.75737e-09 3.16303e-15 6.00348e-16
10.4375 1.16426e-07 5.64112e-09 3.18162e-15 5.85621e-16
10.4688 1.166e-07 5.52459e-09 3.19945e-15 5.54306e-16
10.5 1.16771e-07 5.42476e-09 3.21626e-15 5.21766e-16
10.5312 1.16939e-07 5.31915e-09 3.23203e-15 4.87014e-16
10.5625 1.17103e-07 5.20879e-09 3.24681e-15 4.62614e-16
10.5938 1.17265e-07 5.11269e-09 3.26112e-15 4.5372e-16
10.625 1.17423e-07 5.02132e-09 3.27503e-15 4.34202e-16
10.6562 1.17579e-07 4.93298e-09 3.2883e-15 4.19398e-16
10.6875 1.17731e-07 4.85545e-09 3.30154e-15 4.2961e-16
10.7188 1.17882e-07 4.78253e-09 3.31503e-15 4.29703e-16
10.75 1.1803e-07 4.71057e-09 3.32833e-15 4.24244e-16
10.7812 1.18176e-07 4.63506e-09 3.34176e-15 4.36355e-16
10.8125 1.1832e-07 4.55496e-09 3.35541e-15 4.32361e-16
10.8438 1.18461e-07 4.48537e-09 3.36865e-15 4.17349e-16
10.875 1.186e-07 4.42687e-09 3.38177e-15 4.26015e-16
10.9062 1.18738e-07 4.36614e-09 3.39531e-15 4.38467e-16
10.9375 1.18873e-07 4.30978e-09 3.40911e-15 4.45504e-16
10.9688 1.19007e-07 4.26378e-09 3.42324e-15 4.59819e-16
11 1.1914e-07 4.21757e-09 3.43788e-15 4.77694e-16
11.0312 1.19271e-07 4.16945e-09 3.45315e-15 5.00422e-16
11.0625 1.194e-07 4.12221e-09 3.46902e-15 5.10252e-16
11.0938 1.19529e-07 4.07345e-09 3.4848e-15 4.99253e-16
11.125 1.19655e-07 4.02408e-09 3.50037e-15 5.00239e-16
11.1562 1.1978e-07 3.96643e-09 3.51602e-15 4.95408e-16
11.1875 1.19903e-07 3.89309e-09 3.5309e-15 4.51929e-16
11.2188 1.20023e-07 3.8124e-09 3.54423e-15 4.03964e-16
11.25 1.20141e-07 3.72298e-09 3.55621e-15 3.61024e-16
11.2812 1.20256e-07 3.62224e-09 3.56658e-15 2.99527e-16
11.3125 1.20367e-07 3.52607e-09 3.5749e-15 2.3407e-16
11.3438 1.20476e-07 3.43988e-09 3.5813e-15 1.76434e-16
11.375 1.20583e-07 3.36354e-09 3.58597e-15 1.23335e-16
11.4062 1.20687e-07 3.30374e-09 3.58906e-15 7.44513e-17
11.4375 1.20789e-07 3.25168e-09 3.59058e-15 2.21714e-17
11.4688 1.2089e-07 3.20342e-09 3.59049e-15 -2.53412e-17
11.5 1.20989e-07 3.16612e-09 3.58913e-15 -6.08738e-17
11.5312 1.21088e-07 3.12804e-09 3.58662e-15 -1.01951e-16
11.5625 1.21185e-07 3.07932e-09 3.58264e-15 -1.53741e-16
11.5938 1.2128e-07 3.02575e-09 3.57704e-15 -2.02989e-16
11.625 1.21374e-07 2.97034e-09 3.57016e-15 -2.32322e-16
11.6562 1.21466e-07 2.91122e-09 3.56277e-15 -2.38963e-16
11.6875 1.21556e-07 2.84388e-09 3.55518e-15 -2.48566e-16
11.7188 1.21644e-07 2.7757e-09 3.54721e-15 -2.58798e-16
11.75 1.21729e-07 2.71116e-09 3.53928e-15 -2.45297e-16
11.7812 1.21813e-07 2.62959e-09 3.5319e-15 -2.29396e-16
11.8125 1.21893e-07 2.53406e-09 3.52486e-15 -2.20047e-16
11.8438 1.21971e-07 2.43949e-09 3.51834e-15 -1.94213e-16
11.875 1.22046e-07 2.32316e-09 3.51269e-15 -1.70188e-16
11.9062 1.22116e-07 2.19107e-09 3.50762e-15 -1.52797e-16
11.9375 1.22183e-07 2.07403e-09 3.5034e-15 -1.1378e-16
11.9688 1.22246e-07 1.95145e-09 3.50056e-15 -6.907e-17
12 1.22305e-07 1.81098e-09 3.49904e-15 -2.66078e-17
12.0312 1.22359e-07 1.67331e-09 3.49902e-15 2.51752e-17
12.0625 1.22409e-07 1.53191e-09 3.50038e-15 5.66875e-17
12.0938 1.22455e-07 1.38033e-09 3.50241e-15 7.43875e-17
12.125 1.22495e-07 1.22748e-09 3.5052e-15 1.03845e-16
12.1562 1.22531e-07 1.0713e-09 3.50856e-15 1.03235e-16
12.1875 1.22562e-07 9.17335e-10 3.51136e-15 7.73404e-17
12.2188 1.22589e-07 7.70173e-10 3.51373e-15 7.87878e-17
12.25 1.2261e-07 6.1991e-10 3.51621e-15 7.35492e-17
12.2812 1.22627e-07 4.68557e-10 3.51794e-15 3.51774e-17
12.3125 1.2264e-07 3.2506e-10 3.51855e-15 8.1206e-18
12.3438 1.22648e-07 1.86808e-10 3.51859e-15 -5.87751e-18
12.375 1.22652e-07 5.03756e-11 3.51804e-15 -3.15279e-17
12.4062 1.22651e-07 -7.88345e-11 3.51657e-15 -6.24253e-17
12.4375 1.22647e-07 -1.99009e-10 3.51415e-15 -9.21787e-17
12.4688 1.22639e-07 -3.20819e-10 3.51083e-15 -1.20489e-16
12.5 1.22627e-07 -4.49247e-10 3.50653e-15 -1.57946e-16
12.5312 1.2261e-07 -5.82952e-10 3.50076e-15 -2.13073e-16
12.5625 1.2259e-07 -7.25257e-10 3.49328e-15 -2.61868e-16
12.5938 1.22565e-07 -8.68966e-10 3.48458e-15 -2.94737e-16
12.625 1.22536e-07 -1.00934e-09 3.47476e-15 -3.35917e-16
12.6562 1.22502e-07 -1.15192e-09 3.46352e-15 -3.81459e-16
12.6875 1.22464e-07 -1.28368e-09 3.45123e-15 -3.99212e-16
12.7188 1.22422e-07 -1.39636e-09 3.43888e-15 -3.88058e-16
12.75 1.22377e-07 -1.50048e-09 3.42701e-15 -3.72469e-16
12.7812 1.22328e-07 -1.59392e-09 3.41562e-15 -3.55426e-16
12.8125 1.22277e-07 -1.67959e-09 3.40486e-15 -3.32998e-16
12.8438 1.22223e-07 -1.76767e-09 3.3948e-15 -3.10394e-16
12.875 1.22167e-07 -1.85801e-09 3.38554e-15 -2.8082e-16
12.9062 1.22107e-07 -1.96185e-09 3.37724e-15 -2.52637e-16
12.9375 1.22044e-07 -2.07934e-09 3.3696e-15 -2.36786e-16
12.9688 1.21977e-07 -2.19596e-09 3.36258e-15 -2.08764e-16
13 1.21907e-07 -2.32328e-09 3.35662e-15 -1.75165e-16
13.0312 1.21832e-07 -2.45915e-09 3.35143e-15 -1.5809e-16
13.0625 1.21753e-07 -2.58862e-09 3.34686e-15 -1.3122e-16
13.0938 1.2167e-07 -2.73592e-09 3.34323e-15 -1.0556e-16
13.125 1.21582e-07 -2.90443e-09 3.33985e-15 -1.16188e-16
13.1562 1.21488e-07 -3.06572e-09 3.3359e-15 -1.34258e-16
13.1875 1.2139e-07 -3.23067e-09 3.33152e-15 -1.4826e-16
13.2188 1.21286e-07 -3.41072e-09 3.32643e-15 -1.8026e-16
13.25 1.21177e-07 -3.58515e-09 3.3202e-15 -2.17941e-16
13.2812 1.21062e-07 -3.74967e-09 3.31285e-15 -2.5232e-16
13.3125 1.20943e-07 -3.91597e-09 3.30446e-15 -2.83201e-16
13.3438 1.20818e-07 -4.08658e-09 3.2952e-15 -3.09982e-16
13.375 1.20687e-07 -4.25455e-09 3.28489e-15 -3.53649e-16
13.4062 1.20552e-07 -4.41577e-09 3.273e-15 -4.06204e-16
13.4375 1.20411e-07 -4.5781e-09 3.2597e-15 -4.42741e-16
13.4688 1.20266e-07 -4.7396e-09 3.2453e-15 -4.81784e-16
13.5 1.20115e-07 -4.89329e-09 3.22941e-15 -5.36633e-16
13.5312 1.1996e-07 -5.04896e-09 3.21179e-15 -5.88599e-16
13.5625 1.19799e-07 -5.20729e-09 3.1928e-15 -6.23891e-16
13.5938 1.19634e-07 -5.36522e-09 3.17288e-15 -6.51665e-16
13.625 1.19464e-07 -5.53172e-09 3.15199e-15 -6.84993e-16
13.6562 1.19289e-07 -5.69539e-09 3.13035e-15 -6.91575e-16
13.6875 1.19108e-07 -5.84848e-09 3.10924e-15 -6.56451e-16
13.7188 1.18923e-07 -6.00864e-09 3.08915e-15 -6.35192e-16
13.75 1.18733e-07 -6.17066e-09 3.06946e-15 -6.19336e-16
13.7812 1.18537e-07 -6.32656e-09 3.05097e-15 -5.57041e-16
13.8125 1.18337e-07 -6.49362e-09 3.0347e-15 -4.88519e-16
13.8438 1.18131e-07 -6.67091e-09 3.02019e-15 -4.41618e-16
13.875 1.1792e-07 -6.85502e-09 3.00716e-15 -3.91326e-16
13.9062 1.17703e-07 -7.05788e-09 2.99564e-15 -3.48484e-16
13.9375 1.17479e-07 -7.26819e-09 2.98539e-15 -3.03963e-16
13.9688 1.17249e-07 -7.47741e-09 2.97682e-15 -2.44318e-16
14 1.17011e-07 -7.69443e-09 2.96996e-15 -1.97656e-16
14.0312 1.16768e-07 -7.90304e-09 2.96452e-15 -1.45794e-16
14.0625 1.16518e-07 -8.09049e-09 2.96108e-15 -7.49531e-17
14.0938 1.16262e-07 -8.27008e-09 2.95959e-15 -2.53877e-17
14.125 1.16001e-07 -8.44055e-09 2.95939e-15 1.44422e-17
14.1562 1.15735e-07 -8.60087e-09 2.96055e-15 5.72735e-17
14.1875 1.15463e-07 -8.76707e-09 2.9626e-15 6.73364e-17
14.2188 1.15187e-07 -8.93751e-09 2.96456e-15 5.79173e-17
14.25 1.14905e-07 -9.10196e-09 2.96622e-15 4.71265e-17
14.2812 1.14618e-07 -9.26413e-09 2.96731e-15 2.0209e-17
14.3125 1.14326e-07 -9.42705e-09 2.9675e-15 -6.74868e-18
14.3438 1.14029e-07 -9.58904e-09 2.96685e-15 -3.85851e-17
14.375 1.13727e-07 -9.74495e-09 2.96485e-15 -9.02391e-17
14.4062 1.1342e-07 -9.89311e-09 2.96135e-15 -1.30456e-16
14.4375 1.13108e-07 -1.00455e-08 2.95667e-15 -1.74775e-16
14.4688 1.12792e-07 -1.01981e-08 2.95001e-15 -2.5518e-16
14.5 1.12471e-07 -1.03294e-08 2.94083e-15 -3.26791e-16
14.5312 1.12146e-07 -1.04479e-08 2.92986e-15 -3.7457e-16
14.5625 1.11818e-07 -1.05662e-08 2.91727e-15 -4.34293e-16
14.5938 1.11486e-07 -1.06653e-08 2.90272e-15 -4.93856e-16
14.625 1.11152e-07 -1.07442e-08 2.88666e-15 -5.303e-16
14.6562 1.10815e-07 -1.08238e-08 2.86975e-15 -5.49646e-16
14.6875 1.10475e-07 -1.08963e-08 2.85241e-15 -5.58996e-16
14.7188 1.10134e-07 -1.09503e-08 2.83488e-15 -5.61564e-16
14.75 1.09791e-07 -1.09981e-08 2.81747e-15 -5.48909e-16
14.7812 1.09447e-07 -1.10409e-08 2.80073e-15 -5.22005e-16
14.8125 1.09101e-07 -1.1076e-08 2.78472e-15 -5.0599e-16
14.8438 1.08754e-07 -1.11159e-08 2.769e-15 -4.98934e-16
14.875 1.08406e-07 -1.1161e-08 2.75376e-15 -4.71763e-16
14.9062 1.08057e-07 -1.12039e-08 2.7397e-15 -4.27916e-16
14.9375 1.07706e-07 -1.12552e-08 2.72682e-15 -4.01716e-16
14.9688 1.07353e-07 -1.13171e-08 2.7144e-15 -3.92498e-16
15 1.06999e-07 -1.13757e-08 2.70258e-15 -3.5688e-16
15.0312 1.06642e-07 -1.14328e-08 2.69233e-15 -3.00609e-16
15.0625 1.06284e-07 -1.14947e-08 2.68352e-15 -2.67851e-16
15.0938 1.05924e-07 -1.15542e-08 2.67553e-15 -2.40679e-16
15.125 1.05562e-07 -1.16115e-08 2.66861e-15 -2.03389e-16
15.1562 1.05198e-07 -1.16734e-08 2.66251e-15 -1.93933e-16
15.1875 1.04832e-07 -1.17401e-08 2.6562e-15 -2.115e-16
15.2188 1.04464e-07 -1.18168e-08 2.64923e-15 -2.36295e-16
15.25 1.04094e-07 -1.19081e-08 2.64125e-15 -2.77634e-16
15.2812 1.0372e-07 -1.20046e-08 2.63175e-15 -3.31227e-16
15.3125 1.03343e-07 -1.20977e-08 2.62049e-15 -3.90349e-16
15.3438 1.02964e-07 -1.21831e-08 2.60734e-15 -4.49773e-16
15.375 1.02582e-07 -1.22541e-08 2.59253e-15 -4.9616e-16
15.4062 1.02198e-07 -1.23113e-08 2.57633e-15 -5.42226e-16
15.4375 1.01813e-07 -1.23607e-08 2.55853e-15 -5.97807e-16
15.4688 1.01426e-07 -1.2401e-08 2.53903e-15 -6.48326e-16
15.5 1.01038e-07 -1.24332e-08 2.51807e-15 -6.93672e-16
15.5312 1.00649e-07 -1.24684e-08 2.49562e-15 -7.44663e-16
15.5625 1.00258e-07 -1.25096e-08 2.47145e-15 -8.02346e-16
15.5938 9.98668e-08 -1.25435e-08 2.44561e-15 -8.4625e-16
15.625 9.94743e-08 -1.25737e-08 2.41889e-15 -8.60257e-16
15.6562 9.90808e-08 -1.26196e-08 2.39187e-15 -8.70877e-16
15.6875 9.86856e-08 -1.26716e-08 2.36441e-15 -8.83953e-16
15.7188 9.82889e-08 -1.2717e-08 2.33695e-15 -8.6819e-16
15.75 9.78906e-08 -1.27745e-08 2.31033e-15 -8.3544e-16
15.7812 9.74903e-08 -1.2842e-08 2.28466e-15 -8.07779e-16
15.8125 9.70881e-08 -1.28989e-08 2.2599e-15 -7.757e-16
15.8438 9.66842e-08 -1.2951e-08 2.23627e-15 -7.34642e-16
15.875 9.62787e-08 -1.30043e-08 2.21411e-15 -6.82165e-16
15.9062 9.58715e-08 -1.30559e-08 2.19362e-15 -6.31708e-16
15.9375 9.54627e-08 -1.31066e-08 2.17451e-15 -5.90313e-16
15.9688 9.50524e-08 -1.31492e-08 2.15706e-15 -5.18822e-16
16 9.46409e-08 -1.31895e-08 2.14226e-15 -4.31848e-16
16.0312 9.4228e-08 -1.3233e-08 2.12964e-15 -3.82267e-16
16.0625 9.38139e-08 -1.32655e-08 2.11835e-15 -3.35275e-16
16.0938 9.33989e-08 -1.32964e-08 2.10893e-15 -2.67384e-16
16.125 9.29828e-08 -1.33329e-08 2.10139e-15 -2.21101e-16
16.1562 9.25657e-08 -1.33605e-08 2.09484e-15 -2.01645e-16
16.1875 9.21477e-08 -1.33966e-08 2.08856e-15 -2.04327e-16
16.2188 9.17283e-08 -1.3445e-08 2.08184e-15 -2.27066e-16
16.25 9.13075e-08 -1.34835e-08 2.07437e-15 -2.52306e-16
16.2812 9.08855e-08 -1.35315e-08 2.0658e-15 -3.0281e-16
16.3125 9.04616e-08 -1.35937e-08 2.05522e-15 -3.71999e-16
16.3438 9.0036e-08 -1.36411e-08 2.04287e-15 -4.14079e-16
16.375 8.96091e-08 -1.36826e-08 2.02927e-15 -4.62583e-16
16.4062 8.91809e-08 -1.37186e-08 2.01366e-15 -5.36591e-16
16.4375 8.8752e-08 -1.37301e-08 1.99602e-15 -5.86534e-16
16.4688 8.83229e-08 -1.37354e-08 1.97707e-15 -6.30293e-16
16.5 8.78935e-08 -1.37441e-08 1.9563e-15 -7.01964e-16
16.5312 8.74639e-08 -1.37463e-08 1.93321e-15 -7.74216e-16
16.5625 8.70343e-08 -1.37514e-08 1.908e-15 -8.39034e-16
16.5938 8.66044e-08 -1.37605e-08 1.88078e-15 -9.0184e-16
16.625 8.61743e-08 -1.37653e-08 1.85173e-15 -9.56221e-16
16.6562 8.57441e-08 -1.37652e-08 1.82109e-15 -1.00226e-15
16.6875 8.53141e-08 -1.37533e-08 1.78939e-15 -1.01945e-15
16.7188 8.48847e-08 -1.37286e-08 1.75773e-15 -1.0045e-15
16.75 8.44561e-08 -1.3701e-08 1.7266e-15 -9.89214e-16
16.7812 8.40284e-08 -1.36722e-08 1.69594e-15 -9.69516e-16
16.8125 8.36016e-08 -1.36386e-08 1.66623e-15 -9.28911e-16
16.8438 8.3176e-08 -1.3603e-08 1.63797e-15 -8.80032e-16
16.875 8.27513e-08 -1.35782e-08 1.6112e-15 -8.34358e-16
16.9062 8.23273e-08 -1.35628e-08 1.58578e-15 -7.92007e-16
16.9375 8.19037e-08 -1.35451e-08 1.56184e-15 -7.36209e-16
16.9688 8.14805e-08 -1.35442e-08 1.53994e-15 -6.65277e-16
17 8.10569e-08 -1.35723e-08 1.52007e-15 -6.10994e-16
17.0312 8.06322e-08 -1.36068e-08 1.50169e-15 -5.61777e-16
17.0625 8.02064e-08 -1.36467e-08 1.48522e-15 -4.90383e-16
17.0938 7.97791e-08 -1.37056e-08 1.47088e-15 -4.33532e-16
17.125 7.93497e-08 -1.37724e-08 1.45772e-15 -4.12685e-16
17.1562 7.89183e-08 -1.38381e-08 1.44503e-15 -3.99317e-16
17.1875 7.84848e-08 -1.39069e-08 1.43278e-15 -3.85242e-16
17.2188 7.80491e-08 -1.39795e-08 1.42081e-15 -3.84923e-16
17.25 7.76111e-08 -1.40528e-08 1.40841e-15 -4.13911e-16
17.2812 7.71708e-08 -1.41238e-08 1.39475e-15 -4.59644e-16
17.3125 7.67283e-08 -1.4195e-08 1.3799e-15 -4.86756e-16
17.3438 7.62836e-08 -1.42645e-08 1.36434e-15 -5.13243e-16
17.375 7.58369e-08 -1.43293e-08 1.34754e-15 -5.64228e-16
17.4062 7.5388e-08 -1.43969e-08 1.3292e-15 -6.04981e-16
17.4375 7.4937e-08 -1.44645e-08 1.30989e-15 -6.31389e-16
17.4688 7.44841e-08 -1.45238e-08 1.28953e-15 -6.75103e-16
17.5 7.40293e-08 -1.45842e-08 1.26759e-15 -7.28945e-16
17.5312 7.35725e-08 -1.46528e-08 1.24404e-15 -7.7743e-16
17.5625 7.31134e-08 -1.47295e-08 1.21907e-15 -8.19713e-16
17.5938 7.26518e-08 -1.4817e-08 1.19277e-15 -8.64884e-16
17.625 7.21873e-08 -1.49123e-08 1.16496e-15 -9.13516e-16
17.6562 7.17197e-08 -1.501e-08 1.13601e-15 -9.31726e-16
17.6875 7.12492e-08 -1.51022e-08 1.10709e-15 -9.16867e-16
17.7188 7.0776e-08 -1.5184e-08 1.0787e-15 -9.00055e-16
17.75 7.03003e-08 -1.52591e-08 1.05102e-15 -8.65427e-16
17.7812 6.98224e-08 -1.53214e-08 1.02498e-15 -7.97414e-16
17.8125 6.93428e-08 -1.53741e-08 1.00125e-15 -7.22684e-16
17.8438 6.88614e-08 -1.54381e-08 9.79672e-16 -6.6054e-16
17.875 6.83779e-08 -1.55056e-08 9.59897e-16 -6.04158e-16
17.9062 6.78924e-08 -1.5566e-08 9.42088e-16 -5.32171e-16
17.9375 6.74049e-08 -1.56357e-08 9.26722e-16 -4.52976e-16
17.9688 6.69151e-08 -1.57088e-08 9.13573e-16 -3.90784e-16
18 6.64232e-08 -1.5772e-08 9.02379e-16 -3.21594e-16
18.0312 6.59293e-08 -1.58357e-08 8.93668e-16 -2.35846e-16
18.0625 6.54335e-08 -1.58989e-08 8.87469e-16 -1.64459e-16
18.0938 6.49357e-08 -1.5958e-08 8.83256e-16 -1.06014e-16
18.125 6.44361e-08 -1.60188e-08 8.8077e-16 -5.51967e-17
18.1562 6.39347e-08 -1.60687e-08 8.79665e-16 -1.7161e-17
18.1875 6.34319e-08 -1.61099e-08 8.79576e-16 7.53621e-18
18.2188 6.29276e-08 -1.61643e-08 8.79711e-16 -6.74502e-18
18.25 6.24216e-08 -1.6218e-08 8.78896e-16 -4.40806e-17
18.2812 6.19141e-08 -1.62597e-08 8.77216e-16 -6.08104e-17
18.3125 6.14052e-08 -1.63162e-08 8.74898e-16 -9.54125e-17
18.3438 6.08943e-08 -1.63832e-08 8.70836e-16 -1.66315e-16
18.375 6.03814e-08 -1.64363e-08 8.64695e-16 -2.22005e-16
18.4062 5.9867e-08 -1.6489e-08 8.57075e-16 -2.67477e-16
18.4375 5.93508e-08 -1.65448e-08 8.47786e-16 -3.29541e-16
18.4688 5.88331e-08 -1.65847e-08 8.36389e-16 -4.00837e-16
18.5 5.83144e-08 -1.66151e-08 8.227e-16 -4.74526e-16
18.5312 5.77947e-08 -1.66384e-08 8.0688e-16 -5.35109e-16
18.5625 5.72747e-08 -1.66415e-08 7.89272e-16 -5.94831e-16
18.5938 5.67548e-08 -1.66321e-08 7.69492e-16 -6.71423e-16
18.625 5.62352e-08 -1.66186e-08 7.47614e-16 -7.20546e-16
18.6562 5.57162e-08 -1.65982e-08 7.24839e-16 -7.35511e-16
18.6875 5.51979e-08 -1.65709e-08 7.01557e-16 -7.55415e-16
18.7188 5.46806e-08 -1.65332e-08 6.77834e-16 -7.55802e-16
18.75 5.41647e-08 -1.64884e-08 6.54756e-16 -7.16641e-16
18.7812 5.36501e-08 -1.64411e-08 6.33148e-16 -6.66263e-16
18.8125 5.31372e-08 -1.63878e-08 6.13113e-16 -6.15843e-16
18.8438 5.26258e-08 -1.63413e-08 5.94664e-16 -5.64388e-16
18.875 5.21157e-08 -1.631e-08 5.77946e-16 -5.02849e-16
18.9062 5.16064e-08 -1.62878e-08 5.63335e-16 -4.33558e-16
18.9375 5.10975e-08 -1.62846e-08 5.50603e-16 -3.85377e-16
18.9688 5.05884e-08 -1.62964e-08 5.39237e-16 -3.37452e-16
19 5.0079e-08 -1.63024e-08 5.29899e-16 -2.55945e-16
19.0312 4.95695e-08 -1.63076e-08 5.23211e-16 -1.76138e-16
19.0625 4.90598e-08 -1.63139e-08 5.18671e-16 -1.15418e-16
19.0938 4.855e-08 -1.63109e-08 5.16072e-16 -4.93538e-17
19.125 4.80404e-08 -1.63034e-08 5.15568e-16 1.47075e-17
19.1562 4.7531e-08 -1.62971e-08 5.16759e-16 5.69644e-17
19.1875 4.70218e-08 -1.62957e-08 5.18815e-16 6.97303e-17
19.2188 4.65125e-08 -1.62955e-08 5.2092e-16 6.41715e-17
19.25 4.60034e-08 -1.6288e-08 5.22835e-16 5.7378e-17
19.2812 4.54945e-08 -1.6287e-08 5.24233e-16 2.51206e-17
19.3125 4.49853e-08 -1.6297e-08 5.24057e-16 -3.78822e-17
19.3438 4.4476e-08 -1.62993e-08 5.22049e-16 -8.57721e-17
19.375 4.39667e-08 -1.62986e-08 5.18843e-16 -1.20815e-16
19.4062 4.34573e-08 -1.63008e-08 5.14283e-16 -1.74378e-16
19.4375 4.29479e-08 -1.62959e-08 5.07846e-16 -2.37552e-16
19.4688 4.24389e-08 -1.62845e-08 4.99483e-16 -2.96527e-16
19.5 4.19303e-08 -1.62619e-08 4.89404e-16 -3.47404e-16
19.5312 4.14226e-08 -1.62303e-08 4.77724e-16 -4.03183e-16
19.5625 4.09158e-08 -1.62039e-08 4.63984e-16 -4.77626e-16
19.5938 4.04099e-08 -1.61706e-08 4.48063e-16 -5.34661e-16
19.625 3.99053e-08 -1.61246e-08 4.30924e-16 -5.6027e-16
19.6562 3.9402e-08 -1.60853e-08 4.12937e-16 -5.93538e-16
19.6875 3.89e-08 -1.60464e-08 3.93894e-16 -6.19528e-16
19.7188 3.83993e-08 -1.59977e-08 3.74693e-16 -6.02729e-16
19.75 3.79001e-08 -1.59515e-08 3.56426e-16 -5.65899e-16
19.7812 3.74023e-08 -1.5901e-08 3.39315e-16 -5.28824e-16
19.8125 3.69065e-08 -1.58292e-08 3.23464e-16 -4.83313e-16
19.8438 3.64131e-08 -1.57456e-08 3.09293e-16 -4.20403e-16
19.875 3.59224e-08 -1.56603e-08 2.97303e-16 -3.47723e-16
19.9062 3.54345e-08 -1.55619e-08 2.87356e-16 -2.92779e-16
19.9375 3.49499e-08 -1.54531e-08 2.7895e-16 -2.42006e-16
19.9688 3.44686e-08 -1.53516e-08 2.72542e-16 -1.64452e-16
20 3.39905e-08 -1.52473e-08 2.68642e-16 -8.88857e-17
20.0312 3.35158e-08 -1.51301e-08 2.66787e-16 -3.03964e-17
20.0625 3.30448e-08 -1.5014e-08 2.66874e-16 3.8921e-17
20.0938 3.25775e-08 -1.48911e-08 2.69299e-16 1.15269e-16
20.125 3.21143e-08 -1.4756e-08 2.73894e-16 1.74302e-16
20.1562 3.16551e-08 -1.46329e-08 2.79845e-16 2.00865e-16
20.1875 3.11996e-08 -1.45205e-08 2.86212e-16 2.05594e-16
20.2188 3.07476e-08 -1.44101e-08 2.92707e-16 2.09e-16
20.25 3.02988e-08 -1.43171e-08 2.98966e-16 1.83524e-16
20.2812 2.98526e-08 -1.4234e-08 3.03751e-16 1.20064e-16
20.3125 2.94092e-08 -1.41448e-08 3.06585e-16 6.49548e-17
20.3438 2.89686e-08 -1.40514e-08 3.07884e-16 1.58932e-17
20.375 2.85311e-08 -1.39497e-08 3.07355e-16 -5.23528e-17
20.4062 2.80968e-08 -1.3841e-08 3.04596e-16 -1.22738e-16
20.4375 2.76661e-08 -1.37218e-08 2.99804e-16 -1.8202e-16
20.4688 2.72395e-08 -1.35795e-08 2.93317e-16 -2.32707e-16
20.5 2.68175e-08 -1.3431e-08 2.85131e-16 -2.95751e-16
20.5312 2.64e-08 -1.32838e-08 2.74568e-16 -3.81348e-16
20.5625 2.59874e-08 -1.31195e-08 2.6153e-16 -4.46529e-16
20.5938 2.55801e-08 -1.29503e-08 2.46919e-16 -4.89108e-16
20.625 2.51779e-08 -1.27918e-08 2.30739e-16 -5.49224e-16
20.6562 2.47806e-08 -1.26337e-08 2.12727e-16 -5.9668e-16
20.6875 2.43883e-08 -1.24764e-08 1.93914e-16 -6.01936e-16
20.7188 2.40008e-08 -1.23206e-08 1.75266e-16 -5.90446e-16
20.75 2.36183e-08 -1.21643e-08 1.57112e-16 -5.69119e-16
20.7812 2.32405e-08 -1.20161e-08 1.39846e-16 -5.3335e-16
20.8125 2.28672e-08 -1.18696e-08 1.24002e-16 -4.75982e-16
20.8438 2.24987e-08 -1.17185e-08 1.1032e-16 -3.99266e-16
20.875 2.21348e-08 -1.15735e-08 9.88462e-17 -3.39725e-16
20.9062 2.17753e-08 -1.1431e-08 8.89953e-17 -2.87477e-16
20.9375 2.14203e-08 -1.12895e-08 8.1219e-17 -2.06196e-16
20.9688 2.10695e-08 -1.11631e-08 7.60673e-17 -1.27928e-16
21 2.07225e-08 -1.10509e-08 7.29828e-17 -7.02686e-17
21.0312 2.03788e-08 -1.09461e-08 7.18284e-17 1.88611e-19
21.0625 2.00382e-08 -1.08514e-08 7.314e-17 8.38138e-17
21.0938 1.97005e-08 -1.07657e-08 7.69468e-17 1.56426e-16
21.125 1.93654e-08 -1.06815e-08 8.26598e-17 2.05175e-16
21.1562 1.9033e-08 -1.05909e-08 8.96182e-17 2.39828e-16
21.1875 1.87034e-08 -1.05002e-08 9.7666e-17 2.73905e-16
21.2188 1.83766e-08 -1.04197e-08 1.06415e-16 2.77706e-16
21.25 1.80522e-08 -1.03414e-08 1.14554e-16 2.39307e-16
21.2812 1.77302e-08 -1.0266e-08 1.21397e-16 2.01123e-16
21.3125 1.74104e-08 -1.02042e-08 1.27156e-16 1.64727e-16
21.3438 1.70925e-08 -1.01398e-08 1.31418e-16 1.04271e-16
21.375 1.67768e-08 -1.00658e-08 1.33593e-16 3.59912e-17
21.4062 1.64633e-08 -9.99676e-09 1.33798e-16 -2.05538e-17
21.4375 1.6152e-08 -9.92199e-09 1.32414e-16 -6.75361e-17
21.4688 1.58433e-08 -9.84069e-09 1.29475e-16 -1.24309e-16
21.5 1.55368e-08 -9.77718e-09 1.24423e-16 -2.0011e-16
21.5312 1.52321e-08 -9.71922e-09 1.17129e-16 -2.61945e-16
21.5625 1.49295e-08 -9.6528e-09 1.08208e-16 -3.10856e-16
21.5938 1.46287e-08 -9.6011e-09 9.74123e-17 -3.83948e-16
21.625 1.43293e-08 -9.55899e-09 8.42841e-17 -4.49988e-16
21.6562 1.40314e-08 -9.50142e-09 6.9756e-17 -4.74194e-16
21.6875 1.37355e-08 -9.43731e-09 5.47883e-17 -4.83507e-16
21.7188 1.34416e-08 -9.37253e-09 3.95937e-17 -4.86486e-16
21.75 1.31499e-08 -9.29338e-09 2.46152e-17 -4.67628e-16
21.7812 1.28609e-08 -9.19691e-09 1.06832e-17 -4.18728e-16
21.8125 1.25752e-08 -9.08486e-09 -1.31517e-18 -3.48238e-16
21.8438 1.22932e-08 -8.96331e-09 -1.12204e-17 -2.89183e-16
21.875 1.2015e-08 -8.84228e-09 -1.94387e-17 -2.33563e-16
21.9062 1.17406e-08 -8.71672e-09 -2.55036e-17 -1.51061e-16
21.9375 1.14703e-08 -8.58664e-09 -2.8949e-17 -7.43862e-17
21.9688 1.12039e-08 -8.46623e-09 -3.04293e-17 -2.15204e-17
22 1.0941e-08 -8.35399e-09 -3.01336e-17 4.47914e-17
22.0312 1.06817e-08 -8.24613e-09 -2.74538e-17 1.27001e-16
22.0625 1.04255e-08 -8.15222e-09 -2.23008e-17 2.00059e-16
22.0938 1.01721e-08 -8.06856e-09 -1.51256e-17 2.56739e-16
22.125 9.92124e-09 -7.98483e-09 -6.32875e-18 3.06626e-16
22.1562 9.67299e-09 -7.90326e-09 4.08667e-18 3.59259e-16
22.1875 9.42727e-09 -7.82262e-09 1.58454e-17 3.85343e-16
22.2188 9.18412e-09 -7.73814e-09 2.76793e-17 3.67198e-16
22.25 8.94365e-09 -7.65252e-09 3.87627e-17 3.43977e-16
22.2812 8.70581e-09 -7.56989e-09 4.91687e-17 3.18298e-16
22.3125 8.47044e-09 -7.49546e-09 5.82947e-17 2.6043e-16
22.3438 8.23725e-09 -7.42988e-09 6.52963e-17 1.88125e-16
22.375 8.00609e-09 -7.36313e-09 7.01554e-17 1.24721e-16
22.4062 7.7771e-09 -7.2924e-09 7.3181e-17 6.95469e-17
22.4375 7.55032e-09 -7.22064e-09 7.44356e-17 7.83884e-18
22.4688 7.32592e-09 -7.13844e-09 7.34884e-17 -6.922e-17
22.5 7.1043e-09 -7.04411e-09 7.02901e-17 -1.30423e-16
22.5312 6.88562e-09 -6.9531e-09 6.54952e-17 -1.78727e-16
22.5625 6.66969e-09 -6.86563e-09 5.87717e-17 -2.56655e-16
22.5938 6.45657e-09 -6.77366e-09 4.94591e-17 -3.34065e-16
22.625 6.2463e-09 -6.68484e-09 3.82877e-17 -3.76733e-16
22.6562 6.03876e-09 -6.59672e-09 2.59714e-17 -4.12054e-16
22.6875 5.83411e-09 -6.49946e-09 1.25962e-17 -4.40792e-16
22.7188 5.63252e-09 -6.40426e-09 -1.30653e-18 -4.44202e-16
22.75 5.43382e-09 -6.31122e-09 -1.48438e-17 -4.1661e-16
22.7812 5.23819e-09 -6.20757e-09 -2.70594e-17 -3.63212e-16
22.8125 5.04577e-09 -6.11077e-09 -3.76146e-17 -3.1471e-16
22.8438 4.85607e-09 -6.03173e-09 -4.67016e-17 -2.62257e-16
22.875 4.66882e-09 -5.95043e-09 -5.36224e-17 -1.76714e-16
22.9062 4.48415e-09 -5.87083e-09 -5.78391e-17 -9.89555e-17
22.9375 4.30166e-09 -5.81285e-09 -6.01209e-17 -4.8298e-17
22.9688 4.12072e-09 -5.76727e-09 -6.06818e-17 1.68853e-17
23 3.94125e-09 -5.71757e-09 -5.89028e-17 9.68929e-17
23.0312 3.76339e-09 -5.66598e-09 -5.47321e-17 1.67812e-16
23.0625 3.58708e-09 -5.61823e-09 -4.85323e-17 2.27712e-16
23.0938 3.4123e-09 -5.56586e-09 -4.04968e-17 2.88211e-16
23.125 3.23934e-09 -5.50271e-09 -3.03973e-17 3.5836e-16
23.1562 3.06838e-09 -5.4393e-09 -1.83432e-17 4.05534e-16
23.1875 2.8994e-09 -5.37399e-09 -5.51281e-18 4.11358e-16
23.2188 2.73261e-09 -5.29941e-09 7.35046e-18 4.13363e-16
23.25 2.56814e-09 -5.22857e-09 2.02485e-17 4.06992e-16
23.2812 2.40577e-09 -5.16286e-09 3.23462e-17 3.60912e-16
23.3125 2.24546e-09 -5.09844e-09 4.26009e-17 2.94978e-16
23.3438 2.08696e-09 -5.04842e-09 5.08334e-17 2.33015e-16
23.375 1.92984e-09 -5.00721e-09 5.72104e-17 1.7502e-16
23.4062 1.77398e-09 -4.96976e-09 6.16665e-17 1.06981e-16
23.4375 1.6191e-09 -4.9428e-09 6.3732e-17 2.51674e-17
23.4688 1.46519e-09 -4.90371e-09 6.34617e-17 -3.70422e-17
23.5 1.31283e-09 -4.84635e-09 6.15884e-17 -8.48145e-17
23.5312 1.16228e-09 -4.78808e-09 5.78377e-17 -1.60197e-16
23.5625 1.01376e-09 -4.7123e-09 5.15371e-17 -2.39223e-16
23.5938 8.67948e-10 -4.61964e-09 4.31835e-17 -2.92482e-16
23.625 7.24958e-10 -4.53237e-09 3.32533e-17 -3.44683e-16
23.6562 5.84776e-10 -4.43612e-09 2.1617e-17 -3.98191e-16
23.6875 4.47854e-10 -4.32576e-09 8.60389e-18 -4.29508e-16
23.7188 3.14477e-10 -4.20823e-09 -4.8625e-18 -4.26318e-16
23.75 1.85054e-10 -4.07133e-09 -1.77488e-17 -3.96222e-16
23.7812 6.01368e-11 -3.92295e-09 -2.96412e-17 -3.65784e-16
23.8125 -6.00773e-11 -3.7685e-09 -4.04964e-17 -3.23508e-16
23.8438 -1.75209e-10 -3.59778e-09 -4.94527e-17 -2.45336e-16
23.875 -2.84934e-10 -3.42598e-09 -5.58687e-17 -1.69868e-16
23.9062 -3.89377e-10 -3.25762e-09 -6.03213e-17 -1.15884e-16
23.9375 -4.88452e-10 -3.08256e-09 -6.29438e-17 -4.79642e-17
23.9688 -5.82071e-10 -2.90991e-09 -6.31962e-17 3.10016e-17
24 -6.70302e-10 -2.73541e-09 -6.11553e-17 9.69634e-17
24.0312 -7.52977e-10 -2.55654e-09 -5.72432e-17 1.52958e-16
24.0625 -8.30211e-10 -2.3881e-09 -5.15225e-17 2.15902e-16
24.0938 -9.02188e-10 -2.21552e-09 -4.35751e-17 2.93658e-16
24.125 -9.68513e-10 -2.02864e-09 -3.33574e-17 3.53836e-16
24.1562 -1.0291e-09 -1.85269e-09 -2.18463e-17 3.7969e-16
24.1875 -1.08446e-09 -1.69029e-09 -9.59609e-18 4.06215e-16
24.2188 -1.13469e-09 -1.52374e-09 3.47328e-18 4.24796e-16
24.25 -1.17973e-09 -1.36098e-09 1.64675e-17 3.99476e-16
24.2812 -1.21992e-09 -1.21349e-09 2.81737e-17 3.48466e-16
24.3125 -1.25558e-09 -1.06682e-09 3.8249e-17 2.96589e-16
24.3438 -1.2865e-09 -9.11334e-10 4.66891e-17 2.42362e-16
24.375 -1.31259e-09 -7.60168e-10 5.32392e-17 1.73225e-16
24.4062 -1.33402e-09 -6.09182e-10 5.73432e-17 8.94453e-17
24.4375 -1.35049e-09 -4.42645e-10 5.9064e-17 2.64753e-17
24.4688 -1.36163e-09 -2.712e-10 5.9196e-17 -1.97216e-17
24.5 -1.36743e-09 -9.76423e-11 5.75069e-17 -9.34846e-17
24.5312 -1.36755e-09 9.23692e-11 5.3326e-17 -1.69674e-16
24.5625 -1.36156e-09 2.91162e-10 4.72262e-17 -2.18146e-16
24.5938 -1.34937e-09 4.89254e-10 3.95981e-17 -2.73756e-16
24.625 -1.33099e-09 6.85997e-10 2.99889e-17 -3.40274e-16
24.6562 -1.30662e-09 8.71053e-10 1.85347e-17 -3.88423e-16
24.6875 -1.27669e-09 1.04253e-09 6.00301e-18 -4.08717e-16
24.7188 -1.24156e-09 1.20419e-09 -6.73411e-18 -4.03557e-16
24.75 -1.20155e-09 1.35508e-09 -1.91693e-17 -3.92358e-16
24.7812 -1.15687e-09 1.50599e-09 -3.11076e-17 -3.65576e-16
24.8125 -1.10732e-09 1.66604e-09 -4.15359e-17 -2.96e-16
24.8438 -1.0527e-09 1.82957e-09 -4.95809e-17 -2.23095e-16
24.875 -9.92983e-10 1.99268e-09 -5.57269e-17 -1.70746e-16
24.9062 -9.28133e-10 2.15851e-09 -6.00393e-17 -1.00433e-16
24.9375 -8.58032e-10 2.3281e-09 -6.18654e-17 -1.76929e-17
24.9688 -7.82672e-10 2.49349e-09 -6.13344e-17 4.86378e-17
25 -7.02255e-10 2.65318e-09 -5.89341e-17 1.04562e-16
25.0312 -6.16787e-10 2.81813e-09 -5.47468e-17 1.65581e-16
25.0625 -5.26095e-10 2.98554e-09 -4.84232e-17 2.40621e-16
25.0938 -4.30245e-10 3.14845e-09 -3.98158e-17 3.05433e-16
25.125 -3.2931e-10 3.31138e-09 -2.96306e-17 3.44392e-16
25.1562 -2.23339e-10 3.4692e-09 -1.8196e-17 3.90259e-16
25.1875 -1.1255e-10 3.62136e-09 -5.26941e-18 4.3175e-16
25.2188 3.03062e-12 3.77563e-09 8.29039e-18 4.2853e-16
25.25 1.23295e-10 3.9176e-09 2.12519e-17 3.99876e-16
25.2812 2.47675e-10 4.04107e-09 3.3251e-17 3.66783e-16
25.3125 3.75877e-10 4.16496e-09 4.40235e-17 3.19458e-16
25.3438 5.08e-10 4.28992e-09 5.29899e-17 2.50502e-16
25.375 6.43909e-10 4.40738e-09 5.95005e-17 1.65777e-16
25.4062 7.83474e-10 4.52584e-09 6.3539e-17 9.7761e-17
25.4375 9.26857e-10 4.65189e-09 6.57961e-17 4.53598e-17
25.4688 1.07426e-09 4.78248e-09 6.60869e-17 -3.12745e-17
25.5 1.22575e-09 4.91241e-09 6.38416e-17 -1.07666e-16
25.5312 1.38128e-09 5.042e-09 5.96987e-17 -1.54755e-16
25.5625 1.54097e-09 5.17984e-09 5.4069e-17 -2.09685e-16
25.5938 1.70508e-09 5.32249e-09 4.64187e-17 -2.7997e-16
25.625 1.87358e-09 5.46174e-09 3.67075e-17 -3.38252e-16
25.6562 2.04655e-09 5.61117e-09 2.54985e-17 -3.75467e-16
25.6875 2.22442e-09 5.77296e-09 1.34355e-17 -3.94803e-16
25.7188 2.40726e-09 5.92687e-09 8.45053e-19 -4.10596e-16
25.75 2.59488e-09 6.08394e-09 -1.2008e-17 -4.04572e-16
25.7812 2.78774e-09 6.26192e-09 -2.39008e-17 -3.5017e-16
25.8125 2.98626e-09 6.44239e-09 -3.38233e-17 -2.8799e-16
25.8438 3.19044e-09 6.62856e-09 -4.20639e-17 -2.38694e-16
25.875 3.40082e-09 6.83928e-09 -4.84802e-17 -1.66676e-16
25.9062 3.6179e-09 7.05097e-09 -5.23123e-17 -7.92735e-17
25.9375 3.84136e-09 7.24993e-09 -5.36052e-17 -6.69298e-18
25.9688 4.071e-09 7.44509e-09 -5.28695e-17 5.29248e-17
26 4.30647e-09 7.62034e-09 -5.02507e-17 1.16903e-16
26.0312 4.54705e-09 7.77555e-09 -4.5417e-17 1.93294e-16
26.0625 4.79239e-09 7.92463e-09 -3.83106e-17 2.56786e-16
26.0938 5.04214e-09 8.05623e-09 -2.96081e-17 2.99559e-16
26.125 5.29582e-09 8.18031e-09 -1.9411e-17 3.56935e-16
26.1562 5.55352e-09 8.31239e-09 -7.26777e-18 4.16057e-16
26.1875 5.81523e-09 8.4344e-09 6.16522e-18 4.36957e-16
26.2188 6.08057e-09 8.54766e-09 1.97965e-17 4.34018e-16
26.25 6.34952e-09 8.66601e-09 3.32244e-17 4.23404e-16
26.2812 6.62216e-09 8.78154e-09 4.60586e-17 3.93879e-16
26.3125 6.89833e-09 8.89298e-09 5.75537e-17 3.36962e-16
26.3438 7.17792e-09 8.99968e-09 6.68817e-17 2.58647e-16
26.375 7.46072e-09 9.09847e-09 7.38338e-17 1.9007e-16
26.4062 7.7466e-09 9.19866e-09 7.88824e-17 1.31211e-16
26.4375 8.03565e-09 9.29973e-09 8.17566e-17 4.88562e-17
26.4688 8.32777e-09 9.39509e-09 8.19819e-17 -2.90918e-17
26.5 8.62277e-09 9.48382e-09 8.0295e-17 -7.62451e-17
26.5312 8.92042e-09 9.5644e-09 7.70984e-17 -1.32759e-16
26.5625 9.22051e-09 9.64102e-09 7.18204e-17 -2.04851e-16
26.5938 9.52287e-09 9.70657e-09 6.44384e-17 -2.64722e-16
26.625 9.82697e-09 9.75458e-09 5.54173e-17 -3.10885e-16
26.6562 1.01326e-08 9.80495e-09 4.50869e-17 -3.49839e-16
26.6875 1.04398e-08 9.85758e-09 3.35299e-17 -3.8977e-16
26.7188 1.07485e-08 9.89852e-09 2.09214e-17 -4.10122e-16
26.75 1.10585e-08 9.94477e-09 8.43637e-18 -3.81996e-16
26.7812 1.13702e-08 9.99892e-09 -2.82519e-18 -3.4074e-16
26.8125 1.16834e-08 1.00445e-08 -1.29441e-17 -3.04586e-16
26.8438 1.19979e-08 1.009e-08 -2.14841e-17 -2.34935e-16
26.875 1.23141e-08 1.01438e-08 -2.74027e-17 -1.44689e-16
26.9062 1.2632e-08 1.01999e-08 -3.07254e-17 -7.11364e-17
26.9375 1.29516e-08 1.02547e-08 -3.1928e-17 -5.3258e-18
26.9688 1.32728e-08 1.03068e-08 -3.0976e-17 6.78973e-17
27 1.35957e-08 1.03581e-08 -2.76029e-17 1.4814e-16
27.0312 1.39201e-08 1.04002e-08 -2.18491e-17 2.15957e-16
27.0625 1.42456e-08 1.04264e-08 -1.43304e-17 2.64452e-16
27.0938 1.45718e-08 1.04553e-08 -5.14279e-18 3.28082e-16
27.125 1.48991e-08 1.04929e-08 6.28165e-18 4.00216e-16
27.1562 1.52276e-08 1.05273e-08 1.95092e-17 4.40665e-16
27.1875 1.55571e-08 1.05669e-08 3.36687e-17 4.65971e-16
27.2188 1.58881e-08 1.06174e-08 4.86571e-17 4.91795e-16
27.25 1.62207e-08 1.06629e-08 6.4166e-17 4.95437e-16
27.2812 1.65544e-08 1.06959e-08 7.92665e-17 4.65332e-16
27.3125 1.68891e-08 1.07196e-08 9.29511e-17 4.07709e-16
27.3438 1.72243e-08 1.0734e-08 1.04763e-16 3.50598e-16
27.375 1.75598e-08 1.07394e-08 1.14928e-16 2.97599e-16
27.4062 1.78955e-08 1.07403e-08 1.23047e-16 2.17342e-16
27.4375 1.82311e-08 1.07373e-08 1.28509e-16 1.37119e-16
27.4688 1.85665e-08 1.07328e-08 1.3198e-16 8.81554e-17
27.5 1.8902e-08 1.07436e-08 1.33942e-16 3.36275e-17
27.5312 1.92382e-08 1.07707e-08 1.33932e-16 -3.38203e-17
27.5625 1.95752e-08 1.07985e-08 1.31969e-16 -8.92754e-17
27.5938 1.99132e-08 1.08386e-08 1.28457e-16 -1.34551e-16
27.625 2.02528e-08 1.08981e-08 1.23578e-16 -1.78397e-16
27.6562 2.05944e-08 1.096e-08 1.17221e-16 -2.29344e-16
27.6875 2.09379e-08 1.10318e-08 1.09384e-16 -2.66151e-16
27.7188 2.1284e-08 1.11188e-08 1.01044e-16 -2.62155e-16
27.75 2.16329e-08 1.12076e-08 9.3072e-17 -2.49843e-16
27.7812 2.19846e-08 1.13095e-08 8.54289e-17 -2.35026e-16
27.8125 2.23398e-08 1.14197e-08 7.88608e-17 -1.77466e-16
27.8438 2.26982e-08 1.15171e-08 7.45886e-17 -9.62003e-17
27.875 2.30597e-08 1.16172e-08 7.27175e-17 -2.5502e-17
27.9062 2.34243e-08 1.1719e-08 7.29553e-17 4.11439e-17
27.9375 2.37919e-08 1.18014e-08 7.53582e-17 1.14434e-16
27.9688 2.41619e-08 1.18846e-08 8.02163e-17 1.96843e-16
28 2.45348e-08 1.19763e-08 8.74943e-17 2.63796e-16
28.0312 2.49103e-08 1.20551e-08 9.6454e-17 3.0948e-16
28.0625 2.52882e-08 1.21292e-08 1.07083e-16 3.75955e-16
28.0938 2.56684e-08 1.22078e-08 1.20032e-16 4.48934e-16
28.125 2.60511e-08 1.22806e-08 1.34779e-16 4.90606e-16
28.1562 2.64359e-08 1.23503e-08 1.50677e-16 5.293e-16
28.1875 2.6823e-08 1.24261e-08 1.67943e-16 5.74323e-16
28.2188 2.72127e-08 1.25103e-08 1.8634e-16 5.98194e-16
28.25 2.76049e-08 1.25951e-08 2.05009e-16 5.91287e-16
28.2812 2.79997e-08 1.26692e-08 2.22985e-16 5.55871e-16
28.3125 2.83967e-08 1.27395e-08 2.39714e-16 5.15932e-16
28.3438 2.87959e-08 1.28048e-08 2.55189e-16 4.70129e-16
28.375 2.91968e-08 1.28483e-08 2.68685e-16 3.8806e-16
28.4062 2.95988e-08 1.28826e-08 2.79427e-16 3.04368e-16
28.4375 3.00021e-08 1.29257e-08 2.88053e-16 2.50345e-16
28.4688 3.04067e-08 1.29687e-08 2.94981e-16 1.89496e-16
28.5 3.08126e-08 1.30105e-08 2.99795e-16 1.20081e-16
28.5312 3.12199e-08 1.30587e-08 3.02679e-16 6.74558e-17
28.5625 3.16288e-08 1.31107e-08 3.04118e-16 2.53674e-17
28.5938 3.20394e-08 1.31657e-08 3.04278e-16 -1.57014e-17
28.625 3.24516e-08 1.32193e-08 3.03033e-16 -6.58666e-17
28.6562 3.28655e-08 1.32632e-08 3.00184e-16 -1.12758e-16
28.6875 3.32805e-08 1.33e-08 2.96336e-16 -1.28712e-16
28.7188 3.36967e-08 1.33348e-08 2.92214e-16 -1.36945e-16
28.75 3.41139e-08 1.33696e-08 2.87737e-16 -1.46316e-16
28.7812 3.45323e-08 1.34053e-08 2.83521e-16 -1.14958e-16
28.8125 3.49518e-08 1.34442e-08 2.80895e-16 -5.1602e-17
28.8438 3.53727e-08 1.34965e-08 2.80261e-16 1.06547e-17
28.875 3.57955e-08 1.35623e-08 2.8165e-16 8.09845e-17
28.9062 3.62203e-08 1.36291e-08 2.85496e-16 1.67391e-16
28.9375 3.66474e-08 1.37025e-08 2.92178e-16 2.59587e-16
28.9688 3.70769e-08 1.37883e-08 3.01534e-16 3.34453e-16
29 3.75091e-08 1.38746e-08 3.12858e-16 3.90178e-16
29.0312 3.79441e-08 1.39648e-08 3.26155e-16 4.66009e-16
29.0625 3.8382e-08 1.40653e-08 3.42091e-16 5.50483e-16
29.0938 3.88231e-08 1.41642e-08 3.60187e-16 6.02881e-16
29.125 3.92673e-08 1.426e-08 3.79752e-16 6.5269e-16
29.1562 3.97144e-08 1.4352e-08 4.01157e-16 7.16889e-16
29.1875 4.01641e-08 1.44294e-08 4.24324e-16 7.60345e-16
29.2188 4.06161e-08 1.45015e-08 4.48384e-16 7.75864e-16
29.25 4.10705e-08 1.4573e-08 4.72618e-16 7.72221e-16
29.2812 4.15268e-08 1.4632e-08 4.96505e-16 7.54863e-16
29.3125 4.1985e-08 1.46905e-08 5.19631e-16 7.20329e-16
29.3438 4.2445e-08 1.47544e-08 5.4111e-16 6.48148e-16
29.375 4.29069e-08 1.48029e-08 5.60018e-16 5.64991e-16
29.4062 4.33702e-08 1.48479e-08 5.76725e-16 5.07238e-16
29.4375 4.38351e-08 1.49096e-08 5.91615e-16 4.40739e-16
29.4688 4.4302e-08 1.4971e-08 6.04049e-16 3.55441e-16
29.5 4.47708e-08 1.50361e-08 6.1408e-16 2.9173e-16
29.5312 4.52421e-08 1.51301e-08 6.22482e-16 2.46578e-16
29.5625 4.57166e-08 1.52381e-08 6.29423e-16 1.9587e-16
29.5938 4.61944e-08 1.53402e-08 6.34636e-16 1.37086e-16
29.625 4.66754e-08 1.54468e-08 6.38047e-16 8.39847e-17
29.6562 4.71599e-08 1.55593e-08 6.40092e-16 4.90224e-17
29.6875 4.76478e-08 1.56658e-08 6.41075e-16 1.14476e-17
29.7188 4.81389e-08 1.57647e-08 6.40749e-16 -2.96579e-17
29.75 4.86331e-08 1.586e-08 6.39602e-16 -3.65221e-17
29.7812 4.91302e-08 1.59558e-08 6.38778e-16 -1.39938e-17
29.8125 4.96304e-08 1.60572e-08 6.38803e-16 1.72999e-17
29.8438 5.01338e-08 1.61637e-08 6.40043e-16 6.56344e-17
29.875 5.06406e-08 1.62726e-08 6.43118e-16 1.34406e-16
29.9062 5.11509e-08 1.63842e-08 6.48605e-16 2.17914e-16
29.9375 5.16646e-08 1.64956e-08 6.5664e-16 2.92389e-16
29.9688 5.21818e-08 1.66007e-08 6.66669e-16 3.48886e-16
30 5.27021e-08 1.66945e-08 6.78608e-16 4.18596e-16
30.0312 5.3225e-08 1.67738e-08 6.92821e-16 4.86464e-16
30.0625 5.37503e-08 1.6844e-08 7.08653e-16 5.23317e-16
30.0938 5.42778e-08 1.69108e-08 7.25594e-16 5.64993e-16
30.125 5.48071e-08 1.69676e-08 7.44152e-16 6.2282e-16
30.1562 5.53382e-08 1.70175e-08 7.64377e-16 6.68307e-16
30.1875 5.58708e-08 1.70708e-08 7.85727e-16 6.94958e-16
30.2188 5.6405e-08 1.71147e-08 8.07609e-16 7.03099e-16
30.25 5.69403e-08 1.71451e-08 8.29647e-16 7.08194e-16
30.2812 5.74766e-08 1.71773e-08 8.5179e-16 7.03374e-16
30.3125 5.80138e-08 1.72059e-08 8.7307e-16 6.50616e-16
30.3438 5.85519e-08 1.72263e-08 8.92317e-16 5.8485e-16
30.375 5.90905e-08 1.72467e-08 9.09887e-16 5.40105e-16
30.4062 5.96297e-08 1.72582e-08 9.25782e-16 4.70481e-16
30.4375 6.0169e-08 1.7256e-08 9.39124e-16 3.86448e-16
30.4688 6.07081e-08 1.72436e-08 9.50293e-16 3.33295e-16
30.5 6.12465e-08 1.72151e-08 9.60043e-16 2.89235e-16
30.5312 6.17839e-08 1.71783e-08 9.6825e-16 2.34501e-16
30.5625 6.23202e-08 1.71392e-08 9.74638e-16 1.73959e-16
30.5938 6.2855e-08 1.70893e-08 9.79203e-16 1.21662e-16
30.625 6.33882e-08 1.70368e-08 9.82497e-16 9.14908e-17
30.6562 6.39198e-08 1.69847e-08 9.84827e-16 5.34807e-17
30.6875 6.44496e-08 1.69206e-08 9.85687e-16 3.4381e-18
30.7188 6.49773e-08 1.68502e-08 9.85402e-16 -1.48299e-17
30.75 6.55028e-08 1.67873e-08 9.85028e-16 -7.75906e-18
30.7812 6.60266e-08 1.67372e-08 9.84968e-16 6.02203e-18
30.8125 6.6549e-08 1.66928e-08 9.85659e-16 4.33532e-17
30.8438 6.70699e-08 1.66509e-08 9.87992e-16 1.10749e-16
30.875 6.75899e-08 1.66326e-08 9.9285e-16 2.03172e-16
30.9062 6.81097e-08 1.66315e-08 1.0007e-15 2.96644e-16
30.9375 6.86292e-08 1.66182e-08 1.01123e-15 3.77171e-16
30.9688 6.91484e-08 1.66075e-08 1.02444e-15 4.71352e-16
31 6.96673e-08 1.66005e-08 1.04065e-15 5.60361e-16
31.0312 7.01856e-08 1.65696e-08 1.05904e-15 6.12806e-16
31.0625 7.07028e-08 1.65311e-08 1.07902e-15 6.69921e-16
31.0938 7.12188e-08 1.64906e-08 1.10105e-15 7.37897e-16
31.125 7.17332e-08 1.64311e-08 1.12486e-15 7.82953e-16
31.1562 7.22458e-08 1.63763e-08 1.14996e-15 8.24849e-16
31.1875 7.27569e-08 1.63312e-08 1.17645e-15 8.69311e-16
31.2188 7.32664e-08 1.62757e-08 1.20417e-15 9.03395e-16
31.25 7.37741e-08 1.62229e-08 1.23286e-15 9.29551e-16
31.2812 7.42803e-08 1.61725e-08 1.26184e-15 9.1671e-16
31.3125 7.47848e-08 1.6109e-08 1.2898e-15 8.72085e-16
31.3438 7.52871e-08 1.60404e-08 1.31651e-15 8.39257e-16
31.375 7.57873e-08 1.59693e-08 1.34199e-15 7.82925e-16
31.4062 7.62852e-08 1.58962e-08 1.36503e-15 6.90468e-16
31.4375 7.67808e-08 1.58265e-08 1.3854e-15 6.19046e-16
31.4688 7.72743e-08 1.57525e-08 1.40388e-15 5.61891e-16
31.5 7.77653e-08 1.56773e-08 1.42034e-15 4.89526e-16
31.5312 7.82542e-08 1.56074e-08 1.43452e-15 4.20374e-16
31.5625 7.87408e-08 1.5535e-08 1.44676e-15 3.65271e-16
31.5938 7.92251e-08 1.54654e-08 1.45743e-15 3.18158e-16
31.625 7.97075e-08 1.54086e-08 1.46654e-15 2.61002e-16
31.6562 8.01882e-08 1.53579e-08 1.4736e-15 1.91717e-16
31.6875 8.06674e-08 1.53079e-08 1.47886e-15 1.52725e-16
31.7188 8.1145e-08 1.52609e-08 1.48348e-15 1.43711e-16
31.75 8.16212e-08 1.52124e-08 1.48768e-15 1.23067e-16
31.7812 8.20957e-08 1.51539e-08 1.49128e-15 1.13449e-16
31.8125 8.25682e-08 1.509e-08 1.49528e-15 1.49706e-16
31.8438 8.30388e-08 1.50301e-08 1.50086e-15 2.07662e-16
31.875 8.35076e-08 1.49694e-08 1.50821e-15 2.62436e-16
31.9062 8.39743e-08 1.49016e-08 1.51735e-15 3.25615e-16
31.9375 8.44389e-08 1.48287e-08 1.52879e-15 4.09399e-16
31.9688 8.49011e-08 1.47535e-08 1.54288e-15 4.88245e-16
32 8.5361e-08 1.46783e-08 1.55902e-15 5.41749e-16
32.0312 8.58184e-08 1.45936e-08 1.57675e-15 5.95101e-16
32.0625 8.62729e-08 1.44943e-08 1.59626e-15 6.5222e-16
32.0938 8.67244e-08 1.44018e-08 1.61738e-15 6.97628e-16
32.125 8.71731e-08 1.43172e-08 1.6399e-15 7.45215e-16
32.1562 8.76191e-08 1.42237e-08 1.66399e-15 7.96691e-16
32.1875 8.80622e-08 1.4137e-08 1.68971e-15 8.50114e-16
32.2188 8.85028e-08 1.40652e-08 1.71714e-15 9.02777e-16
32.25 8.89412e-08 1.39882e-08 1.7458e-15 9.26262e-16
32.2812 8.9377e-08 1.39047e-08 1.77489e-15 9.37215e-16
32.3125 8.98102e-08 1.38172e-08 1.80445e-15 9.51475e-16
32.3438 9.02404e-08 1.37104e-08 1.83382e-15 9.17288e-16
32.375 9.06669e-08 1.35824e-08 1.86136e-15 8.44801e-16
32.4062 9.10892e-08 1.34432e-08 1.88682e-15 7.87744e-16
32.4375 9.1507e-08 1.32934e-08 1.91058e-15 7.29733e-16
32.4688 9.19199e-08 1.31346e-08 1.93233e-15 6.63038e-16
32.5 9.23279e-08 1.298e-08 1.95215e-15 6.07766e-16
32.5312 9.27313e-08 1.28331e-08 1.97041e-15 5.62674e-16
32.5625 9.31299e-08 1.26821e-08 1.98745e-15 5.29523e-16
32.5938 9.35239e-08 1.25326e-08 2.00348e-15 4.93965e-16
32.625 9.39134e-08 1.23964e-08 2.0182e-15 4.48246e-16
32.6562 9.42987e-08 1.22631e-08 2.0317e-15 4.20248e-16
32.6875 9.46798e-08 1.21322e-08 2.04457e-15 4.02125e-16
32.7188 9.50572e-08 1.2019e-08 2.0567e-15 3.73109e-16
32.75 9.54311e-08 1.19144e-08 2.06802e-15 3.56117e-16
32.7812 9.58018e-08 1.18085e-08 2.07933e-15 3.74134e-16
32.8125 9.61692e-08 1.17113e-08 2.09172e-15 4.21317e-16
32.8438 9.65338e-08 1.16212e-08 2.10561e-15 4.64946e-16
32.875 9.68956e-08 1.1533e-08 2.12074e-15 5.07285e-16
32.9062 9.72548e-08 1.14575e-08 2.13782e-15 5.93601e-16
32.9375 9.76118e-08 1.1398e-08 2.15792e-15 6.86919e-16
32.9688 9.79672e-08 1.1346e-08 2.18028e-15 7.40133e-16
33 9.8321e-08 1.12986e-08 2.20433e-15 8.05482e-16
33.0312 9.86734e-08 1.12523e-08 2.23079e-15 8.85282e-16
33.0625 9.90243e-08 1.12076e-08 2.25933e-15 9.36346e-16
33.0938 9.93739e-08 1.1168e-08 2.28927e-15 9.81113e-16
33.125 9.97222e-08 1.11204e-08 2.32065e-15 1.02616e-15
33.1562 1.00069e-07 1.10628e-08 2.35335e-15 1.06773e-15
33.1875 1.00414e-07 1.10162e-08 2.38747e-15 1.11461e-15
33.2188 1.00757e-07 1.09731e-08 2.42272e-15 1.1356e-15
33.25 1.01099e-07 1.09184e-08 2.45828e-15 1.14134e-15
33.2812 1.0144e-07 1.08665e-08 2.49414e-15 1.15103e-15
33.3125 1.01779e-07 1.08179e-08 2.52966e-15 1.11146e-15
33.3438 1.02116e-07 1.0763e-08 2.56323e-15 1.03763e-15
33.375 1.02451e-07 1.07062e-08 2.59473e-15 9.79029e-16
33.4062 1.02785e-07 1.06441e-08 2.62412e-15 8.93998e-16
33.4375 1.03117e-07 1.05838e-08 2.65029e-15 7.81564e-16
33.4688 1.03447e-07 1.05361e-08 2.67321e-15 6.89153e-16
33.5 1.03775e-07 1.04898e-08 2.69349e-15 6.10061e-16
33.5312 1.04102e-07 1.04559e-08 2.71152e-15 5.48107e-16
33.5625 1.04429e-07 1.04445e-08 2.7279e-15 4.98689e-16
33.5938 1.04755e-07 1.0429e-08 2.74247e-15 4.31524e-16
33.625 1.05081e-07 1.04107e-08 2.75498e-15 3.73749e-16
33.6562 1.05406e-07 1.03955e-08 2.76598e-15 3.28322e-16
33.6875 1.0573e-07 1.03589e-08 2.77516e-15 2.54437e-16
33.7188 1.06053e-07 1.03118e-08 2.78194e-15 1.85854e-16
33.75 1.06375e-07 1.02698e-08 2.78719e-15 1.53471e-16
33.7812 1.06695e-07 1.02145e-08 2.79154e-15 1.23737e-16
33.8125 1.07013e-07 1.01553e-08 2.79496e-15 9.92473e-17
33.8438 1.0733e-07 1.0107e-08 2.79815e-15 1.11893e-16
33.875 1.07645e-07 1.00543e-08 2.80234e-15 1.60365e-16
33.9062 1.07958e-07 9.99824e-09 2.80826e-15 2.17997e-16
33.9375 1.0827e-07 9.95218e-09 2.81585e-15 2.66301e-16
33.9688 1.0858e-07 9.9146e-09 2.82497e-15 3.20391e-16
34 1.08889e-07 9.88021e-09 2.83605e-15 3.89626e-16
34.0312 1.09198e-07 9.84929e-09 2.84923e-15 4.51146e-16
34.0625 1.09505e-07 9.82218e-09 2.86406e-15 4.96141e-16
34.0938 1.09811e-07 9.78571e-09 2.88022e-15 5.39114e-16
34.125 1.10116e-07 9.73526e-09 2.89789e-15 5.94122e-16
34.1562 1.1042e-07 9.68712e-09 2.91738e-15 6.50396e-16
34.1875 1.10722e-07 9.63443e-09 2.93823e-15 6.78932e-16
34.2188 1.11022e-07 9.56379e-09 2.95975e-15 7.01736e-16
34.25 1.1132e-07 9.49159e-09 2.98234e-15 7.44781e-16
34.2812 1.11615e-07 9.42198e-09 3.00594e-15 7.56081e-16
34.3125 1.11908e-07 9.34328e-09 3.02914e-15 7.26377e-16
34.3438 1.12199e-07 9.2553e-09 3.05149e-15 7.06253e-16
34.375 1.12487e-07 9.15617e-09 3.07309e-15 6.68204e-16
34.4062 1.12771e-07 9.04962e-09 3.09279e-15 5.89668e-16
34.4375 1.13052e-07 8.93982e-09 3.11006e-15 5.20404e-16
34.4688 1.1333e-07 8.81583e-09 3.12548e-15 4.65732e-16
34.5 1.13603e-07 8.68323e-09 3.13906e-15 4.02439e-16
34.5312 1.13873e-07 8.55795e-09 3.15062e-15 3.37795e-16
34.5625 1.14138e-07 8.43436e-09 3.16028e-15 2.83756e-16
34.5938 1.144e-07 8.30811e-09 3.16859e-15 2.50832e-16
34.625 1.14657e-07 8.18763e-09 3.17597e-15 2.18285e-16
34.6562 1.14911e-07 8.07312e-09 3.18191e-15 1.57643e-16
34.6875 1.15162e-07 7.95538e-09 3.1858e-15 9.39676e-17
34.7188 1.15409e-07 7.83265e-09 3.18797e-15 4.69423e-17
34.75 1.15651e-07 7.71493e-09 3.18875e-15 2.6754e-18
34.7812 1.15891e-07 7.60609e-09 3.18823e-15 -3.26838e-17
34.8125 1.16127e-07 7.50631e-09 3.18704e-15 -3.65969e-17
34.8438 1.1636e-07 7.42462e-09 3.18635e-15 -2.77217e-18
34.875 1.16591e-07 7.35902e-09 3.18701e-15 4.53439e-17
34.9062 1.1682e-07 7.29949e-09 3.1892e-15 9.68321e-17
34.9375 1.17047e-07 7.24533e-09 3.19335e-15 1.74327e-16
34.9688 1.17273e-07 7.18956e-09 3.20019e-15 2.60349e-16
35 1.17497e-07 7.12514e-09 3.20929e-15 3.16981e-16
35.0312 1.17718e-07 7.05472e-09 3.21979e-15 3.53221e-16
35.0625 1.17938e-07 6.97753e-09 3.23131e-15 3.83953e-16
35.0938 1.18154e-07 6.89521e-09 3.24385e-15 4.20318e-16
35.125 1.18368e-07 6.80448e-09 3.25761e-15 4.57053e-16
35.1562 1.18579e-07 6.69937e-09 3.27209e-15 4.65588e-16
35.1875 1.18787e-07 6.59378e-09 3.28678e-15 4.80531e-16
35.2188 1.18992e-07 6.49017e-09 3.30245e-15 5.22425e-16
35.25 1.19193e-07 6.38101e-09 3.31899e-15 5.26622e-16
35.2812 1.19391e-07 6.28415e-09 3.33508e-15 5.05165e-16
35.3125 1.19586e-07 6.19465e-09 3.35078e-15 4.99681e-16
35.3438 1.19778e-07 6.09327e-09 3.36599e-15 4.66325e-16
35.375 1.19966e-07 6.00206e-09 3.37965e-15 4.07028e-16
35.4062 1.20153e-07 5.91687e-09 3.39142e-15 3.4385e-16
35.4375 1.20336e-07 5.8044e-09 3.40087e-15 2.57837e-16
35.4688 1.20515e-07 5.68422e-09 3.40762e-15 1.78592e-16
35.5 1.20691e-07 5.57097e-09 3.41212e-15 1.06014e-16
35.5312 1.20863e-07 5.44032e-09 3.414e-15 1.44839e-17
35.5625 1.21031e-07 5.29823e-09 3.41337e-15 -4.71594e-17
35.5938 1.21195e-07 5.15806e-09 3.41123e-15 -9.46868e-17
35.625 1.21354e-07 5.0124e-09 3.40697e-15 -1.81926e-16
35.6562 1.21508e-07 4.8645e-09 3.40007e-15 -2.50801e-16
35.6875 1.21658e-07 4.71193e-09 3.39171e-15 -2.84463e-16
35.7188 1.21802e-07 4.54865e-09 3.38197e-15 -3.44933e-16
35.75 1.21942e-07 4.38434e-09 3.37004e-15 -4.15113e-16
35.7812 1.22076e-07 4.21545e-09 3.35641e-15 -4.50183e-16
35.8125 1.22205e-07 4.03544e-09 3.34224e-15 -4.52612e-16
35.8438 1.22328e-07 3.85914e-09 3.32832e-15 -4.35743e-16
35.875 1.22446e-07 3.69311e-09 3.31517e-15 -4.0213e-16
35.9062 1.22559e-07 3.53069e-09 3.30356e-15 -3.3402e-16
35.9375 1.22667e-07 3.37073e-09 3.29453e-15 -2.44616e-16
35.9688 1.2277e-07 3.21208e-09 3.28802e-15 -1.76803e-16
36 1.22868e-07 3.04988e-09 3.28342e-15 -1.15098e-16
36.0312 1.22961e-07 2.87825e-09 3.28098e-15 -4.0994e-17
36.0625 1.23048e-07 2.69845e-09 3.28067e-15 1.68844e-17
36.0938 1.23129e-07 2.51963e-09 3.28185e-15 5.75122e-17
36.125 1.23205e-07 2.34173e-09 3.28426e-15 9.77797e-17
36.1562 1.23276e-07 2.16448e-09 3.28813e-15 1.54429e-16
36.1875 1.23341e-07 1.99464e-09 3.29423e-15 2.38485e-16
36.2188 1.234e-07 1.82306e-09 3.30288e-15 3.08887e-16
36.25 1.23454e-07 1.6411e-09 3.31324e-15 3.53958e-16
36.2812 1.23503e-07 1.45894e-09 3.32518e-15 4.12784e-16
36.3125 1.23546e-07 1.27399e-09 3.33888e-15 4.55887e-16
36.3438 1.23582e-07 1.0756e-09 3.35312e-15 4.49175e-16
36.375 1.23613e-07 8.68532e-10 3.36677e-15 4.23716e-16
36.4062 1.23636e-07 6.51821e-10 3.3795e-15 3.88107e-16
36.4375 1.23653e-07 4.20719e-10 3.39088e-15 3.39066e-16
36.4688 1.23663e-07 1.83824e-10 3.40062e-15 2.82049e-16
36.5 1.23665e-07 -5.54661e-11 3.40834e-15 2.10521e-16
36.5312 1.23659e-07 -2.98815e-10 3.41391e-15 1.51243e-16
36.5625 1.23646e-07 -5.36924e-10 3.41804e-15 1.12944e-16
36.5938 1.23626e-07 -7.58905e-10 3.42078e-15 5.96003e-17
36.625 1.23599e-07 -9.6238e-10 3.42183e-15 1.24396e-17
36.6562 1.23566e-07 -1.15536e-09 3.42184e-15 -1.10671e-17
36.6875 1.23527e-07 -1.34076e-09 3.42088e-15 -5.62672e-17
36.7188 1.23482e-07 -1.5056e-09 3.41819e-15 -1.13486e-16
36.75 1.23433e-07 -1.6572e-09 3.4141e-15 -1.43555e-16
36.7812 1.23378e-07 -1.81825e-09 3.40935e-15 -1.60363e-16
36.8125 1.23319e-07 -1.97568e-09 3.40407e-15 -1.77091e-16
36.8438 1.23255e-07 -2.11796e-09 3.39835e-15 -1.87207e-16
36.875 1.23187e-07 -2.26676e-09 3.39263e-15 -1.7188e-16
36.9062 1.23113e-07 -2.41732e-09 3.38802e-15 -1.18984e-16
36.9375 1.23036e-07 -2.54965e-09 3.38522e-15 -6.34396e-17
36.9688 1.22954e-07 -2.6762e-09 3.38388e-15 -2.27793e-17
37 1.22869e-07 -2.80313e-09 3.38395e-15 3.05317e-17
37.0312 1.22779e-07 -2.92376e-09 3.38581e-15 8.51226e-17
37.0625 1.22686e-07 -3.04817e-09 3.38889e-15 1.05975e-16
37.0938 1.22588e-07 -3.17626e-09 3.39228e-15 1.13444e-16
37.125 1.22487e-07 -3.29811e-09 3.39632e-15 1.50375e-16
37.1562 1.22382e-07 -3.41822e-09 3.40176e-15 1.94272e-16
37.1875 1.22274e-07 -3.53166e-09 3.4081e-15 2.08116e-16
37.2188 1.22162e-07 -3.62809e-09 3.41493e-15 2.36448e-16
37.25 1.22047e-07 -3.71981e-09 3.42327e-15 2.97527e-16
37.2812 1.21929e-07 -3.81621e-09 3.43315e-15 3.25883e-16
37.3125 1.21809e-07 -3.91149e-09 3.4432e-15 3.14195e-16
37.3438 1.21685e-07 -4.01286e-09 3.4527e-15 2.9114e-16
37.375 1.21558e-07 -4.12546e-09 3.46112e-15 2.43199e-16
37.4062 1.21427e-07 -4.2352e-09 3.46771e-15 1.76603e-16
37.4375 1.21293e-07 -4.34519e-09 3.47199e-15 9.3057e-17
37.4688 1.21155e-07 -4.46772e-09 3.47333e-15 -6.58518e-18
37.5 1.21014e-07 -4.58847e-09 3.47192e-15 -7.65274e-17
37.5312 1.20869e-07 -4.70294e-09 3.46874e-15 -1.29171e-16
37.5625 1.2072e-07 -4.8247e-09 3.46359e-15 -2.02248e-16
37.5938 1.20567e-07 -4.94568e-09 3.45629e-15 -2.59315e-16
37.625 1.20411e-07 -5.06283e-09 3.44758e-15 -2.98915e-16
37.6562 1.2025e-07 -5.18648e-09 3.43742e-15 -3.53735e-16
37.6875 1.20086e-07 -5.30829e-09 3.42546e-15 -4.10601e-16
37.7188 1.19919e-07 -5.43038e-09 3.41175e-15 -4.68251e-16
37.75 1.19747e-07 -5.5661e-09 3.3962e-15 -5.25433e-16
37.7812 1.19571e-07 -5.70688e-09 3.37902e-15 -5.73578e-16
37.8125 1.1939e-07 -5.8457e-09 3.36033e-15 -6.20761e-16
37.8438 1.19205e-07 -5.98352e-09 3.34059e-15 -6.32942e-16
37.875 1.19016e-07 -6.11901e-09 3.32126e-15 -6.01603e-16
37.9062 1.18823e-07 -6.25078e-09 3.30288e-15 -5.77531e-16
37.9375 1.18626e-07 -6.36281e-09 3.28527e-15 -5.42746e-16
37.9688 1.18426e-07 -6.4545e-09 3.26943e-15 -4.66342e-16
38 1.18222e-07 -6.5458e-09 3.25616e-15 -3.85175e-16
38.0312 1.18017e-07 -6.62308e-09 3.2452e-15 -3.17555e-16
38.0625 1.17809e-07 -6.68061e-09 3.23623e-15 -2.58467e-16
38.0938 1.17599e-07 -6.74891e-09 3.22902e-15 -2.01656e-16
38.125 1.17387e-07 -6.82801e-09 3.22369e-15 -1.40513e-16
38.1562 1.17172e-07 -6.90611e-09 3.22004e-15 -9.72712e-17
38.1875 1.16955e-07 -6.99258e-09 3.21755e-15 -5.78285e-17
38.2188 1.16735e-07 -7.08534e-09 3.21681e-15 1.51234e-17
38.25 1.16512e-07 -7.17939e-09 3.21838e-15 7.73998e-17
38.2812 1.16286e-07 -7.27277e-09 3.22118e-15 9.78339e-17
38.3125 1.16058e-07 -7.36506e-09 3.22451e-15 1.17688e-16
38.3438 1.15826e-07 -7.46842e-09 3.2285e-15 1.33445e-16
38.375 1.15591e-07 -7.57952e-09 3.23242e-15 1.09022e-16
38.4062 1.15352e-07 -7.6915e-09 3.23488e-15 4.37464e-17
38.4375 1.1511e-07 -7.81048e-09 3.235e-15 -3.46993e-17
38.4688 1.14864e-07 -7.9204e-09 3.23296e-15 -9.21063e-17
38.5 1.14615e-07 -8.01536e-09 3.22925e-15 -1.50261e-16
38.5312 1.14363e-07 -8.10996e-09 3.22327e-15 -2.33027e-16
38.5625 1.14108e-07 -8.1923e-09 3.21503e-15 -2.84736e-16
38.5938 1.13851e-07 -8.2629e-09 3.20582e-15 -3.06451e-16
38.625 1.13592e-07 -8.33564e-09 3.19548e-15 -3.62379e-16
38.6562 1.13331e-07 -8.39715e-09 3.18304e-15 -4.31533e-16
38.6875 1.13067e-07 -8.45535e-09 3.16863e-15 -4.91052e-16
38.7188 1.12802e-07 -8.52261e-09 3.15215e-15 -5.66839e-16
38.75 1.12535e-07 -8.57718e-09 3.1332e-15 -6.44218e-16
38.7812 1.12266e-07 -8.6255e-09 3.11198e-15 -7.13137e-16
38.8125 1.11995e-07 -8.68365e-09 3.08869e-15 -7.74386e-16
38.8438 1.11723e-07 -8.73308e-09 3.06396e-15 -8.018e-16
38.875 1.1145e-07 -8.77309e-09 3.0388e-15 -8.07839e-16
38.9062 1.11175e-07 -8.81251e-09 3.01356e-15 -8.02562e-16
38.9375 1.10899e-07 -8.83935e-09 2.98909e-15 -7.56384e-16
38.9688 1.10623e-07 -8.85906e-09 2.96643e-15 -6.97094e-16
39 1.10345e-07 -8.88258e-09 2.94522e-15 -6.63984e-16
39.0312 1.10068e-07 -8.89863e-09 2.92495e-15 -6.30106e-16
39.0625 1.09789e-07 -8.90965e-09 2.906e-15 -5.82251e-16
39.0938 1.09511e-07 -8.93436e-09 2.88845e-15 -5.44008e-16
39.125 1.09231e-07 -8.96695e-09 2.87176e-15 -5.27259e-16
39.1562 1.0895e-07 -8.9941e-09 2.85542e-15 -5.17344e-16
39.1875 1.08669e-07 -9.02955e-09 2.83965e-15 -4.88218e-16
39.2188 1.08386e-07 -9.07878e-09 2.82498e-15 -4.52638e-16
39.25 1.08101e-07 -9.11979e-09 2.81117e-15 -4.32534e-16
39.2812 1.07816e-07 -9.14847e-09 2.79805e-15 -4.03852e-16
39.3125 1.07529e-07 -9.17721e-09 2.78605e-15 -3.65268e-16
39.3438 1.07242e-07 -9.20412e-09 2.77488e-15 -3.57749e-16
39.375 1.06954e-07 -9.22805e-09 2.76328e-15 -3.88421e-16
39.4062 1.06665e-07 -9.2586e-09 2.75053e-15 -4.26836e-16
39.4375 1.06375e-07 -9.30756e-09 2.73666e-15 -4.6153e-16
39.4688 1.06083e-07 -9.37741e-09 2.7214e-15 -5.22037e-16
39.5 1.05789e-07 -9.45612e-09 2.70372e-15 -6.09946e-16
39.5312 1.05492e-07 -9.54284e-09 2.68358e-15 -6.71322e-16
39.5625 1.05193e-07 -9.64373e-09 2.66209e-15 -7.03625e-16
39.5938 1.0489e-07 -9.74855e-09 2.63941e-15 -7.51996e-16
39.625 1.04583e-07 -9.85976e-09 2.61498e-15 -8.10369e-16
39.6562 1.04273e-07 -9.98863e-09 2.58891e-15 -8.56309e-16
39.6875 1.03959e-07 -1.01224e-08 2.56151e-15 -8.98337e-16
39.7188 1.03641e-07 -1.02555e-08 2.53255e-15 -9.60051e-16
39.75 1.03318e-07 -1.03961e-08 2.50125e-15 -1.0438e-15
39.7812 1.02991e-07 -1.05349e-08 2.46762e-15 -1.09943e-15
39.8125 1.0266e-07 -1.06637e-08 2.43299e-15 -1.11405e-15
39.8438 1.02324e-07 -1.07854e-08 2.39792e-15 -1.1317e-15
39.875 1.01986e-07 -1.08977e-08 2.36252e-15 -1.12415e-15
39.9062 1.01643e-07 -1.10024e-08 2.3283e-15 -1.05982e-15
39.9375 1.01298e-07 -1.11049e-08 2.29631e-15 -9.89857e-16
39.9688 1.00949e-07 -1.12012e-08 2.26638e-15 -9.23159e-16
40 1.00598e-07 -1.12908e-08 2.23884e-15 -8.37529e-16
40.0312 1.00244e-07 -1.13848e-08 2.21399e-15 -7.55781e-16
40.0625 9.98863e-08 -1.14867e-08 2.19143e-15 -6.90604e-16
40.0938 9.95257e-08 -1.15905e-08 2.17064e-15 -6.43223e-16
40.125 9.91619e-08 -1.16978e-08 2.15117e-15 -5.99794e-16
40.1562 9.87945e-08 -1.18137e-08 2.13342e-15 -5.32685e-16
40.1875 9.84235e-08 -1.19338e-08 2.11786e-15 -4.67106e-16
40.2188 9.80486e-08 -1.20543e-08 2.10402e-15 -4.19511e-16
40.25 9.76701e-08 -1.21746e-08 2.09181e-15 -3.57533e-16
40.2812 9.72878e-08 -1.22923e-08 2.08178e-15 -2.85424e-16
40.3125 9.69018e-08 -1.24098e-08 2.07381e-15 -2.28123e-16
40.3438 9.65121e-08 -1.25271e-08 2.06726e-15 -1.95678e-16
40.375 9.61189e-08 -1.26372e-08 2.06132e-15 -1.86918e-16
40.4062 9.57224e-08 -1.27447e-08 2.05551e-15 -1.87097e-16
40.4375 9.53222e-08 -1.28655e-08 2.04929e-15 -2.19948e-16
40.4688 9.49182e-08 -1.29954e-08 2.04128e-15 -2.95574e-16
40.5 9.45101e-08 -1.31204e-08 2.03104e-15 -3.52608e-16
40.5312 9.40981e-08 -1.32533e-08 2.01945e-15 -3.91475e-16
40.5625 9.36816e-08 -1.33961e-08 2.00622e-15 -4.59717e-16
40.5938 9.32611e-08 -1.35158e-08 1.99077e-15 -5.23784e-16
40.625 9.28371e-08 -1.36145e-08 1.97383e-15 -5.57091e-16
40.6562 9.24101e-08 -1.3716e-08 1.95595e-15 -5.89205e-16
40.6875 9.198e-08 -1.38048e-08 1.93683e-15 -6.38601e-16
40.7188 9.15474e-08 -1.3883e-08 1.91579e-15 -7.10341e-16
40.75 9.11122e-08 -1.39732e-08 1.89251e-15 -7.74422e-16
40.7812 9.06741e-08 -1.40607e-08 1.86769e-15 -8.13569e-16
40.8125 9.02335e-08 -1.41418e-08 1.84141e-15 -8.73782e-16
40.8438 8.97902e-08 -1.42305e-08 1.81309e-15 -9.30744e-16
40.875 8.93441e-08 -1.43153e-08 1.784e-15 -9.20367e-16
40.9062 8.88955e-08 -1.43967e-08 1.75579e-15 -8.87041e-16
40.9375 8.84443e-08 -1.44792e-08 1.72843e-15 -8.63011e-16
40.9688 8.79906e-08 -1.45556e-08 1.70215e-15 -8.13534e-16
41 8.75345e-08 -1.46376e-08 1.67771e-15 -7.51529e-16
41.0312 8.70758e-08 -1.4721e-08 1.65505e-15 -7.00484e-16
41.0625 8.66146e-08 -1.47892e-08 1.63381e-15 -6.61604e-16
41.0938 8.61514e-08 -1.48573e-08 1.61359e-15 -6.31809e-16
41.125 8.5686e-08 -1.49241e-08 1.59451e-15 -5.85695e-16
41.1562 8.52188e-08 -1.49773e-08 1.57703e-15 -5.36701e-16
41.1875 8.475e-08 -1.50289e-08 1.56071e-15 -5.0791e-16
41.2188 8.42796e-08 -1.50737e-08 1.54561e-15 -4.50086e-16
41.25 8.3808e-08 -1.51084e-08 1.53297e-15 -3.58503e-16
41.2812 8.33352e-08 -1.51507e-08 1.52286e-15 -2.96098e-16
41.3125 8.28611e-08 -1.51935e-08 1.51421e-15 -2.57426e-16
41.3438 8.23857e-08 -1.5234e-08 1.50685e-15 -2.13474e-16
41.375 8.19088e-08 -1.52908e-08 1.50066e-15 -1.88893e-16
41.4062 8.14298e-08 -1.53611e-08 1.49463e-15 -2.03244e-16
41.4375 8.09486e-08 -1.54378e-08 1.48768e-15 -2.44128e-16
41.4688 8.04649e-08 -1.55265e-08 1.47932e-15 -2.90111e-16
41.5 7.99781e-08 -1.56276e-08 1.46954e-15 -3.37608e-16
41.5312 7.9488e-08 -1.57404e-08 1.45806e-15 -3.9898e-16
41.5625 7.89943e-08 -1.58594e-08 1.44462e-15 -4.58075e-16
41.5938 7.84968e-08 -1.59758e-08 1.42973e-15 -4.90979e-16
41.625 7.79958e-08 -1.60881e-08 1.41406e-15 -5.11843e-16
41.6562 7.74914e-08 -1.61948e-08 1.39758e-15 -5.4679e-16
41.6875 7.69838e-08 -1.62901e-08 1.37974e-15 -5.94852e-16
41.7188 7.64734e-08 -1.63716e-08 1.36056e-15 -6.28797e-16
41.75 7.59606e-08 -1.64515e-08 1.34052e-15 -6.57058e-16
41.7812 7.5445e-08 -1.65444e-08 1.31909e-15 -7.20842e-16
41.8125 7.49265e-08 -1.66361e-08 1.29545e-15 -7.85339e-16
41.8438 7.44054e-08 -1.67166e-08 1.27061e-15 -7.96537e-16
41.875 7.38817e-08 -1.68002e-08 1.24583e-15 -7.90631e-16
41.9062 7.33555e-08 -1.68747e-08 1.22114e-15 -7.87145e-16
41.9375 7.28273e-08 -1.69234e-08 1.19704e-15 -7.46678e-16
41.9688 7.22978e-08 -1.69644e-08 1.17487e-15 -6.69077e-16
42 7.17671e-08 -1.69999e-08 1.15527e-15 -5.87216e-16
42.0312 7.12355e-08 -1.70164e-08 1.13796e-15 -5.2435e-16
42.0625 7.07036e-08 -1.70283e-08 1.12236e-15 -4.73204e-16
42.0938 7.01712e-08 -1.70466e-08 1.10856e-15 -4.07855e-16
42.125 6.96383e-08 -1.70581e-08 1.09679e-15 -3.50403e-16
42.1562 6.91052e-08 -1.70599e-08 1.08634e-15 -3.19698e-16
42.1875 6.8572e-08 -1.70647e-08 1.07703e-15 -2.69372e-16
42.2188 6.80386e-08 -1.70735e-08 1.06981e-15 -1.92695e-16
42.25 6.7505e-08 -1.70768e-08 1.06478e-15 -1.33566e-16
42.2812 6.69713e-08 -1.70773e-08 1.06132e-15 -8.74371e-17
42.3125 6.64376e-08 -1.70796e-08 1.05944e-15 -3.06791e-17
42.3438 6.59039e-08 -1.70769e-08 1.05934e-15 1.94358e-17
42.375 6.53703e-08 -1.70717e-08 1.06018e-15 2.54128e-17
42.4062 6.48369e-08 -1.70649e-08 1.06046e-15 -1.09683e-17
42.4375 6.43039e-08 -1.70465e-08 1.05953e-15 -4.66035e-17
42.4688 6.37716e-08 -1.70235e-08 1.05752e-15 -8.63087e-17
42.5 6.324e-08 -1.69979e-08 1.05376e-15 -1.58729e-16
42.5312 6.27094e-08 -1.69564e-08 1.04762e-15 -2.30354e-16
42.5625 6.21803e-08 -1.69057e-08 1.03965e-15 -2.76305e-16
42.5938 6.16528e-08 -1.68537e-08 1.03038e-15 -3.18564e-16
42.625 6.1127e-08 -1.67955e-08 1.01965e-15 -3.69845e-16
42.6562 6.06031e-08 -1.67365e-08 1.0072e-15 -4.25971e-16
42.6875 6.0081e-08 -1.66743e-08 9.93175e-16 -4.68702e-16
42.7188 5.9561e-08 -1.66085e-08 9.77913e-16 -5.12732e-16
42.75 5.90429e-08 -1.65525e-08 9.60656e-16 -5.98126e-16
42.7812 5.85264e-08 -1.64972e-08 9.40518e-16 -6.84573e-16
42.8125 5.80118e-08 -1.64387e-08 9.18328e-16 -7.31479e-16
42.8438 5.74988e-08 -1.63973e-08 8.94733e-16 -7.82072e-16
42.875 5.69869e-08 -1.63625e-08 8.69444e-16 -8.3121e-16
42.9062 5.64763e-08 -1.63145e-08 8.43316e-16 -8.32278e-16
42.9375 5.59674e-08 -1.6257e-08 8.17811e-16 -7.96191e-16
42.9688 5.54604e-08 -1.61834e-08 7.9373e-16 -7.43098e-16
43 5.49561e-08 -1.60929e-08 7.71382e-16 -6.88577e-16
43.0312 5.44547e-08 -1.59958e-08 7.5065e-16 -6.36302e-16
43.0625 5.39565e-08 -1.58866e-08 7.31881e-16 -5.61114e-16
43.0938 5.34618e-08 -1.57768e-08 7.15486e-16 -4.9565e-16
43.125 5.29703e-08 -1.56804e-08 7.00374e-16 -4.7595e-16
43.1562 5.24818e-08 -1.55807e-08 6.85923e-16 -4.40827e-16
43.1875 5.19965e-08 -1.54821e-08 6.73214e-16 -3.71687e-16
43.2188 5.1514e-08 -1.53978e-08 6.62451e-16 -3.21967e-16
43.25 5.10342e-08 -1.53054e-08 6.53045e-16 -2.76136e-16
43.2812 5.05575e-08 -1.5207e-08 6.45512e-16 -2.02492e-16
43.3125 5.00835e-08 -1.51272e-08 6.40379e-16 -1.29504e-16
43.3438 4.9612e-08 -1.50504e-08 6.37095e-16 -8.6396e-17
43.375 4.9143e-08 -1.49664e-08 6.34675e-16 -7.16587e-17
43.4062 4.86764e-08 -1.48973e-08 6.32545e-16 -6.48203e-17
43.4375 4.82117e-08 -1.48433e-08 6.30502e-16 -7.11206e-17
43.4688 4.77487e-08 -1.47915e-08 6.2762e-16 -1.20886e-16
43.5 4.72872e-08 -1.4748e-08 6.22739e-16 -1.8962e-16
43.5312 4.68268e-08 -1.47178e-08 6.16063e-16 -2.32974e-16
43.5625 4.63673e-08 -1.46945e-08 6.08275e-16 -2.67232e-16
43.5938 4.59084e-08 -1.46748e-08 5.99179e-16 -3.17156e-16
43.625 4.545e-08 -1.46601e-08 5.88463e-16 -3.65939e-16
43.6562 4.49921e-08 -1.46481e-08 5.7655e-16 -3.93301e-16
43.6875 4.45345e-08 -1.46359e-08 5.63869e-16 -4.22594e-16
43.7188 4.40773e-08 -1.46266e-08 5.49734e-16 -4.87578e-16
43.75 4.36204e-08 -1.4615e-08 5.33355e-16 -5.56315e-16
43.7812 4.3164e-08 -1.45909e-08 5.15304e-16 -5.96125e-16
43.8125 4.27085e-08 -1.45608e-08 4.95966e-16 -6.46579e-16
43.8438 4.2254e-08 -1.45292e-08 4.74745e-16 -7.085e-16
43.875 4.18006e-08 -1.44839e-08 4.52177e-16 -7.26153e-16
43.9062 4.13488e-08 -1.443e-08 4.2981e-16 -7.01521e-16
43.9375 4.08987e-08 -1.438e-08 4.08438e-16 -6.65213e-16
43.9688 4.04501e-08 -1.43244e-08 3.88337e-16 -6.18954e-16
44 4.00035e-08 -1.42564e-08 3.69951e-16 -5.53558e-16
44.0312 3.95592e-08 -1.41823e-08 3.53996e-16 -4.65407e-16
44.0625 3.91172e-08 -1.41069e-08 3.4072e-16 -3.90839e-16
44.0938 3.86774e-08 -1.40397e-08 3.29136e-16 -3.54163e-16
44.125 3.82396e-08 -1.39821e-08 3.18708e-16 -3.07665e-16
44.1562 3.78035e-08 -1.39274e-08 3.10127e-16 -2.42725e-16
44.1875 3.7369e-08 -1.38829e-08 3.03225e-16 -2.04395e-16
44.2188 3.69357e-08 -1.38446e-08 2.97276e-16 -1.7268e-16
44.25 3.65038e-08 -1.37936e-08 2.92807e-16 -1.07751e-16
44.2812 3.60738e-08 -1.37313e-08 2.90702e-16 -2.77854e-17
44.3125 3.56457e-08 -1.36612e-08 2.90872e-16 3.42548e-17
44.3438 3.52201e-08 -1.35755e-08 2.92609e-16 7.49349e-17
44.375 3.47973e-08 -1.34827e-08 2.95541e-16 1.12993e-16
44.4062 3.43774e-08 -1.33937e-08 2.99533e-16 1.36435e-16
44.4375 3.39602e-08 -1.33065e-08 3.03525e-16 1.10337e-16
44.4688 3.35457e-08 -1.32217e-08 3.0612e-16 5.53828e-17
44.5 3.31338e-08 -1.31416e-08 3.07123e-16 1.09038e-17
44.5312 3.27242e-08 -1.30717e-08 3.06764e-16 -3.70946e-17
44.5625 3.23167e-08 -1.30119e-08 3.04566e-16 -1.06025e-16
44.5938 3.1911e-08 -1.29499e-08 3.00188e-16 -1.69978e-16
44.625 3.15073e-08 -1.28893e-08 2.94311e-16 -2.00925e-16
44.6562 3.11053e-08 -1.28418e-08 2.87703e-16 -2.25776e-16
44.6875 3.07047e-08 -1.27945e-08 2.79793e-16 -2.86127e-16
44.7188 3.03057e-08 -1.27398e-08 2.6978e-16 -3.50386e-16
44.75 2.99084e-08 -1.26944e-08 2.58196e-16 -3.89535e-16
44.7812 2.95122e-08 -1.26588e-08 2.4519e-16 -4.49613e-16
44.8125 2.91173e-08 -1.26168e-08 2.29862e-16 -5.2965e-16
44.8438 2.87237e-08 -1.25744e-08 2.12468e-16 -5.76205e-16
44.875 2.83313e-08 -1.25392e-08 1.94175e-16 -5.91632e-16
44.9062 2.79401e-08 -1.2497e-08 1.75627e-16 -5.92989e-16
44.9375 2.75503e-08 -1.2452e-08 1.57292e-16 -5.77259e-16
44.9688 2.71617e-08 -1.24159e-08 1.39826e-16 -5.34248e-16
45 2.67743e-08 -1.23724e-08 1.24327e-16 -4.53069e-16
45.0312 2.63885e-08 -1.23238e-08 1.1145e-16 -3.77269e-16
45.0625 2.6004e-08 -1.22842e-08 1.00355e-16 -3.34896e-16
45.0938 2.56209e-08 -1.22298e-08 9.07541e-17 -2.72964e-16
45.125 2.52398e-08 -1.21607e-08 8.34657e-17 -1.97037e-16
45.1562 2.48607e-08 -1.21065e-08 7.79859e-17 -1.60234e-16
45.1875 2.44831e-08 -1.20556e-08 7.33807e-17 -1.30173e-16
45.2188 2.41073e-08 -1.19995e-08 7.02302e-17 -6.65095e-17
45.25 2.3733e-08 -1.19519e-08 6.93403e-17 8.65214e-18
45.2812 2.33603e-08 -1.19051e-08 7.06331e-17 7.16205e-17
45.3125 2.2989e-08 -1.18581e-08 7.37353e-17 1.27516e-16
45.3438 2.26191e-08 -1.18157e-08 7.87398e-17 1.95005e-16
45.375 2.22505e-08 -1.1772e-08 8.58583e-17 2.54864e-16
45.4062 2.18832e-08 -1.17418e-08 9.41034e-17 2.63392e-16
45.4375 2.15164e-08 -1.17316e-08 1.01964e-16 2.38459e-16
45.4688 2.11499e-08 -1.17323e-08 1.09051e-16 2.14994e-16
45.5 2.0783e-08 -1.17517e-08 1.15206e-16 1.73399e-16
45.5312 2.04152e-08 -1.17829e-08 1.19567e-16 1.02853e-16
45.5625 2.00466e-08 -1.18095e-08 1.2167e-16 3.53452e-17
45.5938 1.96772e-08 -1.18341e-08 1.22088e-16 -3.91824e-18
45.625 1.93071e-08 -1.18513e-08 1.21536e-16 -3.33186e-17
45.6562 1.89366e-08 -1.1857e-08 1.19752e-16 -8.44429e-17
45.6875 1.85661e-08 -1.18512e-08 1.16282e-16 -1.3309e-16
45.7188 1.81961e-08 -1.18296e-08 1.11747e-16 -1.55506e-16
45.75 1.78268e-08 -1.18071e-08 1.06302e-16 -2.01128e-16
45.7812 1.74581e-08 -1.17853e-08 9.87772e-17 -2.81828e-16
45.8125 1.70904e-08 -1.17485e-08 8.89205e-17 -3.42878e-16
45.8438 1.67238e-08 -1.17149e-08 7.76183e-17 -3.78966e-16
45.875 1.63581e-08 -1.16914e-08 6.52384e-17 -4.13056e-16
45.9062 1.59932e-08 -1.16564e-08 5.19321e-17 -4.34428e-16
45.9375 1.56296e-08 -1.16145e-08 3.84674e-17 -4.19592e-16
45.9688 1.52673e-08 -1.15722e-08 2.61821e-17 -3.61239e-16
46 1.49064e-08 -1.15227e-08 1.59463e-17 -2.97132e-16
46.0312 1.45472e-08 -1.14671e-08 7.39032e-18 -2.50951e-16
46.0625 1.41898e-08 -1.14023e-08 5.11583e-19 -1.83162e-16
46.0938 1.38346e-08 -1.13309e-08 -3.89708e-18 -1.02375e-16
46.125 1.34817e-08 -1.12558e-08 -6.35302e-18 -6.23376e-17
46.1562 1.31313e-08 -1.11638e-08 -7.95284e-18 -3.70598e-17
46.1875 1.27841e-08 -1.10602e-08 -8.34432e-18 1.62539e-17
46.2188 1.24401e-08 -1.09548e-08 -6.88467e-18 7.50106e-17
46.25 1.20995e-08 -1.0841e-08 -3.83364e-18 1.18335e-16
46.2812 1.17625e-08 -1.07278e-08 5.37376e-19 1.6433e-16
46.3125 1.1429e-08 -1.06152e-08 6.70288e-18 2.3408e-16
46.3438 1.10992e-08 -1.04844e-08 1.51857e-17 3.04408e-16
46.375 1.07738e-08 -1.0348e-08 2.52474e-17 3.3139e-16
46.4062 1.04524e-08 -1.02177e-08 3.56058e-17 3.30997e-16
46.4375 1.01353e-08 -1.00748e-08 4.59838e-17 3.32365e-16
46.4688 9.8228e-09 -9.92594e-09 5.60801e-17 3.05871e-16
46.5 9.51473e-09 -9.79373e-09 6.46244e-17 2.35965e-16
46.5312 9.21064e-09 -9.66704e-09 7.07733e-17 1.60353e-16
46.5625 8.91061e-09 -9.53494e-09 7.49157e-17 1.08673e-16
46.5938 8.61463e-09 -9.40923e-09 7.76314e-17 6.27747e-17
46.625 8.32252e-09 -9.28359e-09 7.86012e-17 -3.15123e-18
46.6562 8.03454e-09 -9.14577e-09 7.75715e-17 -5.61948e-17
46.6875 7.75088e-09 -9.01033e-09 7.54856e-17 -7.5124e-17
46.7188 7.4713e-09 -8.88326e-09 7.26182e-17 -1.1657e-16
46.75 7.19569e-09 -8.75644e-09 6.78148e-17 -1.92032e-16
46.7812 6.92393e-09 -8.63866e-09 6.08161e-17 -2.51307e-16
46.8125 6.65566e-09 -8.53156e-09 5.22324e-17 -2.99187e-16
46.8438 6.39069e-09 -8.4269e-09 4.1983e-17 -3.58014e-16
46.875 6.12892e-09 -8.32707e-09 2.99263e-17 -4.10083e-16
46.9062 5.87031e-09 -8.22101e-09 1.67099e-17 -4.28171e-16
46.9375 5.61528e-09 -8.09939e-09 3.66037e-18 -4.00663e-16
46.9688 5.36413e-09 -7.97363e-09 -8.17894e-18 -3.58264e-16
47 5.11706e-09 -7.83445e-09 -1.88078e-17 -3.20132e-16
47.0312 4.87476e-09 -7.66948e-09 -2.78026e-17 -2.47545e-16
47.0625 4.63778e-09 -7.49847e-09 -3.40294e-17 -1.53452e-16
47.0938 4.40607e-09 -7.33027e-09 -3.78426e-17 -9.84434e-17
47.125 4.17972e-09 -7.15485e-09 -4.03865e-17 -6.23287e-17
47.1562 3.9589e-09 -6.97905e-09 -4.14791e-17 -4.48959e-18
47.1875 3.74341e-09 -6.81368e-09 -4.06903e-17 5.16267e-17
47.2188 3.53297e-09 -6.65493e-09 -3.84884e-17 8.68707e-17
47.25 3.32747e-09 -6.49704e-09 -3.52302e-17 1.25179e-16
47.2812 3.12686e-09 -6.34346e-09 -3.03408e-17 1.92646e-16
47.3125 2.93088e-09 -6.20169e-09 -2.30983e-17 2.67829e-16
47.3438 2.73915e-09 -6.07022e-09 -1.397e-17 3.10494e-16
47.375 2.55147e-09 -5.94076e-09 -3.83839e-18 3.39277e-16
47.4062 2.36786e-09 -5.81011e-09 7.33537e-18 3.74659e-16
47.4375 2.18836e-09 -5.67748e-09 1.92116e-17 3.76162e-16
47.4688 2.01306e-09 -5.54151e-09 3.0297e-17 3.27265e-16
47.5 1.84201e-09 -5.40602e-09 3.95256e-17 2.64217e-16
47.5312 1.67515e-09 -5.27295e-09 4.69306e-17 2.11166e-16
47.5625 1.51249e-09 -5.13716e-09 5.26738e-17 1.53061e-16
47.5938 1.35406e-09 -5.00332e-09 5.6247e-17 7.34858e-17
47.625 1.19968e-09 -4.8775e-09 5.74324e-17 9.53159e-18
47.6562 1.0493e-09 -4.74409e-09 5.7297e-17 -1.46891e-17
47.6875 9.0334e-10 -4.59625e-09 5.63485e-17 -5.29243e-17
47.7188 7.62017e-10 -4.44929e-09 5.36515e-17 -1.20525e-16
47.75 6.25269e-10 -4.30119e-09 4.90317e-17 -1.70353e-16
47.7812 4.93282e-10 -4.1456e-09 4.31085e-17 -2.11176e-16
47.8125 3.66102e-10 -3.99578e-09 3.55512e-17 -2.76641e-16
47.8438 2.43467e-10 -3.85293e-09 2.57389e-17 -3.49284e-16
47.875 1.25355e-10 -3.70487e-09 1.40234e-17 -3.93737e-16
47.9062 1.19767e-11 -3.55079e-09 1.55536e-18 -3.98975e-16
47.9375 -9.65497e-11 -3.39446e-09 -1.07746e-17 -3.9042e-16
47.9688 -2.00101e-10 -3.23057e-09 -2.28114e-17 -3.76009e-16
48 -2.98274e-10 -3.04968e-09 -3.37778e-17 -3.16298e-16
48.0312 -3.90626e-10 -2.86138e-09 -4.22277e-17 -2.25134e-16
48.0625 -4.77181e-10 -2.67842e-09 -4.81839e-17 -1.62414e-16
48.0938 -5.57934e-10 -2.48729e-09 -5.25254e-17 -1.13021e-16
48.125 -6.32567e-10 -2.29039e-09 -5.49906e-17 -4.20999e-17
48.1562 -7.01236e-10 -2.10642e-09 -5.52455e-17 2.07867e-17
48.1875 -7.64219e-10 -1.92313e-09 -5.40417e-17 5.23095e-17
48.2188 -8.21377e-10 -1.73527e-09 -5.19915e-17 8.24107e-17
48.25 -8.72701e-10 -1.5486e-09 -4.8557e-17 1.42365e-16
48.2812 -9.18005e-10 -1.34793e-09 -4.29942e-17 2.11213e-16
48.3125 -9.56866e-10 -1.1396e-09 -3.56303e-17 2.56467e-16
48.3438 -9.89228e-10 -9.29488e-10 -2.69631e-17 3.0161e-16
48.375 -1.01474e-09 -7.00543e-10 -1.65832e-17 3.62741e-16
48.4062 -1.03306e-09 -4.76132e-10 -4.59022e-18 3.96391e-16
48.4375 -1.04473e-09 -2.71343e-10 7.65862e-18 3.81025e-16
48.4688 -1.04991e-09 -5.77615e-11 1.90142e-17 3.44986e-16
48.5 -1.04838e-09 1.5144e-10 2.92205e-17 3.07511e-16
48.5312 -1.04072e-09 3.35824e-10 3.80449e-17 2.51852e-16
48.5625 -1.02746e-09 5.12002e-10 4.46123e-17 1.65305e-16
48.5938 -1.00889e-09 6.72185e-10 4.8508e-17 9.09613e-17
48.625 -9.85711e-10 8.08523e-10 5.07511e-17 5.62932e-17
48.6562 -9.58424e-10 9.36958e-10 5.18914e-17 1.0722e-17
48.6875 -9.27273e-10 1.05403e-09 5.11773e-17 -5.53601e-17
48.7188 -8.92663e-10 1.16075e-09 4.87524e-17 -9.41267e-17
48.75 -8.54662e-10 1.2727e-09 4.53869e-17 -1.24733e-16
48.7812 -8.13075e-10 1.38891e-09 4.06084e-17 -1.85983e-16
48.8125 -7.67867e-10 1.504e-09 3.36402e-17 -2.59085e-16
48.8438 -7.19117e-10 1.61512e-09 2.45887e-17 -3.16162e-16
48.875 -6.66962e-10 1.72282e-09 1.41482e-17 -3.4863e-16
48.9062 -6.1141e-10 1.83286e-09 2.86856e-18 -3.7409e-16
48.9375 -5.52431e-10 1.94098e-09 -9.20331e-18 -3.94069e-16
48.9688 -4.90112e-10 2.04845e-09 -2.11853e-17 -3.61437e-16
49 -4.24288e-10 2.16602e-09 -3.13255e-17 -2.86463e-16
49.0312 -3.54706e-10 2.28647e-09 -3.93156e-17 -2.2927e-16
49.0625 -2.81447e-10 2.4016e-09 -4.56685e-17 -1.73022e-16
49.0938 -2.04595e-10 2.51725e-09 -4.98092e-17 -8.92714e-17
49.125 -1.2415e-10 2.62953e-09 -5.13668e-17 -1.60687e-17
49.1562 -4.04051e-11 2.72754e-09 -5.12048e-17 2.16745e-17
49.1875 4.62121e-11 2.81546e-09 -5.01033e-17 5.07833e-17
49.2188 1.35585e-10 2.90483e-09 -4.77885e-17 1.01221e-16
49.25 2.27723e-10 2.99005e-09 -4.37154e-17 1.5687e-16
49.2812 3.22331e-10 3.06386e-09 -3.82413e-17 1.90633e-16
49.3125 4.19283e-10 3.14373e-09 -3.17107e-17 2.3268e-16
49.3438 5.18946e-10 3.23506e-09 -2.33694e-17 3.03114e-16
49.375 6.21383e-10 3.31891e-09 -1.29712e-17 3.552e-16
49.4062 7.26332e-10 3.39847e-09 -1.61573e-18 3.66591e-16
49.4375 8.33833e-10 3.48118e-09 9.80551e-18 3.63908e-16
49.4688 9.43776e-10 3.55221e-09 2.10675e-17 3.54168e-16
49.5 1.05569e-09 3.60907e-09 3.16169e-17 3.13667e-16
49.5312 1.16929e-09 3.66062e-09 4.02184e-17 2.31995e-16
49.5625 1.28447e-09 3.71104e-09 4.61327e-17 1.5169e-16
49.5938 1.4013e-09 3.76784e-09 5.00802e-17 1.04275e-16
49.625 1.51999e-09 3.8277e-09 5.25281e-17 4.69259e-17
49.6562 1.64049e-09 3.8843e-09 5.28103e-17 -2.68402e-17
49.6875 1.76284e-09 3.94793e-09 5.1259e-17 -6.50633e-17
49.7188 1.88735e-09 4.02166e-09 4.89228e-17 -8.71213e-17
49.75 2.01419e-09 4.09593e-09 4.54823e-17 -1.37942e-16
49.7812 2.14335e-09 4.17066e-09 4.01824e-17 -2.00427e-16
49.8125 2.27493e-09 4.25155e-09 3.30806e-17 -2.51774e-16
49.8438 2.4091e-09 4.33552e-09 2.45597e-17 -2.92836e-16
49.875 2.54582e-09 4.4125e-09 1.4716e-17 -3.39346e-16
49.9062 2.6848e-09 4.48162e-09 3.32265e-18 -3.86162e-16
49.9375 2.82588e-09 4.54616e-09 -8.88859e-18 -3.84413e-16
49.9688 2.96884e-09 4.60184e-09 -2.02112e-17 -3.37883e-16
