0 0 0 0 0
0.03125 3.05176e-06 0.000195313 1.08766e-41 1.20832e-38
0.0625 1.2207e-05 0.000390625 7.17943e-32 3.677e-29
0.09375 2.74658e-05 0.000585937 2.68461e-26 8.99114e-24
0.125 4.88281e-05 0.00078125 2.08374e-22 5.14114e-20
0.15625 7.62939e-05 0.000976562 1.86515e-19 3.58228e-17
0.1875 0.000109863 0.00117188 4.07265e-17 6.30975e-15
0.21875 0.000149536 0.00136719 3.32699e-15 4.25935e-13
0.25 0.000195313 0.0015625 1.27703e-13 1.35412e-11
0.28125 0.000247192 0.00175781 2.6172e-12 2.30246e-10
0.3125 0.000305175 0.00195308 3.25039e-11 2.39604e-09
0.34375 0.000369259 0.00214827 2.65404e-10 1.61094e-08
0.375 0.000439447 0.00234395 1.45122e-09 7.00855e-08
0.40625 0.000515776 0.00254156 5.58001e-09 2.14254e-07
0.4375 0.000598304 0.00273974 1.63504e-08 4.99762e-07
0.46875 0.000686915 0.00292881 3.79276e-08 8.90591e-07
0.5 0.000781181 0.00310236 7.27596e-08 1.36483e-06
0.53125 0.000880853 0.00328027 1.25917e-07 2.08418e-06
0.5625 0.000986537 0.00348892 2.04854e-07 2.97879e-06
0.59375 0.0010991 0.00371521 3.13009e-07 3.97674e-06
0.625 0.0012187 0.00394015 4.56536e-07 5.25964e-06
0.65625 0.00134562 0.00418886 6.43798e-07 6.74165e-06
0.6875 0.00148073 0.004456 8.78711e-07 8.30957e-06
0.71875 0.0016236 0.0046768 1.16466e-06 1.00235e-05
0.75 0.00177251 0.00484995 1.50743e-06 1.194e-05
0.78125 0.00192673 0.00501999 1.91055e-06 1.38254e-05
0.8125 0.00208592 0.00515894 2.37024e-06 1.56205e-05
0.84375 0.00224869 0.00525509 2.89072e-06 1.7741e-05
0.875 0.00241448 0.00535895 3.47827e-06 1.98059e-05
0.90625 0.00258359 0.00545921 4.12782e-06 2.18354e-05
0.9375 0.00275543 0.00553855 4.84925e-06 2.43859e-05
0.96875 0.00293001 0.0056402 5.64884e-06 2.66925e-05
1 0.00310808 0.005755 6.51625e-06 2.89017e-05
1.03125 0.00328961 0.00586442 7.46096e-06 3.15805e-05
1.0625 0.00347496 0.00600435 8.48568e-06 3.39104e-05
1.09375 0.00366507 0.00616252 9.57956e-06 3.61631e-05
1.125 0.00386011 0.00632294 1.07493e-05 3.86899e-05
1.15625 0.00406063 0.00651597 1.19942e-05 4.09341e-05
1.1875 0.00426752 0.00672499 1.33081e-05 4.32072e-05
1.21875 0.00448097 0.00693931 1.46965e-05 4.56399e-05
1.25 0.00470158 0.00718438 1.61595e-05 4.79838e-05
1.28125 0.00493009 0.0074398 1.76966e-05 5.04258e-05
1.3125 0.00516662 0.00770186 1.93134e-05 5.30849e-05
1.34375 0.00541176 0.00799048 2.10165e-05 5.59522e-05
1.375 0.00566605 0.00828276 2.28137e-05 5.91424e-05
1.40625 0.0059295 0.00858212 2.47164e-05 6.26316e-05
1.4375 0.00620267 0.00890257 2.67234e-05 6.56854e-05
1.46875 0.0064859 0.00922346 2.8817e-05 6.83568e-05
1.5 0.00677925 0.0095552 3.10092e-05 7.23006e-05
1.53125 0.00708323 0.00989854 3.33619e-05 7.8699e-05
1.5625 0.00739774 0.0102282 3.59485e-05 8.69651e-05
1.59375 0.00772256 0.0105632 3.87837e-05 9.39543e-05
1.625 0.00805814 0.0109158 4.17839e-05 9.76599e-05
1.65625 0.00840488 0.0112775 4.48875e-05 0.000101306
1.6875 0.00876312 0.0116505 4.81365e-05 0.000106758
1.71875 0.00913293 0.012014 5.15506e-05 0.000111454
1.75 0.00951388 0.0123682 5.50929e-05 0.000115343
1.78125 0.00990602 0.0127278 5.87788e-05 0.000120975
1.8125 0.0103091 0.0130599 6.26743e-05 0.000128464
1.84375 0.010722 0.0133691 6.68017e-05 0.000135468
1.875 0.0111449 0.0137054 7.11381e-05 0.000142349
1.90625 0.0115789 0.0140679 7.57327e-05 0.000152258
1.9375 0.0120242 0.0144357 8.06652e-05 0.000163194
1.96875 0.0124812 0.0148097 8.59169e-05 0.000172971
2 0.01295 0.0151958 9.1502e-05 0.000184953
2.03125 0.0134309 0.0155819 9.74781e-05 0.000197019
2.0625 0.0139235 0.0159349 0.00010378 0.000206056
2.09375 0.0144266 0.0162651 0.000110368 0.000215886
2.125 0.0149401 0.0165935 0.000117258 0.000224193
2.15625 0.0154633 0.0168861 0.000124315 0.000226678
2.1875 0.0159952 0.0171534 0.000131421 0.000228508
2.21875 0.0165356 0.0174354 0.000138603 0.000230625
2.25 0.0170847 0.0177063 0.000145777 0.000227618
2.28125 0.0176421 0.0179682 0.000152817 0.00022355
2.3125 0.0182081 0.0182581 0.000159794 0.000223287
2.34375 0.0187833 0.0185566 0.000166743 0.000220539
2.375 0.0193678 0.0188552 0.000173556 0.000216086
2.40625 0.019962 0.0191771 0.000180318 0.00021756
2.4375 0.0205665 0.0195099 0.000187147 0.000218558
2.46875 0.0211813 0.019837 0.000193937 0.000216309
2.5 0.0218064 0.020169 0.000200732 0.00021961
2.53125 0.0224419 0.0205053 0.000207669 0.000223529
2.5625 0.0230878 0.0208271 0.000214665 0.000224564
2.59375 0.0237435 0.0211361 0.00022178 0.00023209
2.625 0.0244087 0.0214361 0.000229179 0.000240293
2.65625 0.0250829 0.0217051 0.000236713 0.000241168
2.6875 0.0257651 0.0219534 0.000244267 0.000243029
2.71875 0.0264551 0.0222069 0.000251921 0.000246543
2.75 0.0271528 0.0224394 0.000259657 0.000248795
2.78125 0.0278572 0.0226431 0.000267527 0.000255953
2.8125 0.0285679 0.0228358 0.000275679 0.000265368
2.84375 0.0292842 0.0230015 0.000284089 0.000273095
2.875 0.0300053 0.0231516 0.000292808 0.0002862
2.90625 0.0307312 0.0233009 0.000302016 0.000302705
2.9375 0.0314614 0.0234331 0.000311664 0.000313896
2.96875 0.0321959 0.0235844 0.000321646 0.000326336
3 0.0329358 0.0237704 0.000332181 0.000349653
3.03125 0.0336813 0.0239351 0.000343544 0.000377279
3.0625 0.0344316 0.0240834 0.000355705 0.000399866
3.09375 0.0351867 0.0242424 0.000368466 0.000415698
3.125 0.0359466 0.0243891 0.000381628 0.000426333
3.15625 0.0367109 0.0245266 0.000395138 0.000439118
3.1875 0.0374796 0.0246734 0.000409075 0.000451576
3.21875 0.0382532 0.024839 0.000423239 0.000453556
3.25 0.0390324 0.0250342 0.000437472 0.00046003
3.28125 0.0398179 0.0252419 0.000452133 0.000478684
3.3125 0.0406101 0.0254619 0.000467292 0.000489313
3.34375 0.0414097 0.0257125 0.00048268 0.000496768
3.375 0.0422171 0.0259584 0.000498427 0.00051121
3.40625 0.0430318 0.0261829 0.000514544 0.000518415
3.4375 0.0438536 0.0264156 0.000530772 0.000520192
3.46875 0.0446827 0.0266356 0.000547042 0.000519952
3.5 0.045518 0.0268214 0.000563177 0.000511925
3.53125 0.046359 0.0270072 0.000579062 0.000505524
3.5625 0.0472059 0.0271941 0.000594754 0.000497269
3.59375 0.0480584 0.0273615 0.000610075 0.000483874
3.625 0.0489161 0.0275357 0.000625132 0.00048209
3.65625 0.0497796 0.0277284 0.00064022 0.000481599
3.6875 0.0506491 0.0279143 0.000655108 0.000470805
3.71875 0.0515242 0.0280982 0.000669738 0.000467757
3.75 0.0524053 0.0282939 0.000684413 0.000471225
3.78125 0.0532926 0.02849 0.00069918 0.000474708
3.8125 0.0541859 0.0286819 0.000714193 0.000487891
3.84375 0.0550852 0.0288687 0.000729701 0.000503828
3.875 0.0559899 0.029032 0.000745623 0.00051465
3.90625 0.0568993 0.0291622 0.000761876 0.000526165
3.9375 0.0578124 0.0292717 0.000778563 0.00054288
3.96875 0.0587286 0.0293661 0.000795855 0.000563596
4 0.0596474 0.0294306 0.000813685 0.000575214
4.03125 0.0605678 0.0294732 0.000831734 0.000580788
4.0625 0.0614896 0.0295216 0.000850109 0.000596797
4.09375 0.0624127 0.0295536 0.00086903 0.000613094
4.125 0.0633362 0.0295426 0.000888413 0.000628383
4.15625 0.064259 0.029516 0.000908323 0.000643821
4.1875 0.0651809 0.029483 0.000928391 0.000636559
4.21875 0.0661016 0.0294458 0.000948118 0.000630615
4.25 0.0670215 0.0294268 0.000968146 0.000653905
4.28125 0.0679409 0.0294135 0.000988868 0.000667885
4.3125 0.06886 0.029414 0.00100977 0.000672307
4.34375 0.0697796 0.0294487 0.0010312 0.000703449
4.375 0.0707003 0.0294685 0.00105375 0.000736776
4.40625 0.0716212 0.0294679 0.00107703 0.000751428
4.4375 0.0725423 0.0294873 0.00110072 0.000764503
4.46875 0.0734639 0.0294877 0.00112477 0.000773774
4.5 0.074385 0.0294585 0.00114907 0.000783072
4.53125 0.0753053 0.0294474 0.00117381 0.000800308
4.5625 0.0762255 0.0294401 0.001199 0.000810404
4.59375 0.0771452 0.0294227 0.00122459 0.000832857
4.625 0.0780645 0.0294165 0.0012514 0.000886011
4.65625 0.0789838 0.0294152 0.00127986 0.000932081
4.6875 0.0799029 0.0294106 0.00130965 0.00097825
4.71875 0.0808218 0.0293958 0.00134135 0.00105343
4.75 0.08174 0.029363 0.0013753 0.00111298
4.78125 0.0826569 0.0293176 0.00141064 0.00114894
4.8125 0.083572 0.0292457 0.00144736 0.00120583
4.84375 0.0844845 0.0291483 0.00148607 0.0012693
4.875 0.0853939 0.029055 0.0015266 0.00132481
4.90625 0.0863004 0.0289596 0.00156893 0.00138479
4.9375 0.0872036 0.0288482 0.00161301 0.00143332
4.96875 0.0881035 0.0287425 0.00165844 0.00147548
5 0.0890003 0.0286557 0.00170541 0.00153258
5.03125 0.0898946 0.0285829 0.00175425 0.00159243
5.0625 0.0907869 0.0285311 0.00180491 0.00164983
5.09375 0.0916781 0.0285115 0.00185733 0.00170349
5.125 0.0925691 0.0285106 0.0019112 0.00174171
5.15625 0.0934601 0.0285194 0.00196622 0.00178284
5.1875 0.0943517 0.0285464 0.00202276 0.00183474
5.21875 0.0952441 0.0285624 0.00208063 0.00186264
5.25 0.0961366 0.0285558 0.00213887 0.00186288
5.28125 0.0970292 0.0285796 0.00219708 0.00186374
5.3125 0.0979231 0.0286251 0.00225534 0.00186321
5.34375 0.0988181 0.0286531 0.00231346 0.00185641
5.375 0.0997141 0.0286977 0.00237139 0.00185084
5.40625 0.100612 0.0287602 0.00242897 0.00182995
5.4375 0.101511 0.0288068 0.00248562 0.00179697
5.46875 0.102412 0.028854 0.00254146 0.00177825
5.5 0.103315 0.0289045 0.0025966 0.00174477
5.53125 0.104219 0.0289604 0.00265019 0.00168525
5.5625 0.105125 0.029046 0.00270231 0.00165937
5.59375 0.106034 0.0291457 0.00275424 0.00166331
5.625 0.106947 0.0292596 0.00280606 0.00165102
5.65625 0.107864 0.0294082 0.00285755 0.00164978
5.6875 0.108785 0.0295619 0.00290952 0.00167908
5.71875 0.109711 0.0297009 0.00296244 0.00170476
5.75 0.110641 0.0298366 0.00301588 0.001714
5.78125 0.111576 0.0299605 0.00306956 0.00172208
5.8125 0.112514 0.030059 0.00312358 0.00173545
5.84375 0.113454 0.0301282 0.00317793 0.00174072
5.875 0.114396 0.0301845 0.0032323 0.00174009
5.90625 0.115341 0.0302377 0.00328695 0.00176294
5.9375 0.116286 0.0302694 0.00334274 0.00180963
5.96875 0.117232 0.0303013 0.00340007 0.00185886
6 0.11818 0.030349 0.00345886 0.00190202
6.03125 0.119129 0.0303657 0.00351883 0.00193581
6.0625 0.120078 0.0303613 0.00357995 0.00197925
6.09375 0.121027 0.0303725 0.00364266 0.00203231
6.125 0.121976 0.0303642 0.00370666 0.00205878
6.15625 0.122924 0.0303348 0.00377121 0.00207318
6.1875 0.123872 0.0303135 0.00383624 0.0020849
6.21875 0.124819 0.030281 0.00390111 0.00206215
6.25 0.125764 0.030241 0.00396524 0.00204935
6.28125 0.126709 0.0302077 0.00402954 0.00206474
6.3125 0.127652 0.0301694 0.00409377 0.00203655
6.34375 0.128595 0.0301511 0.00415666 0.00199369
6.375 0.129537 0.0301731 0.00421886 0.00199162
6.40625 0.130481 0.0302182 0.00428114 0.00199312
6.4375 0.131426 0.0302805 0.0043435 0.0020019
6.46875 0.132373 0.0303458 0.00440639 0.00202033
6.5 0.133322 0.0304068 0.00446951 0.00201747
6.53125 0.134274 0.0304755 0.00453268 0.00203113
6.5625 0.135227 0.0305247 0.00459658 0.00205418
6.59375 0.136181 0.0305497 0.00466066 0.00204352
6.625 0.137137 0.0305953 0.00472453 0.0020525
6.65625 0.138093 0.030641 0.00478929 0.00209247
6.6875 0.139051 0.030654 0.00485514 0.00211987
6.71875 0.140009 0.0306702 0.00492186 0.00215255
6.75 0.140968 0.0306871 0.0049896 0.00217859
6.78125 0.141927 0.0306703 0.00505782 0.00218909
6.8125 0.142885 0.0306434 0.00512675 0.0022265
6.84375 0.143842 0.0306227 0.00519683 0.00225032
6.875 0.144799 0.0305989 0.00526705 0.0022467
6.90625 0.145755 0.030589 0.00533794 0.00230293
6.9375 0.146711 0.0305959 0.00541123 0.00238116
6.96875 0.147667 0.0306116 0.00548621 0.00241509
7 0.148624 0.0306522 0.00556262 0.00248759
7.03125 0.149583 0.0307072 0.0056421 0.00259445
7.0625 0.150543 0.0307499 0.00572399 0.00263346
7.09375 0.151505 0.0307903 0.00580627 0.00263184
7.125 0.152468 0.030822 0.00588854 0.00263171
7.15625 0.153431 0.0308218 0.00597043 0.00260336
7.1875 0.154394 0.0308162 0.00605104 0.00255505
7.21875 0.155357 0.0308256 0.00613 0.00249449
7.25 0.15632 0.0308215 0.00620667 0.00240944
7.28125 0.157283 0.0308102 0.00628058 0.0023225
7.3125 0.158246 0.0308244 0.00635197 0.00224757
7.34375 0.15921 0.0308456 0.00642109 0.00217702
7.375 0.160174 0.0308536 0.00648803 0.00210598
7.40625 0.161138 0.0308752 0.00655254 0.00201868
7.4375 0.162104 0.0309194 0.00661399 0.00191275
7.46875 0.163071 0.0309649 0.00667224 0.00182102
7.5 0.164039 0.0310067 0.00672815 0.00175977
7.53125 0.165009 0.03104 0.00678208 0.00168428
7.5625 0.165979 0.0310508 0.00683295 0.00156774
7.59375 0.166949 0.0310504 0.00688026 0.00146874
7.625 0.16792 0.0310541 0.00692517 0.00140747
7.65625 0.16889 0.0310522 0.00696804 0.00133208
7.6875 0.16986 0.0310466 0.00700851 0.00126616
7.71875 0.170831 0.0310581 0.00704782 0.00125769
7.75 0.171802 0.0310737 0.00708738 0.00127479
7.78125 0.172773 0.031061 0.00712752 0.00129604
7.8125 0.173743 0.0310225 0.00716847 0.00132473
7.84375 0.174711 0.0309696 0.00721028 0.00135162
7.875 0.175678 0.0308823 0.00725311 0.00139422
7.90625 0.176641 0.0307513 0.00729764 0.00145612
7.9375 0.1776 0.0306005 0.00734401 0.00150937
7.96875 0.178553 0.0304368 0.00739199 0.00156513
8 0.179502 0.0302421 0.00744213 0.00164673
8.03125 0.180443 0.0300164 0.00749487 0.00172395
8.0625 0.181377 0.0297748 0.00754945 0.00176403
8.09375 0.182304 0.029519 0.00760507 0.00179796
8.125 0.183222 0.0292395 0.00766195 0.00184055
8.15625 0.184131 0.0289411 0.00771958 0.00183575
8.1875 0.185031 0.0286434 0.00777614 0.00178183
8.21875 0.185921 0.0283474 0.00783122 0.00175238
8.25 0.186803 0.0280559 0.00788623 0.00177438
8.28125 0.187675 0.0277951 0.00794227 0.00181
8.3125 0.18854 0.0275604 0.00799902 0.00181665
8.34375 0.189398 0.0273281 0.00805582 0.00182533
8.375 0.190248 0.0271058 0.00811361 0.0018771
8.40625 0.191092 0.0268851 0.00817278 0.00189712
8.4375 0.191928 0.0266478 0.00823168 0.00187388
8.46875 0.192757 0.0264029 0.00829032 0.00188278
8.5 0.193578 0.0261395 0.00834884 0.00184615
8.53125 0.194391 0.0258647 0.00840507 0.00175782
8.5625 0.195195 0.0256061 0.0084598 0.00176235
8.59375 0.195991 0.0253228 0.00851539 0.00178344
8.625 0.196777 0.0250086 0.00857047 0.00173938
8.65625 0.197554 0.0247252 0.00862477 0.00175057
8.6875 0.198323 0.0244488 0.00868026 0.00179777
8.71875 0.199082 0.0241616 0.00873703 0.00184164
8.75 0.199833 0.0239122 0.00879608 0.00194561
8.78125 0.200577 0.0236702 0.00885842 0.00203398
8.8125 0.201313 0.0234104 0.00892301 0.00210951
8.84375 0.20204 0.023166 0.00899114 0.0022567
8.875 0.20276 0.0229009 0.00906339 0.00234625
8.90625 0.203471 0.0226016 0.00913693 0.00236252
8.9375 0.204173 0.0223178 0.00921188 0.00244617
8.96875 0.204866 0.0220372 0.00928977 0.00252816
9 0.20555 0.0217454 0.00936933 0.00256331
9.03125 0.206225 0.0214714 0.00945037 0.00262909
9.0625 0.206892 0.0212153 0.00953353 0.00268534
9.09375 0.207551 0.0209593 0.00961785 0.00271018
9.125 0.208202 0.0206902 0.00970292 0.00273079
9.15625 0.208844 0.0204161 0.00978805 0.00270927
9.1875 0.209478 0.020153 0.00987198 0.00266249
9.21875 0.210104 0.0198743 0.00995449 0.00261421
9.25 0.21072 0.0195768 0.0100348 0.00251629
9.28125 0.211328 0.0192944 0.0101114 0.00238875
9.3125 0.211926 0.0190154 0.0101845 0.0022991
9.34375 0.212516 0.0187328 0.0102555 0.00224352
9.375 0.213097 0.0184658 0.0103244 0.00215756
9.40625 0.21367 0.0182032 0.0103895 0.00199631
9.4375 0.214235 0.0179348 0.010449 0.00181999
9.46875 0.214791 0.0176646 0.0105038 0.00168561
9.5 0.215339 0.0173975 0.0105542 0.00153189
9.53125 0.215879 0.0171465 0.0105993 0.00135883
9.5625 0.216411 0.0169053 0.0106398 0.00124488
9.59375 0.216935 0.0166781 0.0106774 0.00116825
9.625 0.217453 0.0164856 0.010713 0.00111452
9.65625 0.217966 0.0163046 0.0107479 0.00113391
9.6875 0.218472 0.0161089 0.0107843 0.00119912
9.71875 0.218972 0.0159054 0.0108227 0.00125312
9.75 0.219466 0.0156939 0.0108625 0.00129555
9.78125 0.219953 0.0154708 0.010904 0.00136877
9.8125 0.220433 0.0152238 0.0109486 0.00148598
9.84375 0.220904 0.0149391 0.0109964 0.00156228
9.875 0.221366 0.0146318 0.0110457 0.00159895
9.90625 0.221819 0.0143021 0.0110972 0.0017095
9.9375 0.22226 0.0139353 0.0111527 0.0018281
9.96875 0.222689 0.0135526 0.0112106 0.00187224
10 0.223107 0.0131767 0.0112702 0.00195695
10.0312 0.223513 0.01281 0.0113335 0.00209516
10.0625 0.223908 0.0124571 0.0114008 0.00220899
10.0938 0.224292 0.0121225 0.0114717 0.00232804
10.125 0.224666 0.0117992 0.0115461 0.0024262
10.1562 0.225029 0.0114746 0.0116227 0.00247333
10.1875 0.225383 0.0111516 0.0117008 0.00252332
10.2188 0.225726 0.010827 0.0117799 0.0025256
10.25 0.226059 0.0104886 0.0118578 0.00245274
10.2812 0.226382 0.0101683 0.0119336 0.00240801
10.3125 0.226695 0.00987553 0.0120083 0.00236413
10.3438 0.226999 0.00956872 0.0120804 0.00224145
10.375 0.227293 0.00928047 0.0121486 0.00213987
10.4062 0.22758 0.0090436 0.012215 0.00211309
10.4375 0.227858 0.00879973 0.0122802 0.00204265
10.4688 0.228129 0.00855237 0.0123419 0.00190513
10.5 0.228393 0.0083389 0.0123993 0.00176907
10.5312 0.228651 0.00811588 0.0124524 0.00162633
10.5625 0.2289 0.00788155 0.0125014 0.0015196
10.5938 0.229143 0.00767691 0.0125481 0.00147799
10.625 0.22938 0.00748327 0.0125933 0.00139933
10.6562 0.229611 0.00729397 0.0126357 0.00133364
10.6875 0.229836 0.00712669 0.0126778 0.00136809
10.7188 0.230057 0.00696849 0.0127208 0.00136699
10.75 0.230272 0.00681019 0.0127629 0.00133692
10.7812 0.230482 0.00664567 0.0128052 0.00137648
10.8125 0.230687 0.00647278 0.0128482 0.00135763
10.8438 0.230887 0.0063201 0.0128895 0.00129254
10.875 0.231083 0.00619029 0.0129301 0.00132541
10.9062 0.231274 0.00605613 0.0129725 0.00137495
10.9375 0.231461 0.005929 0.0130157 0.00139633
10.9688 0.231645 0.00582216 0.0130601 0.00145094
11 0.231825 0.00571425 0.0131065 0.00151887
11.0312 0.232002 0.00560036 0.0131552 0.00159609
11.0625 0.232175 0.00548751 0.0132058 0.00162521
11.0938 0.232345 0.00537064 0.0132558 0.00157256
11.125 0.232511 0.00524992 0.0133046 0.00156138
11.1562 0.232673 0.00511236 0.0133532 0.00152798
11.1875 0.23283 0.00494309 0.0133983 0.00134095
11.2188 0.232981 0.00475803 0.0134369 0.00113839
11.25 0.233127 0.00455825 0.0134698 0.000961248
11.2812 0.233266 0.00433785 0.0134961 0.000709088
11.3125 0.233398 0.00412738 0.0135141 0.000445463
11.3438 0.233524 0.00394035 0.0135244 0.000220337
11.375 0.233645 0.00377315 0.013528 1.11302e-05
11.4062 0.23376 0.00363737 0.0135253 -0.000180899
11.4375 0.233872 0.0035178 0.0135165 -0.000383509
11.4688 0.23398 0.00340286 0.0135015 -0.000568899
11.5 0.234085 0.0033068 0.0134815 -0.000706414
11.5312 0.234187 0.00320848 0.0134571 -0.000866497
11.5625 0.234285 0.00308551 0.0134269 -0.00106741
11.5938 0.23438 0.00295168 0.0133906 -0.0012496
11.625 0.23447 0.00281383 0.0133497 -0.00135174
11.6562 0.234555 0.00266635 0.013307 -0.00136808
11.6875 0.234636 0.00250315 0.013264 -0.00139333
11.7188 0.234712 0.00233612 0.0132199 -0.00141867
11.75 0.234782 0.00217354 0.0131764 -0.00135189
11.7812 0.234847 0.00197872 0.0131354 -0.00127868
11.8125 0.234906 0.00175282 0.0130961 -0.00123298
11.8438 0.234957 0.00152737 0.0130592 -0.00111987
11.875 0.235001 0.00126358 0.013026 -0.00101605
11.9062 0.235036 0.000966722 0.0129953 -0.000942031
11.9375 0.235062 0.000699822 0.0129682 -0.000777089
11.9688 0.235079 0.000426535 0.0129469 -0.000590797
12 0.235088 0.000114835 0.012931 -0.000426464
12.0312 0.235087 -0.000190921 0.0129207 -0.000226962
12.0625 0.235076 -0.000499859 0.0129159 -0.000103653
12.0938 0.235055 -0.000830786 0.0129135 -4.4602e-05
12.125 0.235024 -0.00116202 0.0129137 5.71059e-05
12.1562 0.234982 -0.00149593 0.0129159 4.83742e-05
12.1875 0.23493 -0.00182638 0.0129156 -6.21856e-05
12.2188 0.234868 -0.0021409 0.0129133 -6.79208e-05
12.25 0.234797 -0.00245943 0.0129111 -9.60585e-05
12.2812 0.234715 -0.00278057 0.0129057 -0.000257736
12.3125 0.234623 -0.00308409 0.0128956 -0.000373417
12.3438 0.234522 -0.00337627 0.012883 -0.000432058
12.375 0.234412 -0.00366475 0.0128679 -0.000544248
12.4062 0.234293 -0.00393898 0.0128488 -0.000678548
12.4375 0.234166 -0.00419698 0.0128257 -0.000799243
12.4688 0.234031 -0.00445871 0.0127988 -0.00092027
12.5 0.233887 -0.00473516 0.0127677 -0.00108183
12.5312 0.233735 -0.00502268 0.0127306 -0.00130065
12.5625 0.233573 -0.00532446 0.0126867 -0.00149114
12.5938 0.233402 -0.00562871 0.0126381 -0.00162093
12.625 0.233221 -0.00592397 0.0125852 -0.00177379
12.6562 0.233032 -0.00621938 0.012527 -0.00193699
12.6875 0.232833 -0.00649396 0.0124653 -0.0019883
12.7188 0.232626 -0.00672894 0.012404 -0.0019242
12.75 0.232412 -0.00694632 0.0123451 -0.00185129
12.7812 0.232192 -0.00714768 0.0122883 -0.00177633
12.8125 0.231966 -0.00733462 0.0122344 -0.00167454
12.8438 0.231734 -0.00752944 0.0121836 -0.00157925
12.875 0.231495 -0.00773457 0.0121359 -0.00146392
12.9062 0.23125 -0.00796515 0.0120921 -0.00134744
12.9375 0.230997 -0.00822496 0.0120511 -0.00127951
12.9688 0.230736 -0.00848548 0.0120126 -0.0011681
13 0.230467 -0.0087626 0.0119784 -0.00103152
13.0312 0.230188 -0.0090597 0.0119474 -0.00096253
13.0625 0.2299 -0.0093468 0.0119187 -0.000860038
13.0938 0.229604 -0.00966398 0.0118936 -0.000763681
13.125 0.229296 -0.0100251 0.0118693 -0.000815782
13.1562 0.228977 -0.0103716 0.0118424 -0.000892401
13.1875 0.228648 -0.0107186 0.0118138 -0.000944579
13.2188 0.228307 -0.0110958 0.0117824 -0.00107645
13.25 0.227954 -0.0114602 0.0117464 -0.00122757
13.2812 0.227591 -0.0118006 0.011706 -0.00135187
13.3125 0.227217 -0.0121456 0.0116619 -0.0014729
13.3438 0.226832 -0.0124975 0.0116141 -0.00158489
13.375 0.226436 -0.0128425 0.0115622 -0.00175065
13.4062 0.226029 -0.013175 0.0115043 -0.00194872
13.4375 0.225612 -0.0135068 0.0114411 -0.00208821
13.4688 0.225185 -0.0138377 0.0113737 -0.00223475
13.5 0.224748 -0.0141543 0.0113008 -0.00243586
13.5312 0.2243 -0.0144724 0.0112217 -0.0026204
13.5625 0.223843 -0.0147983 0.0111377 -0.00274078
13.5938 0.223376 -0.0151229 0.0110508 -0.0028265
13.625 0.222898 -0.0154605 0.0109609 -0.00292611
13.6562 0.222409 -0.0157952 0.0108689 -0.00292431
13.6875 0.221911 -0.0161075 0.0107799 -0.00276002
13.7188 0.221402 -0.016431 0.0106957 -0.00265107
13.75 0.220884 -0.0167633 0.0106138 -0.00257017
13.7812 0.220355 -0.0170826 0.0105372 -0.00230534
13.8125 0.219816 -0.0174219 0.0104699 -0.00202552
13.8438 0.219266 -0.0177858 0.0104094 -0.00184948
13.875 0.218704 -0.01816 0.0103547 -0.00164951
13.9062 0.21813 -0.018566 0.0103061 -0.00146976
13.9375 0.217544 -0.0189864 0.0102626 -0.00129969
13.9688 0.216944 -0.0193968 0.0102256 -0.00106681
14 0.216331 -0.019815 0.0101954 -0.000875974
14.0312 0.215706 -0.0202149 0.0101709 -0.000679088
14.0625 0.215068 -0.0205668 0.0101539 -0.000412674
14.0938 0.21442 -0.0209001 0.0101441 -0.000232434
14.125 0.213762 -0.0212184 0.0101387 -0.00010684
14.1562 0.213094 -0.0215154 0.0101377 2.95328e-05
14.1875 0.212417 -0.0218228 0.0101391 3.75257e-05
14.2188 0.21173 -0.0221396 0.0101391 -4.07669e-05
14.25 0.211034 -0.0224414 0.0101368 -0.000112105
14.2812 0.210328 -0.0227365 0.0101314 -0.000238621
14.3125 0.209613 -0.0230324 0.0101217 -0.00037904
14.3438 0.208888 -0.023323 0.0101077 -0.000529214
14.375 0.208155 -0.0236 0.0100879 -0.000744692
14.4062 0.207414 -0.0238612 0.0100616 -0.000926892
14.4375 0.206664 -0.0241258 0.0100299 -0.00111938
14.4688 0.205906 -0.0243882 0.00999015 -0.0014374
14.5 0.20514 -0.0246077 0.00994049 -0.00171782
14.5312 0.204368 -0.0247969 0.00988395 -0.00189715
14.5625 0.20359 -0.0249842 0.00982133 -0.00212234
14.5938 0.202807 -0.0251362 0.00975131 -0.00234475
14.625 0.20202 -0.0252462 0.00967599 -0.00245881
14.6562 0.201229 -0.0253578 0.00959825 -0.00251168
14.6875 0.200435 -0.0254591 0.00951927 -0.00253763
14.7188 0.199638 -0.0255237 0.00944011 -0.00252002
14.75 0.19884 -0.0255774 0.00936238 -0.00244434
14.7812 0.19804 -0.0256271 0.00928774 -0.00233263
14.8125 0.197238 -0.0256639 0.00921622 -0.00225345
14.8438 0.196436 -0.0257123 0.0091466 -0.00219952
14.875 0.195631 -0.0257752 0.00907947 -0.00208095
14.9062 0.194825 -0.0258349 0.00901722 -0.00190165
14.9375 0.194016 -0.0259104 0.00895992 -0.00178397
14.9688 0.193205 -0.0260082 0.00890496 -0.00173134
15 0.192391 -0.0260994 0.00885287 -0.0015769
15.0312 0.191574 -0.0261853 0.00880727 -0.00134747
15.0625 0.190754 -0.0262813 0.00876741 -0.00122317
15.0938 0.189931 -0.0263744 0.00873054 -0.00112677
15.125 0.189106 -0.0264624 0.00869754 -0.000990066
15.1562 0.188277 -0.0265606 0.00866731 -0.000973277
15.1875 0.187446 -0.026671 0.00863549 -0.00107
15.2188 0.18661 -0.0267991 0.00860038 -0.00118025
15.25 0.18577 -0.0269531 0.00856109 -0.00134724
15.2812 0.184926 -0.0271144 0.0085156 -0.00156773
15.3125 0.184076 -0.027262 0.00846304 -0.00179608
15.3438 0.183222 -0.0273902 0.00840348 -0.00201068
15.375 0.182364 -0.0274893 0.00833785 -0.00218387
15.4062 0.181504 -0.0275594 0.00826696 -0.00235892
15.4375 0.180642 -0.0276153 0.00819009 -0.00256149
15.4688 0.179778 -0.027657 0.00810707 -0.00274643
15.5 0.178914 -0.0276847 0.00801863 -0.00291405
15.5312 0.178048 -0.0277208 0.00792479 -0.00309584
15.5625 0.177181 -0.02777 0.0078249 -0.00329695
15.5938 0.176312 -0.0278076 0.00771934 -0.0034396
15.625 0.175443 -0.0278397 0.00761125 -0.00346356
15.6562 0.174572 -0.027902 0.0075029 -0.00347948
15.6875 0.173699 -0.027979 0.00739363 -0.0035025
15.7188 0.172824 -0.0280435 0.00728538 -0.00340278
15.75 0.171946 -0.0281264 0.00718155 -0.00324659
15.7812 0.171065 -0.0282302 0.00708205 -0.00312301
15.8125 0.170182 -0.0283112 0.00698673 -0.00296896
15.8438 0.169296 -0.0283772 0.00689685 -0.00278012
15.875 0.168408 -0.0284482 0.00681323 -0.00256674
15.9062 0.167518 -0.0285139 0.00673642 -0.00235568
15.9375 0.166626 -0.0285739 0.00666558 -0.00217527
15.9688 0.165732 -0.028622 0.00660158 -0.00189652
16 0.164837 -0.0286616 0.00654768 -0.00156605
16.0312 0.163941 -0.0287063 0.00650197 -0.00138369
16.0625 0.163043 -0.0287355 0.0064611 -0.00121384
16.0938 0.162145 -0.0287565 0.00642708 -0.000965005
16.125 0.161246 -0.0287908 0.00639955 -0.000823317
16.1562 0.160346 -0.0288144 0.00637446 -0.000792529
16.1875 0.159445 -0.0288472 0.00634941 -0.000825484
16.2188 0.158543 -0.0289081 0.0063219 -0.000944048
16.25 0.157638 -0.0289524 0.0062903 -0.00107964
16.2812 0.156733 -0.0290045 0.00625368 -0.00128503
16.3125 0.155825 -0.0290873 0.00620916 -0.00155929
16.3438 0.154915 -0.0291397 0.0061574 -0.00173546
16.375 0.154004 -0.0291681 0.00610064 -0.00191743
16.4062 0.153092 -0.0291913 0.00603634 -0.00220058
16.4375 0.15218 -0.0291683 0.00596412 -0.00239838
16.4688 0.15127 -0.0291288 0.00588692 -0.00255526
16.5 0.15036 -0.0291057 0.00580309 -0.00282549
16.5312 0.149451 -0.0290711 0.00571032 -0.00310072
16.5625 0.148543 -0.0290393 0.00560998 -0.00331536
16.5938 0.147635 -0.0290205 0.00550318 -0.0035186
16.625 0.146729 -0.0289896 0.00539032 -0.00369786
16.6562 0.145824 -0.0289472 0.00527267 -0.00381749
16.6875 0.14492 -0.0288856 0.00515297 -0.00382099
16.7188 0.144019 -0.0287992 0.00503495 -0.00372439
16.75 0.14312 -0.0287114 0.00492019 -0.00362223
16.7812 0.142224 -0.0286267 0.0048088 -0.00349611
16.8125 0.141331 -0.0285357 0.00470243 -0.00330223
16.8438 0.140441 -0.028448 0.00460265 -0.00308452
16.875 0.139553 -0.0283839 0.00450948 -0.00288199
16.9062 0.138666 -0.0283423 0.00442236 -0.00269223
16.9375 0.137781 -0.0283039 0.00434174 -0.00245451
16.9688 0.136897 -0.0282969 0.0042695 -0.00217087
17 0.136012 -0.0283487 0.00420529 -0.00195365
17.0312 0.135125 -0.0284159 0.00414715 -0.00175712
17.0625 0.134236 -0.0284868 0.00409637 -0.00148588
17.0938 0.133344 -0.0285937 0.00405358 -0.00127824
17.125 0.132449 -0.0287151 0.00401488 -0.00121418
17.1562 0.13155 -0.0288277 0.00397751 -0.00117311
17.1875 0.130647 -0.028945 0.00394164 -0.0011288
17.2188 0.129741 -0.0290671 0.00390616 -0.00115899
17.25 0.12883 -0.0291863 0.00386808 -0.00129375
17.2812 0.127917 -0.0293009 0.00382488 -0.0014668
17.3125 0.126999 -0.0294122 0.00377708 -0.00158239
17.3438 0.126078 -0.0295192 0.00372595 -0.00170203
17.375 0.125154 -0.0296179 0.00366983 -0.00189605
17.4062 0.124227 -0.0297196 0.00360789 -0.00205326
17.4375 0.123297 -0.0298227 0.00354209 -0.00216006
17.4688 0.122363 -0.0299107 0.00347217 -0.00232768
17.5 0.121427 -0.0300003 0.0033962 -0.00253328
17.5312 0.120488 -0.03011 0.00331422 -0.00270629
17.5625 0.119545 -0.0302347 0.00322738 -0.00284978
17.5938 0.118598 -0.0303769 0.00313595 -0.00300593
17.625 0.117647 -0.0305324 0.00303956 -0.00315228
17.6562 0.11669 -0.0306857 0.00294031 -0.0031724
17.6875 0.115729 -0.0308236 0.00284248 -0.00308129
17.7188 0.114764 -0.0309383 0.00274778 -0.00297709
17.75 0.113795 -0.0310359 0.00265714 -0.0028044
17.7812 0.112824 -0.0311117 0.00257366 -0.00252631
17.8125 0.111851 -0.0311703 0.00249944 -0.00222875
17.8438 0.110876 -0.0312489 0.00243382 -0.00198142
17.875 0.109898 -0.031339 0.00237524 -0.00176424
17.9062 0.108917 -0.0314127 0.00232429 -0.00148232
17.9375 0.107935 -0.0314989 0.00228288 -0.00117744
17.9688 0.106949 -0.0315944 0.00224972 -0.000955109
18 0.10596 -0.0316665 0.00222357 -0.00070041
18.0312 0.10497 -0.0317351 0.00220674 -0.000378368
18.0625 0.103977 -0.0318058 0.00219894 -0.000140402
18.0938 0.102982 -0.0318647 0.00219736 3.94748e-05
18.125 0.101985 -0.0319233 0.00220135 0.000208306
18.1562 0.100987 -0.031965 0.0022096 0.00030688
18.1875 0.0999876 -0.0319876 0.00221984 0.000335734
18.2188 0.0989873 -0.0320335 0.0022293 0.000244837
18.25 0.0979854 -0.032083 0.00223418 6.84119e-05
18.2812 0.0969824 -0.0321073 0.00223436 -4.66838e-05
18.3125 0.0959784 -0.0321547 0.00223073 -0.000211455
18.3438 0.0949725 -0.032225 0.00221968 -0.000502835
18.375 0.0939647 -0.0322653 0.00220005 -0.000732907
18.4062 0.092956 -0.0322959 0.00217449 -0.000908717
18.4375 0.0919461 -0.0323334 0.00214244 -0.00115452
18.4688 0.0909355 -0.0323382 0.00210202 -0.00143177
18.5 0.0899253 -0.0323171 0.00205316 -0.00168892
18.5312 0.0889158 -0.0322842 0.00199696 -0.00190129
18.5625 0.0879079 -0.0322125 0.0019343 -0.00211736
18.5938 0.0869028 -0.0321143 0.00186414 -0.00236959
18.625 0.0859008 -0.0320143 0.00178746 -0.0025082
18.6562 0.0849021 -0.0319021 0.00170873 -0.00252497
18.6875 0.0839071 -0.0317759 0.00162939 -0.00255415
18.7188 0.0829162 -0.0316362 0.00154994 -0.00250355
18.75 0.0819299 -0.0314844 0.00147453 -0.0023077
18.7812 0.0809484 -0.0313321 0.00140593 -0.0020853
18.8125 0.0799717 -0.0311776 0.00134409 -0.00187178
18.8438 0.0789997 -0.031038 0.00128906 -0.00164803
18.875 0.0780314 -0.0309341 0.00124138 -0.00139607
18.9062 0.0770661 -0.0308524 0.00120203 -0.00112693
18.9375 0.0761028 -0.0308008 0.00117015 -0.000926717
18.9688 0.0751407 -0.0307781 0.00114408 -0.000727023
19 0.0741794 -0.030741 0.00112601 -0.000415593
19.0312 0.0732195 -0.0306928 0.00111789 -0.000120833
19.0625 0.072261 -0.0306488 0.00111749 8.96794e-05
19.0938 0.0713042 -0.0305854 0.00112369 0.000312444
19.125 0.0703496 -0.0305098 0.0011369 0.000521351
19.1562 0.0693972 -0.0304415 0.0011552 0.000630114
19.1875 0.0684469 -0.0303795 0.00117507 0.000624929
19.2188 0.0674985 -0.0303188 0.00119365 0.000561625
19.25 0.0665521 -0.0302471 0.00121013 0.000487626
19.2812 0.065608 -0.0301821 0.00122312 0.000320528
19.3125 0.0646655 -0.0301385 0.00122905 5.50516e-05
19.3438 0.0637245 -0.0300805 0.00122727 -0.00015069
19.375 0.0627856 -0.030008 0.00122022 -0.000304697
19.4062 0.0618489 -0.0299425 0.00120744 -0.000527015
19.4375 0.0609144 -0.0298621 0.00118692 -0.000783324
19.4688 0.0599827 -0.0297622 0.00115894 -0.000999229
19.5 0.0590544 -0.0296456 0.00112476 -0.00118899
19.5312 0.0581301 -0.0295099 0.00108421 -0.00141622
19.5625 0.0572099 -0.0293809 0.00103583 -0.00167784
19.5938 0.0562938 -0.0292453 0.000980254 -0.00185725
19.625 0.0553824 -0.029082 0.00092078 -0.00194342
19.6562 0.0544761 -0.0289282 0.000858617 -0.00203809
19.6875 0.0535743 -0.0287812 0.000793893 -0.00208379
19.7188 0.0526775 -0.0286111 0.000729964 -0.0019853
19.75 0.0517861 -0.028441 0.000670608 -0.00180977
19.7812 0.0509 -0.0282642 0.000616835 -0.00163245
19.8125 0.0500201 -0.0280434 0.000568735 -0.00143867
19.8438 0.0491476 -0.0277991 0.000527656 -0.00117736
19.875 0.0482826 -0.0275543 0.000495499 -0.000887161
19.9062 0.0474257 -0.0272865 0.000471241 -0.000680703
19.9375 0.0465774 -0.0270008 0.000452872 -0.000480162
19.9688 0.0457379 -0.0267296 0.000442415 -0.000178333
20 0.0449069 -0.0264567 0.000441357 9.34454e-05
20.0312 0.0440847 -0.0261596 0.00044748 0.000298072
20.0625 0.0432719 -0.025863 0.000460543 0.000547759
20.0938 0.0424683 -0.0255614 0.000481767 0.000801554
20.125 0.0416745 -0.0252398 0.000509712 0.000969005
20.1562 0.0408905 -0.0249421 0.000541143 0.00102426
20.1875 0.0401153 -0.0246749 0.000572932 0.0010052
20.2188 0.0393483 -0.0244112 0.000603864 0.000968727
20.25 0.0385893 -0.0241757 0.000632379 0.000829244
20.2812 0.0378371 -0.0239623 0.000654302 0.000565933
20.3125 0.0370919 -0.0237299 0.000668207 0.000337768
20.3438 0.0363541 -0.0234829 0.000675744 0.000137745
20.375 0.0356243 -0.0232228 0.000676066 -0.000126347
20.4062 0.0349029 -0.0229432 0.000667819 -0.000394755
20.4375 0.0341906 -0.0226432 0.000651934 -0.000613744
20.4688 0.0334882 -0.0223051 0.000629789 -0.000803237
20.5 0.0327967 -0.0219521 0.000601244 -0.0010384
20.5312 0.032116 -0.0216086 0.000564147 -0.00133607
20.5625 0.0314464 -0.0212405 0.000518698 -0.00154891
20.5938 0.0307886 -0.0208618 0.000468253 -0.00168139
20.625 0.0301422 -0.0205123 0.000412895 -0.00186944
20.6562 0.0295065 -0.0201697 0.000352049 -0.00199749
20.6875 0.0288816 -0.0198261 0.000289887 -0.00195991
20.7188 0.0282673 -0.0194925 0.000230091 -0.00186554
20.75 0.0276633 -0.019161 0.000173519 -0.00174693
20.7812 0.0270696 -0.0188439 0.000121581 -0.00156507
20.8125 0.0264855 -0.0185373 7.65191e-05 -0.00130569
20.8438 0.0259111 -0.0182226 4.04571e-05 -0.00100483
20.875 0.0253464 -0.0179192 1.29398e-05 -0.000771271
20.9062 0.024791 -0.0176291 -7.97804e-06 -0.000556037
20.9375 0.0242446 -0.0173422 -2.07265e-05 -0.000248441
20.9688 0.0237068 -0.0170855 -2.37991e-05 3.45294e-05
21 0.0231764 -0.0168608 -1.94719e-05 0.000239695
21.0312 0.0226529 -0.016648 -8.23592e-06 0.000493253
21.0625 0.0221357 -0.0164529 1.17759e-05 0.000783903
21.0938 0.0216244 -0.0162741 4.00583e-05 0.00101116
21.125 0.0211186 -0.0160936 7.4052e-05 0.00115166
21.1562 0.0206187 -0.0159018 0.000111496 0.00124069
21.1875 0.0201248 -0.0157093 0.00015139 0.00130462
21.2188 0.0196366 -0.0155348 0.000191889 0.00126004
21.25 0.0191538 -0.0153683 0.000228571 0.00107334
21.2812 0.0186761 -0.0152044 0.000258993 0.000882728
21.3125 0.0182032 -0.015062 0.000283983 0.000709508
21.3438 0.0177347 -0.0149166 0.000302391 0.000453203
21.375 0.0172712 -0.014748 0.000311956 0.00016471
21.4062 0.0168129 -0.0145864 0.000313442 -5.6774e-05
21.4375 0.0163596 -0.0144203 0.000308825 -0.00024062
21.4688 0.0159118 -0.0142403 0.000297805 -0.000477975
21.5 0.0154692 -0.0140929 0.000278458 -0.000757449
21.5312 0.0150308 -0.0139622 0.000251253 -0.00096829
21.5625 0.0145968 -0.013811 0.000218279 -0.00115001
21.5938 0.0141674 -0.0136819 0.000178571 -0.00139815
21.625 0.0137415 -0.0135731 0.00013149 -0.00159129
21.6562 0.0133195 -0.0134284 8.06801e-05 -0.00164258
21.6875 0.0129024 -0.0132634 2.93543e-05 -0.00163902
21.7188 0.0124905 -0.0130984 -2.1425e-05 -0.00160143
21.75 0.0120841 -0.0129029 -6.99255e-05 -0.0014867
21.7812 0.0116844 -0.0126709 -0.000113199 -0.00126416
21.8125 0.0112924 -0.0124144 -0.000148207 -0.000976501
21.8438 0.0109087 -0.0121426 -0.000174883 -0.000743559
21.875 0.0105334 -0.0118749 -0.000194786 -0.000517726
21.9062 0.0101665 -0.0116062 -0.000206189 -0.000202611
21.9375 0.00980814 -0.0113316 -0.00020789 7.43382e-05
21.9688 0.00945807 -0.0110781 -0.000202539 0.000264729
22 0.00911552 -0.010847 -0.000190733 0.000506398
22.0312 0.00878005 -0.0106252 -0.000170322 0.000798758
22.0625 0.00845116 -0.0104291 -0.000141376 0.00104079
22.0938 0.008128 -0.0102541 -0.00010601 0.00121439
22.125 0.00781033 -0.0100762 -6.56658e-05 0.00136922
22.1562 0.00749822 -0.00989979 -2.0413e-05 0.00151981
22.1875 0.00719156 -0.00972551 2.80721e-05 0.00155331
22.2188 0.00689048 -0.00954209 7.49976e-05 0.00143539
22.25 0.00659519 -0.00935729 0.000117757 0.00130723
22.2812 0.00630557 -0.00918056 0.000156567 0.00116195
22.3125 0.00602126 -0.00901793 0.000189102 0.000903141
22.3438 0.00574177 -0.008871 0.000212659 0.000609245
22.375 0.00546687 -0.00872053 0.00022769 0.000360176
22.4062 0.00519687 -0.00855816 0.000235448 0.000137317
22.4375 0.00493201 -0.00839154 0.000236037 -0.000107854
22.4688 0.0046726 -0.00820612 0.000228269 -0.000388943
22.5 0.00441938 -0.00799858 0.000212433 -0.000607569
22.5312 0.0041726 -0.00779848 0.000190795 -0.000784981
22.5625 0.00393186 -0.0076085 0.000162276 -0.00105502
22.5938 0.00369715 -0.00741159 0.000125039 -0.00130771
22.625 0.00346859 -0.00721864 8.20231e-05 -0.00142929
22.6562 0.00324595 -0.0070288 3.59868e-05 -0.0015181
22.6875 0.00302946 -0.00682376 -1.25968e-05 -0.00157914
22.7188 0.00281944 -0.00662055 -6.16528e-05 -0.00154177
22.75 0.00261557 -0.00642584 -0.000107773 -0.00139125
22.7812 0.002418 -0.00621615 -0.000147736 -0.00116165
22.8125 0.00222694 -0.00601807 -0.000180682 -0.000954778
22.8438 0.00204143 -0.00585884 -0.000207254 -0.000729294
22.875 0.00186079 -0.00569951 -0.00022499 -0.000394616
22.9062 0.00168525 -0.00553916 -0.000232457 -0.000106755
22.9375 0.00151412 -0.00542132 -0.000232846 7.84964e-05
22.9688 0.00134617 -0.00532656 -0.000226798 0.00032598
23 0.00118139 -0.00521621 -0.000211983 0.000617445
23.0312 0.00102023 -0.0050991 -0.000188893 0.000849616
23.0625 0.000862645 -0.00498585 -0.000159236 0.00104734
23.0938 0.000708737 -0.0048607 -0.000123341 0.00125293
23.125 0.000559081 -0.0047148 -8.08591e-05 0.00146104
23.1562 0.000414096 -0.00456494 -3.29989e-05 0.00157711
23.1875 0.000273782 -0.0044132 1.6197e-05 0.00155589
23.2188 0.000138449 -0.00424617 6.40089e-05 0.00150633
23.25 8.34364e-06 -0.00408368 0.000110061 0.00142483
23.2812 -0.000116952 -0.00393623 0.000151588 0.00120996
23.3125 -0.000237682 -0.00379184 0.000184891 0.000920573
23.3438 -0.000354189 -0.00367003 0.000209528 0.000665041
23.375 -0.000467286 -0.00356895 0.000226755 0.000435458
23.4062 -0.000577225 -0.00346774 0.000236203 0.000157606
23.4375 -0.000684142 -0.00337596 0.000236269 -0.000147218
23.4688 -0.000787999 -0.00326276 0.000228018 -0.00036253
23.5 -0.00088756 -0.00310457 0.000214009 -0.000543601
23.5312 -0.000981983 -0.00293821 0.000192975 -0.000815788
23.5625 -0.00107092 -0.00274574 0.000163149 -0.00107718
23.5938 -0.00115315 -0.00251407 0.000126736 -0.00124301
23.625 -0.00122819 -0.00229122 8.54851e-05 -0.0014015
23.6562 -0.00129624 -0.00205751 3.9161e-05 -0.00155469
23.6875 -0.00135637 -0.00178743 -1.06831e-05 -0.00161446
23.7188 -0.00140785 -0.00150454 -6.03696e-05 -0.00154501
23.75 -0.00145007 -0.00119036 -0.000106356 -0.00139244
23.7812 -0.00148194 -0.000848167 -0.000147442 -0.00123804
23.8125 -0.00150307 -0.000502458 -0.000183213 -0.00103233
23.8438 -0.00151306 -0.000132362 -0.000210697 -0.000715274
23.875 -0.00151129 0.000243049 -0.000228224 -0.000423181
23.9062 -0.00149808 0.000601747 -0.000237988 -0.00020375
23.9375 -0.00147355 0.0009705 -0.000240407 6.10195e-05
23.9688 -0.00143744 0.00133818 -0.000233885 0.00035152
24 -0.00138998 0.00170037 -0.00021905 0.000587741
24.0312 -0.00133104 0.00207127 -0.000197554 0.000786361
24.0625 -0.00126074 0.00242424 -0.00016966 0.00100757
24.0938 -0.00117954 0.00277695 -0.000134108 0.00126751
24.125 -0.00108684 0.00315775 -9.1314e-05 0.0014465
24.1562 -0.000982435 0.00351631 -4.50818e-05 0.00150202
24.1875 -0.000867451 0.00384117 2.6883e-06 0.0015607
24.2188 -0.000742239 0.00417473 5.20582e-05 0.00157692
24.25 -0.000606593 0.00450202 9.94284e-05 0.00142894
24.2812 -0.000461201 0.00479943 0.000140526 0.00119938
24.3125 -0.000306621 0.00509691 0.000174535 0.000979175
24.3438 -0.000142429 0.00541301 0.000201628 0.000749057
24.375 3.16338e-05 0.00572478 0.000220754 0.000463754
24.4062 0.000215347 0.00603584 0.000230261 0.000149982
24.4375 0.000409201 0.00637589 0.000231138 -7.4079e-05
24.4688 0.000613974 0.00672893 0.000226155 -0.000253096
24.5 0.000829733 0.00708183 0.000214247 -0.000522643
24.5312 0.0010569 0.00746231 0.000193673 -0.000776254
24.5625 0.0012963 0.00785905 0.000166835 -0.000934356
24.5938 0.00154795 0.0082445 0.000134914 -0.00111983
24.625 0.0018115 0.00862091 9.65955e-05 -0.00132585
24.6562 0.00208651 0.00897321 5.29006e-05 -0.0014542
24.6875 0.00237197 0.00929255 6.75971e-06 -0.00148133
24.7188 0.00266711 0.00959391 -3.86914e-05 -0.00141703
24.75 0.00297142 0.00987901 -8.16149e-05 -0.00133015
24.7812 0.00328454 0.0101635 -0.000121294 -0.00118767
24.8125 0.00360686 0.0104681 -0.000154155 -0.000895618
24.8438 0.00393887 0.0107804 -0.000177286 -0.000602214
24.875 0.00428059 0.0110894 -0.000192807 -0.000393684
24.9062 0.00463201 0.011403 -0.00020107 -0.000116317
24.9375 0.00499333 0.0117215 -0.000199608 0.000201885
24.9688 0.00536452 0.0120317 -0.000189437 0.000434515
25 0.00574519 0.0123307 -0.000172813 0.000631818
25.0312 0.00613527 0.0126372 -0.000149575 0.000862143
25.0625 0.00653508 0.0129497 -0.000118663 0.00111543
25.0938 0.0069445 0.0132513 -8.03984e-05 0.00131836
25.125 0.00736325 0.0135486 -3.71351e-05 0.00144398
25.1562 0.0077912 0.0138374 9.98847e-06 0.00157673
25.1875 0.00822793 0.0141121 6.10922e-05 0.0016748
25.2188 0.00867324 0.0143874 0.000112967 0.00161913
25.25 0.00912692 0.0146416 0.000161332 0.00147161
25.2812 0.00958792 0.0148586 0.000204867 0.0013115
25.3125 0.0100556 0.0150777 0.000242781 0.00110239
25.3438 0.0105304 0.0153053 0.000272904 0.000813111
25.375 0.011012 0.0155194 0.000293234 0.000491954
25.4062 0.0115004 0.0157368 0.000304486 0.000245114
25.4375 0.0119958 0.0159725 0.000309057 4.16532e-05
25.4688 0.0124987 0.0162164 0.000306217 -0.000234828
25.5 0.0130093 0.0164593 0.00029461 -0.000489984
25.5312 0.0135274 0.0167025 0.00027675 -0.000644687
25.5625 0.0140534 0.0169602 0.000253948 -0.000828488
25.5938 0.0145876 0.0172287 0.000224422 -0.0010599
25.625 0.0151301 0.0174922 0.000188329 -0.00123533
25.6562 0.015681 0.0177721 0.000148147 -0.00132276
25.6875 0.0162411 0.0180759 0.000106256 -0.00135405
25.7188 0.0168106 0.0183669 6.36087e-05 -0.00137091
25.75 0.0173891 0.0186598 2.15907e-05 -0.00128985
25.7812 0.0179773 0.0189919 -1.51998e-05 -0.00104655
25.8125 0.0185761 0.0193319 -4.38034e-05 -0.000796148
25.8438 0.0191855 0.0196747 -6.54347e-05 -0.000583184
25.875 0.0198063 0.0200575 -7.92876e-05 -0.000286751
25.9062 0.0204391 0.0204397 -8.29853e-05 4.37837e-05
25.9375 0.0210833 0.0207832 -7.7305e-05 0.000307845
25.9688 0.0217379 0.0211111 -6.41862e-05 0.000529874
26 0.0224023 0.0214022 -4.40411e-05 0.000764847
26.0312 0.023075 0.021646 -1.61027e-05 0.00102258
26.0625 0.0237551 0.0218781 1.92811e-05 0.00122598
26.0938 0.0244422 0.0220846 5.97328e-05 0.00136042
26.125 0.0251352 0.0222709 0.000104803 0.00153499
26.1562 0.0258343 0.0224749 0.00015568 0.00170608
26.1875 0.0265397 0.0226655 0.000209898 0.00173888
26.2188 0.0272506 0.0228326 0.000263386 0.00167841
26.25 0.0279669 0.023012 0.000314607 0.00159445
26.2812 0.0286889 0.0231892 0.000362361 0.00144596
26.3125 0.0294161 0.0233524 0.000403863 0.00119311
26.3438 0.0301483 0.0235095 0.00043628 0.000881559
26.375 0.0308853 0.0236514 0.000459579 0.000623273
26.4062 0.0316265 0.0237926 0.000475544 0.000390151
26.4375 0.0323724 0.0239388 0.000483063 8.21661e-05
26.4688 0.0331225 0.0240695 0.000481188 -0.00017965
26.5 0.0338765 0.0241842 0.000473073 -0.000333832
26.5312 0.0346339 0.0242853 0.000459729 -0.00053591
26.5625 0.0353942 0.0243737 0.000439161 -0.000774685
26.5938 0.0361571 0.0244429 0.000412033 -0.000950842
26.625 0.0369216 0.0244821 0.000380131 -0.00108683
26.6562 0.0376872 0.0245231 0.000344377 -0.00119747
26.6875 0.0384544 0.0245761 0.000305449 -0.00129003
26.7188 0.039223 0.0246098 0.000264585 -0.00129974
26.75 0.0399926 0.0246495 0.000226097 -0.00113978
26.7812 0.0407639 0.0247112 0.000193756 -0.000937796
26.8125 0.0415369 0.0247567 0.000167152 -0.000756907
26.8438 0.0423111 0.0247987 0.000147816 -0.000455113
26.875 0.043087 0.0248619 0.000139453 -8.59262e-05
26.9062 0.043865 0.0249273 0.000141494 0.000202112
26.9375 0.0446449 0.024988 0.000151798 0.000461759
26.9688 0.0454267 0.0250456 0.000170768 0.00075687
27 0.0462102 0.0250968 0.00019908 0.00104957
27.0312 0.0469951 0.0251323 0.000235729 0.00128308
27.0625 0.0477807 0.0251418 0.000278698 0.00146614
27.0938 0.0485665 0.0251554 0.000327883 0.0016934
27.125 0.0493532 0.0251921 0.000384699 0.00193137
27.1562 0.050141 0.0252254 0.000447312 0.00205559
27.1875 0.0509298 0.0252649 0.000512577 0.00212244
27.2188 0.0517203 0.0253265 0.000580086 0.00219345
27.25 0.0525126 0.0253761 0.000648728 0.00217706
27.2812 0.053306 0.0253972 0.0007147 0.00202512
27.3125 0.0540998 0.0254028 0.000774467 0.00179467
27.3438 0.0548935 0.025392 0.000826971 0.00157049
27.375 0.0556866 0.0253667 0.000872615 0.00134192
27.4062 0.0564789 0.0253382 0.00091 0.00104063
27.4375 0.0572702 0.0253075 0.000937849 0.000757808
27.4688 0.0580606 0.0252811 0.000958475 0.000572514
27.5 0.0588506 0.0252876 0.000973516 0.000380775
27.5312 0.0596415 0.0253299 0.000981887 0.000156089
27.5625 0.0604338 0.0253778 0.000983717 -2.95248e-05
27.5938 0.0612278 0.0254458 0.000980524 -0.000169918
27.625 0.0620246 0.0255534 0.000973159 -0.000304816
27.6562 0.062825 0.0256689 0.000961189 -0.000461475
27.6875 0.063629 0.0257959 0.000945065 -0.000545975
27.7188 0.0644375 0.025953 0.000928696 -0.000484578
27.75 0.0652511 0.0261146 0.000914899 -0.000405264
27.7812 0.0660698 0.0262898 0.000903496 -0.000305837
27.8125 0.0668944 0.0264803 0.000897625 -4.23194e-05
27.8438 0.0677245 0.0266435 0.000901517 0.000284686
27.875 0.0685596 0.0267997 0.000914646 0.000546725
27.9062 0.0693996 0.026962 0.000935646 0.000802131
27.9375 0.0702442 0.0270872 0.000965103 0.00108699
27.9688 0.0710925 0.0272057 0.00100366 0.00137698
28 0.0719449 0.0273462 0.00105049 0.00160453
28.0312 0.0728014 0.0274625 0.00110325 0.00177249
28.0625 0.0736611 0.0275633 0.00116203 0.00200379
28.0938 0.0745242 0.027678 0.00122857 0.00224057
28.125 0.0753909 0.027782 0.00130083 0.00237032
28.1562 0.0762605 0.0278777 0.00137669 0.00249244
28.1875 0.0771334 0.0279888 0.0014568 0.00262804
28.2188 0.07801 0.0281125 0.00153997 0.00267522
28.25 0.0788904 0.0282337 0.00162278 0.00260502
28.2812 0.0797743 0.0283342 0.00170181 0.00244392
28.3125 0.0806611 0.028421 0.00177549 0.00227508
28.3438 0.0815506 0.028498 0.00184371 0.00207413
28.375 0.0824419 0.0285373 0.00190367 0.00174664
28.4062 0.0833339 0.0285577 0.00195307 0.00143559
28.4375 0.084227 0.0286004 0.0019947 0.00123727
28.4688 0.0851215 0.0286476 0.00203004 0.00101266
28.5 0.0860174 0.0286901 0.00205781 0.000774282
28.5312 0.0869148 0.0287473 0.00207933 0.000614599
28.5625 0.0878142 0.0288121 0.00209652 0.000485323
28.5938 0.0887156 0.0288782 0.00210963 0.000353311
28.625 0.089619 0.028942 0.00211843 0.000206639
28.6562 0.0905242 0.0289861 0.00212268 7.68092e-05
28.6875 0.0914305 0.0290157 0.00212435 4.66041e-05
28.7188 0.0923377 0.0290461 0.00212595 5.16394e-05
28.75 0.0932459 0.0290791 0.00212759 6.64073e-05
28.7812 0.0941552 0.0291167 0.00213173 0.000228402
28.8125 0.0950658 0.0291651 0.002143 0.000496129
28.8438 0.0959783 0.0292396 0.0021625 0.000750304
28.875 0.0968936 0.0293415 0.0021903 0.00104111
28.9062 0.0978122 0.0294461 0.00222819 0.00138765
28.9375 0.0987341 0.029559 0.00227694 0.00172568
28.9688 0.0996599 0.0296961 0.00233531 0.00199563
29 0.10059 0.0298349 0.00240102 0.00220948
29.0312 0.101525 0.0299753 0.00247413 0.00248606
29.0625 0.102464 0.0301338 0.0025567 0.00278569
29.0938 0.103408 0.030288 0.00264684 0.002964
29.125 0.104357 0.0304278 0.00274176 0.00312259
29.1562 0.10531 0.0305582 0.00284271 0.00333751
29.1875 0.106266 0.0306611 0.0029493 0.00345834
29.2188 0.107226 0.0307487 0.00305748 0.00345216
29.25 0.108188 0.030838 0.00316465 0.00340183
29.2812 0.109153 0.0309071 0.00326957 0.00329974
29.3125 0.11012 0.0309712 0.00336984 0.00309791
29.3438 0.111089 0.0310494 0.00346203 0.00278976
29.375 0.11206 0.0311044 0.00354412 0.00247435
29.4062 0.113033 0.0311502 0.00361751 0.00222967
29.4375 0.114007 0.0312334 0.00368318 0.00195965
29.4688 0.114985 0.0313236 0.0037394 0.00164124
29.5 0.115965 0.0314178 0.00378666 0.00140284
29.5312 0.116949 0.0315669 0.00382794 0.0012426
29.5625 0.117938 0.031743 0.00386403 0.00105939
29.5938 0.118933 0.0318991 0.00389381 0.000846557
29.625 0.119932 0.0320584 0.00391734 0.000669834
29.6562 0.120936 0.0322268 0.00393625 0.00054392
29.6875 0.121946 0.032378 0.00395113 0.000402613
29.7188 0.12296 0.0325119 0.00396149 0.000273476
29.75 0.123978 0.0326385 0.00396957 0.000267417
29.7812 0.125 0.032765 0.00397926 0.000361379
29.8125 0.126026 0.0329011 0.00399254 0.00049586
29.8438 0.127056 0.033045 0.00401095 0.000695726
29.875 0.128091 0.0331895 0.00403682 0.000970788
29.9062 0.129131 0.0333332 0.00407199 0.00127924
29.9375 0.130174 0.0334712 0.00411624 0.00153998
29.9688 0.131222 0.0335922 0.00416771 0.00175441
30 0.132274 0.0336854 0.00422635 0.00200445
30.0312 0.133327 0.0337487 0.00429259 0.00221672
30.0625 0.134383 0.0337945 0.00436374 0.00232884
30.0938 0.135439 0.033832 0.00443854 0.00247258
30.125 0.136497 0.0338521 0.00451884 0.00266465
30.1562 0.137555 0.0338578 0.00460445 0.0028017
30.1875 0.138613 0.0338666 0.00469322 0.00286822
30.2188 0.139671 0.0338602 0.00478304 0.00287267
30.25 0.140729 0.0338251 0.0048726 0.00285943
30.2812 0.141786 0.0337903 0.00496134 0.00280017
30.3125 0.142841 0.033754 0.00504581 0.00258029
30.3438 0.143895 0.0336978 0.00512228 0.00232881
30.375 0.144947 0.0336373 0.00519232 0.00215494
30.4062 0.145997 0.0335631 0.0052559 0.00189009
30.4375 0.147044 0.0334565 0.00530996 0.00158437
30.4688 0.148088 0.0333291 0.00535646 0.00141167
30.5 0.149127 0.0331768 0.00539845 0.00126642
30.5312 0.150161 0.0330054 0.00543493 0.00106191
30.5625 0.15119 0.0328335 0.00546477 0.00085168
30.5938 0.152213 0.032647 0.00548869 0.000692408
30.625 0.15323 0.0324522 0.00550883 0.000602097
30.6562 0.154242 0.0322639 0.0055259 0.000475843
30.6875 0.155247 0.0320581 0.00553821 0.00032231
30.7188 0.156245 0.0318413 0.00554749 0.000297494
30.75 0.157237 0.0316487 0.00555768 0.0003574
30.7812 0.158223 0.0314835 0.00556999 0.00044026
30.8125 0.159205 0.031331 0.0055864 0.000632955
30.8438 0.160182 0.0311889 0.0056107 0.000934874
30.875 0.161155 0.0310849 0.00564545 0.00129657
30.9062 0.162125 0.0310128 0.00569182 0.0016652
30.9375 0.163093 0.0309163 0.00574903 0.00199233
30.9688 0.164057 0.0308096 0.00581653 0.00233287
31 0.165018 0.0307114 0.00589452 0.00263913
31.0312 0.165976 0.0305688 0.00598004 0.00281943
31.0625 0.166929 0.0304001 0.00607089 0.00300946
31.0938 0.167876 0.0302369 0.00616863 0.00323867
31.125 0.168818 0.0300423 0.0062722 0.00337346
31.1562 0.169754 0.0298497 0.0063793 0.00349002
31.1875 0.170684 0.0296864 0.00649081 0.00364514
31.2188 0.171609 0.0295029 0.00660652 0.00374864
31.25 0.172528 0.0293153 0.00672441 0.00378269
31.2812 0.173441 0.0291408 0.00684164 0.00369433
31.3125 0.174349 0.0289387 0.00695409 0.00349666
31.3438 0.17525 0.028723 0.0070605 0.00331769
31.375 0.176144 0.0285121 0.00716071 0.00306992
31.4062 0.177032 0.0282961 0.00725101 0.00270482
31.4375 0.177913 0.0280868 0.0073307 0.00241845
31.4688 0.178787 0.0278758 0.00740287 0.00219442
31.5 0.179655 0.0276587 0.00746699 0.00189991
31.5312 0.180516 0.0274545 0.0075219 0.00162944
31.5625 0.181371 0.0272503 0.00756976 0.00144136
31.5938 0.182219 0.0270481 0.00761194 0.00125204
31.625 0.183062 0.0268727 0.00764756 0.00102207
31.6562 0.183899 0.0267089 0.00767578 0.000791583
31.6875 0.184731 0.0265409 0.00769816 0.000664964
31.7188 0.185558 0.0263767 0.00771851 0.000643565
31.75 0.186379 0.026206 0.00773802 0.000596648
31.7812 0.187195 0.0260144 0.00775608 0.000581226
31.8125 0.188005 0.025812 0.00777637 0.000747529
31.8438 0.188809 0.0256155 0.00780363 0.000993516
31.875 0.189606 0.0254178 0.0078379 0.00119558
31.9062 0.190397 0.025204 0.00787892 0.00144867
31.9375 0.191181 0.0249791 0.00792935 0.00178079
31.9688 0.191958 0.0247516 0.0079895 0.00204999
32 0.192728 0.0245219 0.00805658 0.00223927
32.0312 0.193491 0.024276 0.00812973 0.0024474
32.0625 0.194245 0.0240071 0.00820944 0.00264578
32.0938 0.194991 0.0237502 0.00829461 0.00280357
32.125 0.19573 0.0235147 0.00838497 0.00298615
32.1562 0.196461 0.0232662 0.00848147 0.00319037
32.1875 0.197184 0.0230246 0.00858434 0.00339334
32.2188 0.1979 0.0228131 0.00869329 0.00356717
32.25 0.19861 0.0225903 0.00880621 0.0036439
32.2812 0.199312 0.0223449 0.00892066 0.00368354
32.3125 0.200006 0.0220897 0.00903623 0.0036939
32.3438 0.200692 0.0217974 0.00914944 0.00351492
32.375 0.201368 0.0214628 0.00925463 0.00321824
32.4062 0.202033 0.0211127 0.00935137 0.00298488
32.4375 0.202687 0.02075 0.00944117 0.00275283
32.4688 0.20333 0.0203772 0.00952307 0.00249196
32.5 0.203961 0.0200194 0.00959756 0.00228774
32.5312 0.204582 0.0196823 0.00966657 0.00213363
32.5625 0.205191 0.0193437 0.00973111 0.00199877
32.5938 0.205791 0.0190103 0.00979137 0.00185274
32.625 0.20638 0.0187071 0.00984675 0.00169544
32.6562 0.20696 0.0184167 0.00989799 0.00159577
32.6875 0.207531 0.0181319 0.00994672 0.00151774
32.7188 0.208094 0.0178824 0.00999242 0.00140561
32.75 0.208649 0.0176549 0.0100352 0.00135623
32.7812 0.209197 0.0174232 0.0100787 0.00144443
32.8125 0.209738 0.0172075 0.0101264 0.00161638
32.8438 0.210273 0.0170103 0.0101795 0.00177034
32.875 0.210801 0.0168174 0.0102371 0.00193732
32.9062 0.211324 0.016648 0.0103022 0.00224894
32.9375 0.211842 0.0165106 0.0103778 0.00256809
32.9688 0.212356 0.0163845 0.010461 0.00274343
33 0.212866 0.0162617 0.0105498 0.00296339
33.0312 0.213372 0.0161402 0.0106468 0.00323446
33.0625 0.213875 0.0160189 0.0107505 0.00338358
33.0938 0.214374 0.015902 0.0108581 0.00350635
33.125 0.214868 0.0157717 0.01097 0.00365307
33.1562 0.215359 0.0156218 0.011086 0.00376798
33.1875 0.215845 0.0154884 0.0112055 0.00387917
33.2188 0.216327 0.0153664 0.0113276 0.00391747
33.25 0.216805 0.0152204 0.0114496 0.00388824
33.2812 0.217278 0.0150734 0.0115706 0.00384414
33.3125 0.217747 0.014939 0.011688 0.003625
33.3438 0.218212 0.0147913 0.0117958 0.00328171
33.375 0.218672 0.0146366 0.011894 0.00300747
33.4062 0.219127 0.0144813 0.0119828 0.00264568
33.4375 0.219577 0.0143286 0.012058 0.00216552
33.4688 0.220023 0.0142011 0.0121195 0.00180215
33.5 0.220465 0.0140854 0.0121715 0.00152878
33.5312 0.220903 0.0139839 0.0122152 0.00127056
33.5625 0.221339 0.0139203 0.0122515 0.00106059
33.5938 0.221773 0.0138501 0.0122811 0.000822946
33.625 0.222204 0.0137557 0.0123029 0.000580114
33.6562 0.222633 0.0136627 0.0123178 0.000372193
33.6875 0.223058 0.0135331 0.0123253 8.99463e-05
33.7188 0.223478 0.0133714 0.0123236 -0.000177487
33.75 0.223894 0.0132246 0.0123159 -0.000294073
33.7812 0.224305 0.0130606 0.0123053 -0.000392946
33.8125 0.22471 0.012881 0.0122913 -0.000484441
33.8438 0.22511 0.0127283 0.0122771 -0.000391068
33.875 0.225505 0.0125721 0.0122683 -0.000163816
33.9062 0.225896 0.012403 0.0122665 4.04151e-05
33.9375 0.226281 0.0122581 0.0122708 0.000237895
33.9688 0.226662 0.0121291 0.0122818 0.000475597
34 0.227039 0.0120006 0.0123006 0.000728682
34.0312 0.227412 0.0118771 0.0123272 0.000963305
34.0625 0.227781 0.0117527 0.0123603 0.00114551
34.0938 0.228146 0.0116078 0.0123985 0.00130795
34.125 0.228506 0.0114351 0.0124426 0.00152336
34.1562 0.228861 0.0112593 0.0124936 0.00172117
34.1875 0.22921 0.0110786 0.012549 0.001812
34.2188 0.229553 0.0108632 0.0126069 0.00190522
34.25 0.229889 0.0106383 0.0126686 0.00203965
34.2812 0.230218 0.0104246 0.0127329 0.00203969
34.3125 0.23054 0.0101909 0.0127947 0.00191164
34.3438 0.230855 0.00993393 0.0128527 0.00180454
34.375 0.231161 0.00966306 0.0129067 0.00162075
34.4062 0.231458 0.0093768 0.0129524 0.001296
34.4375 0.231747 0.00908522 0.0129882 0.00101678
34.4688 0.232026 0.00877699 0.0130168 0.000813574
34.5 0.232295 0.0084525 0.0130384 0.000558314
34.5312 0.232555 0.00814694 0.0130515 0.000287194
34.5625 0.232805 0.00785413 0.0130573 9.88465e-05
34.5938 0.233045 0.00755457 0.0130584 -2.95539e-05
34.625 0.233277 0.00726829 0.013055 -0.000196758
34.6562 0.2335 0.00699723 0.0130452 -0.000445175
34.6875 0.233714 0.0067196 0.0130272 -0.000697898
34.7188 0.23392 0.00643746 0.0130022 -0.000887349
34.75 0.234117 0.00616917 0.012972 -0.00105041
34.7812 0.234306 0.00592322 0.0129369 -0.00117874
34.8125 0.234487 0.00570031 0.0128999 -0.00115632
34.8438 0.234662 0.00550838 0.0128662 -0.000985829
34.875 0.234832 0.00534447 0.0128383 -0.000806368
34.9062 0.234996 0.00518663 0.0128161 -0.000600574
34.9375 0.235156 0.00502645 0.012802 -0.000284409
34.9688 0.23531 0.00485821 0.0127981 1.37333e-05
35 0.235459 0.0046676 0.0128014 0.00018158
35.0312 0.235602 0.00445895 0.0128089 0.000296129
35.0625 0.235738 0.00423944 0.0128199 0.000406377
35.0938 0.235867 0.00400648 0.0128344 0.000526235
35.125 0.235988 0.00375688 0.0128528 0.000638574
35.1562 0.236101 0.00348643 0.0128734 0.000671374
35.1875 0.236206 0.00321291 0.012895 0.000730936
35.2188 0.236302 0.00294927 0.0129201 0.00086829
35.25 0.23639 0.00268206 0.0129477 0.000865101
35.2812 0.23647 0.00242931 0.0129731 0.000766387
35.3125 0.236542 0.0021943 0.0129964 0.000731119
35.3438 0.236607 0.0019385 0.0130175 0.000583219
35.375 0.236663 0.00168581 0.0130315 0.000312514
35.4062 0.236712 0.00144687 0.0130374 6.04065e-05
35.4375 0.236753 0.00115727 0.0130345 -0.000258581
35.4688 0.236784 0.000838364 0.013021 -0.000595665
35.5 0.236806 0.000539851 0.012998 -0.00087401
35.5312 0.236818 0.000212941 0.0129659 -0.00118457
35.5625 0.236819 -0.000146697 0.0129247 -0.00142923
35.5938 0.236809 -0.000494434 0.0128774 -0.00161063
35.625 0.236788 -0.000848553 0.0128226 -0.00191531
35.6562 0.236756 -0.00121492 0.0127582 -0.00217306
35.6875 0.236712 -0.00158274 0.0126886 -0.002272
35.7188 0.236657 -0.00196922 0.0126149 -0.00247336
35.75 0.236589 -0.0023609 0.0125333 -0.00273233
35.7812 0.236509 -0.00275028 0.0124465 -0.00278922
35.8125 0.236417 -0.00315665 0.0123603 -0.00271715
35.8438 0.236312 -0.00355451 0.0122767 -0.00262519
35.875 0.236195 -0.00392363 0.0121975 -0.00242023
35.9062 0.236067 -0.00428668 0.012127 -0.0020782
35.9375 0.235927 -0.00464849 0.0120677 -0.00172441
35.9688 0.235776 -0.00500753 0.0120184 -0.00144377
36 0.235614 -0.00537678 0.0119773 -0.00117763
36.0312 0.23544 -0.00576174 0.0119451 -0.000884214
36.0625 0.235254 -0.00615781 0.0119215 -0.000638518
36.0938 0.235055 -0.00654955 0.0119044 -0.000467078
36.125 0.234844 -0.00693126 0.0118925 -0.000282041
36.1562 0.234622 -0.00730961 0.0118878 8.89608e-07
36.1875 0.234388 -0.00767748 0.0118931 0.000334801
36.2188 0.234142 -0.00804554 0.0119078 0.000584911
36.25 0.233885 -0.0084354 0.0119289 0.000765181
36.2812 0.233615 -0.00882998 0.0119559 0.000961863
36.3125 0.233333 -0.00922518 0.011988 0.00106539
36.3438 0.233038 -0.00964584 0.0120204 0.000980042
36.375 0.23273 -0.010084 0.0120486 0.000822792
36.4062 0.232408 -0.0105309 0.0120717 0.000651089
36.4375 0.232071 -0.0109974 0.0120885 0.000408548
36.4688 0.23172 -0.0114674 0.0120968 0.000124087
36.5 0.231355 -0.0119268 0.0120964 -0.000150066
36.5312 0.230975 -0.0123819 0.0120878 -0.000392762
36.5625 0.230581 -0.0128159 0.0120723 -0.000594075
36.5938 0.230174 -0.0132068 0.0120505 -0.000802735
36.625 0.229756 -0.0135583 0.0120222 -0.000999069
36.6562 0.229327 -0.0138866 0.0119888 -0.0011372
36.6875 0.228888 -0.0141967 0.0119505 -0.00133322
36.7188 0.22844 -0.0144731 0.0119048 -0.00158479
36.75 0.227984 -0.014725 0.0118529 -0.00171312
36.7812 0.22752 -0.0149927 0.0117985 -0.00176892
36.8125 0.227047 -0.0152617 0.0117417 -0.00186857
36.8438 0.226566 -0.0154999 0.0116825 -0.00189828
36.875 0.226078 -0.015743 0.0116246 -0.00178345
36.9062 0.225582 -0.0159963 0.0115718 -0.00159403
36.9375 0.225079 -0.0162135 0.0115252 -0.00138793
36.9688 0.224569 -0.0164136 0.0114848 -0.00120248
37 0.224053 -0.016624 0.0114501 -0.00101365
37.0312 0.22353 -0.016824 0.0114216 -0.000814765
37.0625 0.223001 -0.0170253 0.0113979 -0.000725082
37.0938 0.222466 -0.0172375 0.0113756 -0.000690859
37.125 0.221924 -0.0174332 0.0113565 -0.000509959
37.1562 0.221376 -0.0176176 0.0113439 -0.00031277
37.1875 0.220823 -0.0177931 0.0113352 -0.000258956
37.2188 0.220265 -0.0179382 0.0113287 -0.000124281
37.25 0.219702 -0.0180761 0.0113287 0.000120229
37.2812 0.219135 -0.0182331 0.0113341 0.000182672
37.3125 0.218562 -0.0183943 0.0113384 8.16884e-05
37.3438 0.217985 -0.0185663 0.0113393 -2.86583e-05
37.375 0.217402 -0.0187602 0.0113356 -0.000230983
37.4062 0.216813 -0.0189515 0.0113237 -0.000537203
37.4375 0.216217 -0.019139 0.0113018 -0.000869622
37.4688 0.215616 -0.0193462 0.0112692 -0.00121397
37.5 0.215008 -0.0195544 0.0112268 -0.00148123
37.5312 0.214394 -0.0197461 0.0111774 -0.00168416
37.5625 0.213774 -0.019947 0.0111208 -0.00194468
37.5938 0.213147 -0.0201551 0.0110562 -0.00216969
37.625 0.212514 -0.0203524 0.0109861 -0.00231537
37.6562 0.211875 -0.0205577 0.0109107 -0.00253154
37.6875 0.21123 -0.0207689 0.0108275 -0.0027862
37.7188 0.210577 -0.020975 0.0107372 -0.00298088
37.75 0.209918 -0.0212014 0.0106412 -0.00316959
37.7812 0.209252 -0.0214395 0.010539 -0.00336367
37.8125 0.208579 -0.0216594 0.0104318 -0.00347425
37.8438 0.207898 -0.0218706 0.0103236 -0.00342818
37.875 0.207212 -0.0220744 0.0102187 -0.00327408
37.9062 0.206519 -0.022256 0.0101189 -0.00311574
37.9375 0.205821 -0.022402 0.0100246 -0.00289825
37.9688 0.205119 -0.0225098 0.0099392 -0.00255339
38 0.204414 -0.0226102 0.00986507 -0.00220311
38.0312 0.203706 -0.0227005 0.00980057 -0.0019363
38.0625 0.202996 -0.0227588 0.00974381 -0.00169378
38.0938 0.202284 -0.0228359 0.00969489 -0.00143687
38.125 0.201568 -0.0229514 0.00965371 -0.00120817
38.1562 0.200849 -0.0230623 0.00961869 -0.00103979
38.1875 0.200127 -0.0231823 0.00958899 -0.000846825
38.2188 0.1994 -0.0233227 0.00956672 -0.000572282
38.25 0.198669 -0.0234568 0.00955243 -0.000370074
38.2812 0.197934 -0.0235889 0.0095419 -0.00032002
38.3125 0.197195 -0.0237254 0.00953233 -0.000286738
38.3438 0.196451 -0.0238723 0.00952378 -0.00027854
38.375 0.195703 -0.0240362 0.00951304 -0.000442674
38.4062 0.194949 -0.024196 0.00949453 -0.000754007
38.4375 0.19419 -0.0243496 0.00946602 -0.00105942
38.4688 0.193427 -0.0244885 0.00942909 -0.00129705
38.5 0.19266 -0.0245906 0.00938466 -0.00156062
38.5312 0.19189 -0.024682 0.00933091 -0.00187668
38.5625 0.191118 -0.0247643 0.00926856 -0.00208624
38.5938 0.190343 -0.0248181 0.00920153 -0.00220834
38.625 0.189567 -0.0248749 0.00912908 -0.00245691
38.6562 0.188788 -0.0249284 0.00904718 -0.00277704
38.6875 0.188009 -0.0249661 0.0089565 -0.00301635
38.7188 0.187228 -0.0250217 0.00885832 -0.00328426
38.75 0.186445 -0.0250672 0.00875051 -0.0036115
38.7812 0.185661 -0.0250873 0.00863375 -0.00383775
38.8125 0.184877 -0.0251288 0.00851173 -0.00396253
38.8438 0.184091 -0.0251644 0.00838661 -0.0040308
38.875 0.183304 -0.0251689 0.00826104 -0.00398489
38.9062 0.182518 -0.0251779 0.00813857 -0.00384104
38.9375 0.181731 -0.0251751 0.00802182 -0.00361534
38.9688 0.180944 -0.0251546 0.00791325 -0.00333473
39 0.180159 -0.0251505 0.00781248 -0.00313372
39.0312 0.179373 -0.0251436 0.00771694 -0.00297163
39.0625 0.178587 -0.0251281 0.00762782 -0.00272078
39.0938 0.177802 -0.0251439 0.00754638 -0.0025157
39.125 0.177015 -0.0251798 0.00746916 -0.00243591
39.1562 0.176228 -0.025206 0.00739472 -0.00230767
39.1875 0.17544 -0.0252449 0.00732585 -0.00209782
39.2188 0.17465 -0.0253085 0.00726306 -0.00193315
39.25 0.173858 -0.0253584 0.00720465 -0.00180283
39.2812 0.173065 -0.0253819 0.00715085 -0.00163386
39.3125 0.172272 -0.0254099 0.00710234 -0.00148549
39.3438 0.171477 -0.0254471 0.00705646 -0.00148084
39.375 0.170681 -0.0254851 0.0070083 -0.00161436
39.4062 0.169884 -0.0255462 0.00695548 -0.00176074
39.4375 0.169084 -0.0256503 0.00689823 -0.00191445
39.4688 0.168281 -0.0257924 0.00683457 -0.00218106
39.5 0.167472 -0.025953 0.00676134 -0.00249831
39.5312 0.166658 -0.0261237 0.00667966 -0.00270585
39.5625 0.165839 -0.0263148 0.00659309 -0.00283471
39.5938 0.165014 -0.0265176 0.00650181 -0.00302171
39.625 0.164182 -0.026726 0.00640376 -0.00325028
39.6562 0.163343 -0.0269593 0.00629939 -0.00341616
39.6875 0.162497 -0.0272011 0.00619045 -0.003566
39.7188 0.161643 -0.0274281 0.0060754 -0.00381438
39.75 0.160782 -0.0276572 0.00595184 -0.00407898
39.7812 0.159915 -0.0278789 0.00582211 -0.00419476
39.8125 0.15904 -0.0280691 0.00569088 -0.0041975
39.8438 0.15816 -0.0282398 0.00555986 -0.00418228
39.875 0.157276 -0.0283956 0.00543069 -0.00405215
39.9062 0.156386 -0.0285345 0.00530861 -0.00373949
39.9375 0.155492 -0.0286707 0.00519721 -0.00339996
39.9688 0.154594 -0.0288011 0.00509555 -0.00310576
40 0.153692 -0.0289214 0.00500374 -0.00275703
40.0312 0.152786 -0.0290529 0.0049235 -0.0023874
40.0625 0.151876 -0.0292027 0.00485333 -0.00212498
40.0938 0.150961 -0.0293554 0.00478985 -0.00193891
40.125 0.150041 -0.0295104 0.00473275 -0.00170099
40.1562 0.149117 -0.0296781 0.00468419 -0.00140561
40.1875 0.148187 -0.0298505 0.00464435 -0.00115712
40.2188 0.147251 -0.0300157 0.00461141 -0.000948675
40.25 0.146311 -0.0301761 0.00458563 -0.000692122
40.2812 0.145365 -0.0303307 0.0045682 -0.000433974
40.3125 0.144415 -0.0304794 0.00455741 -0.000276988
40.3438 0.14346 -0.0306259 0.00454974 -0.000228526
40.375 0.142501 -0.0307611 0.00454239 -0.000251751
40.4062 0.141538 -0.0308909 0.00453329 -0.00034659
40.4375 0.14057 -0.0310432 0.00451935 -0.00057069
40.4688 0.139597 -0.0312108 0.00449646 -0.000898937
40.5 0.13862 -0.031365 0.00446392 -0.00116235
40.5312 0.137637 -0.0315203 0.00442464 -0.00135498
40.5625 0.136649 -0.0316836 0.00437819 -0.00163532
40.5938 0.135657 -0.0318035 0.00432238 -0.00191752
40.625 0.134662 -0.0318743 0.00426004 -0.00205227
40.6562 0.133665 -0.0319497 0.00419401 -0.00219471
40.6875 0.132665 -0.0320186 0.00412136 -0.00246995
40.7188 0.131664 -0.0320638 0.00403966 -0.00274631
40.75 0.130661 -0.0321305 0.00395065 -0.00293967
40.7812 0.129656 -0.0322061 0.0038561 -0.00311457
40.8125 0.128649 -0.0322596 0.0037558 -0.00330171
40.8438 0.127639 -0.0323244 0.00365074 -0.00339332
40.875 0.126628 -0.0323931 0.00354584 -0.00328996
40.9062 0.125615 -0.0324427 0.0034461 -0.00309255
40.9375 0.124601 -0.0324967 0.00335232 -0.00290933
40.9688 0.123584 -0.0325483 0.00326493 -0.00266535
41 0.122566 -0.0325954 0.00318662 -0.00234358
41.0312 0.121547 -0.0326486 0.00311782 -0.00207806
41.0625 0.120526 -0.0326759 0.0030558 -0.00189644
41.0938 0.119505 -0.0326864 0.00299963 -0.00168694
41.125 0.118483 -0.032704 0.00295096 -0.00142606
41.1562 0.117461 -0.0326974 0.00291005 -0.00120369
41.1875 0.11644 -0.0326765 0.00287529 -0.001017
41.2188 0.115419 -0.0326597 0.00284749 -0.000740608
41.25 0.114399 -0.0326279 0.00282984 -0.000392766
41.2812 0.113379 -0.0326085 0.00282158 -0.000166255
41.3125 0.11236 -0.0326108 0.00281809 -6.33362e-05
41.3438 0.111341 -0.0326095 0.00281794 5.75782e-05
41.375 0.110322 -0.0326382 0.00282087 9.95402e-05
41.4062 0.109301 -0.032705 0.00282194 -5.87798e-05
41.4375 0.108278 -0.0327746 0.00281653 -0.000284534
41.4688 0.107252 -0.0328611 0.0028045 -0.000485101
41.5 0.106224 -0.0329717 0.00278578 -0.0007236
41.5312 0.105192 -0.0330881 0.00275879 -0.00100514
41.5625 0.104156 -0.0332068 0.00272338 -0.00124701
41.5938 0.103116 -0.0333121 0.00268189 -0.00139443
41.625 0.102074 -0.033395 0.0026365 -0.00151783
41.6562 0.101029 -0.0334634 0.00258612 -0.00172009
41.6875 0.0999827 -0.0335062 0.00252882 -0.00193797
41.7188 0.0989354 -0.0335225 0.00246585 -0.0020835
41.75 0.0978876 -0.0335395 0.00239831 -0.00225501
41.7812 0.0968389 -0.0335739 0.00232396 -0.00250758
41.8125 0.0957892 -0.0336043 0.00224242 -0.00268278
41.8438 0.094739 -0.0336065 0.00215823 -0.00268053
41.875 0.0936889 -0.0335967 0.00207568 -0.0026003
41.9062 0.0926393 -0.0335719 0.00199579 -0.00250439
41.9375 0.0915912 -0.0334976 0.00192044 -0.00228804
41.9688 0.090546 -0.0333984 0.00185447 -0.00192015
42 0.0895038 -0.0333006 0.00180008 -0.00158177
42.0312 0.088465 -0.0331735 0.00175437 -0.00135279
42.0625 0.0874306 -0.0330334 0.00171587 -0.00109702
42.0938 0.0864002 -0.032914 0.00168628 -0.000802064
42.125 0.0853736 -0.0327836 0.00166472 -0.000597031
42.1562 0.0843515 -0.0326313 0.00164836 -0.00044567
42.1875 0.083334 -0.0324888 0.00163787 -0.000206036
42.2188 0.0823208 -0.0323539 0.00163606 8.53219e-05
42.25 0.081312 -0.0322077 0.00164223 0.000291257
42.2812 0.0803079 -0.0320554 0.00165369 0.000444195
42.3125 0.0793086 -0.0319041 0.00167039 0.000626473
42.3438 0.078314 -0.0317455 0.00169211 0.000737748
42.375 0.0773246 -0.0315774 0.00171451 0.000665604
42.4062 0.0763405 -0.0314027 0.0017325 0.000478281
42.4375 0.0753621 -0.0312096 0.00174438 0.000283673
42.4688 0.07439 -0.0310005 0.00174992 5.7658e-05
42.5 0.0734246 -0.0307876 0.00174697 -0.000259537
42.5312 0.0724661 -0.0305527 0.00173365 -0.000579222
42.5625 0.0715153 -0.0302975 0.00171204 -0.000785512
42.5938 0.0705724 -0.03005 0.00168489 -0.00096184
42.625 0.0696371 -0.0298035 0.00165095 -0.00122207
42.6562 0.0687097 -0.029553 0.00160867 -0.00146734
42.6875 0.06779 -0.0293096 0.00156031 -0.00162134
42.7188 0.0668778 -0.029068 0.00150664 -0.00183782
42.75 0.0659731 -0.0288401 0.00144415 -0.00216665
42.7812 0.0650752 -0.0286261 0.0013721 -0.00241817
42.8125 0.064184 -0.0284067 0.00129448 -0.00253757
42.8438 0.0632995 -0.0282075 0.00121357 -0.00264313
42.875 0.0624209 -0.0280252 0.0011297 -0.00270412
42.9062 0.0615484 -0.0278074 0.00104652 -0.002584
42.9375 0.0606832 -0.0275593 0.000969846 -0.00231023
42.9688 0.0598261 -0.0272933 0.000902191 -0.00202585
43 0.0589777 -0.0269962 0.000842971 -0.00176219
43.0312 0.0581389 -0.0266918 0.000792585 -0.00145126
43.0625 0.0573095 -0.0263876 0.000752646 -0.00110881
43.0938 0.0564897 -0.0260839 0.000722321 -0.000854557
43.125 0.0556789 -0.0258114 0.000698131 -0.000698384
43.1562 0.0548763 -0.0255499 0.00067936 -0.000482233
43.1875 0.0540821 -0.0252824 0.000668918 -0.000185544
43.2188 0.0532959 -0.0250423 0.000666936 4.06932e-05
43.25 0.052517 -0.0248032 0.000671004 0.000227757
43.2812 0.0517459 -0.0245483 0.00068219 0.000501352
43.3125 0.0509823 -0.024331 0.000702102 0.000750506
43.3438 0.050225 -0.0241348 0.000727142 0.000822564
43.375 0.0494741 -0.0239224 0.000752451 0.000792942
43.4062 0.0487295 -0.0237385 0.000776666 0.00075187
43.4375 0.04799 -0.0235923 0.000798443 0.000616157
43.4688 0.047255 -0.0234459 0.00081353 0.000330155
43.5 0.0465245 -0.0233106 0.000818774 1.52296e-05
43.5312 0.0457978 -0.0232009 0.000815542 -0.0002062
43.5625 0.0450744 -0.0230985 0.000806169 -0.000402234
43.5938 0.0443541 -0.0229972 0.000789551 -0.000670028
43.625 0.043637 -0.0229011 0.000764703 -0.000899817
43.6562 0.0429228 -0.0228049 0.000734553 -0.00102231
43.6875 0.0422117 -0.0227041 0.000700105 -0.00120616
43.7188 0.0415038 -0.0226007 0.000657989 -0.00149366
43.75 0.0407993 -0.022487 0.000607431 -0.0017235
43.7812 0.0400987 -0.0223464 0.000551099 -0.00187826
43.8125 0.0394028 -0.0221881 0.000489812 -0.00204874
43.8438 0.038712 -0.0220261 0.000423273 -0.00219462
43.875 0.0380264 -0.0218433 0.000354282 -0.00218802
43.9062 0.037347 -0.0216421 0.000288371 -0.00201017
43.9375 0.0366737 -0.0214509 0.000229091 -0.0017862
43.9688 0.0360063 -0.0212564 0.000176664 -0.0015619
44 0.0353454 -0.0210376 0.000132572 -0.00123787
44.0312 0.0346915 -0.0208141 0.000100093 -0.000844665
44.0625 0.0340444 -0.020601 7.85463e-05 -0.00056146
44.0938 0.0334038 -0.0204034 6.38664e-05 -0.000380047
44.125 0.032769 -0.0202272 5.55384e-05 -0.000136348
44.1562 0.0321395 -0.0200582 5.57211e-05 0.000138508
44.1875 0.0315153 -0.0198942 6.29977e-05 0.000309064
44.2188 0.030896 -0.0197366 7.48665e-05 0.000465746
44.25 0.030282 -0.019552 9.35462e-05 0.000748266
44.2812 0.0296744 -0.0193343 0.000121659 0.00103273
44.3125 0.0290737 -0.0191069 0.000156532 0.00117825
44.3438 0.0284804 -0.0188604 0.000194749 0.00126809
44.375 0.0278951 -0.0186032 0.000235686 0.00134145
44.4062 0.0273175 -0.0183658 0.00027726 0.00129089
44.4375 0.0267471 -0.0181404 0.000314648 0.00107985
44.4688 0.0261837 -0.0179207 0.000343972 0.000795153
44.5 0.0256269 -0.0177196 0.000364737 0.000542559
44.5312 0.025076 -0.0175374 0.00037796 0.000294056
44.5625 0.0245306 -0.017372 0.000382194 -3.28536e-05
44.5938 0.0239902 -0.0172094 0.000376362 -0.00031646
44.625 0.023455 -0.0170456 0.000364045 -0.000456865
44.6562 0.0229246 -0.0169046 0.000347464 -0.000625553
44.6875 0.0223984 -0.0167712 0.000323707 -0.000902474
44.7188 0.0218766 -0.0166207 0.00029159 -0.00113498
44.75 0.0213594 -0.0164851 0.000253579 -0.001297
44.7812 0.0208461 -0.016371 0.000209836 -0.00151801
44.8125 0.0203364 -0.0162419 0.000158328 -0.00176884
44.8438 0.019831 -0.0161065 0.000100811 -0.00188012
44.875 0.0193296 -0.0159831 4.24947e-05 -0.0018364
44.9062 0.0188322 -0.0158501 -1.36274e-05 -0.00175427
44.9375 0.0183391 -0.015708 -6.66651e-05 -0.00162155
44.9688 0.0178503 -0.0155794 -0.000113294 -0.00133471
45 0.0173655 -0.015445 -0.000149049 -0.000953689
45.0312 0.0168852 -0.0152946 -0.000173779 -0.00064894
45.0625 0.0164094 -0.0151541 -0.000190351 -0.000410217
45.0938 0.0159382 -0.0149994 -0.000198715 -0.000112792
45.125 0.0154723 -0.0148133 -0.000197379 0.000183583
45.1562 0.015012 -0.0146528 -0.000188641 0.000355923
45.1875 0.0145563 -0.0145163 -0.000175397 0.000504678
45.2188 0.014105 -0.0143617 -0.000155807 0.000766489
45.25 0.0136585 -0.0142188 -0.000127331 0.0010435
45.2812 0.0132161 -0.0140925 -9.16886e-05 0.00122392
45.3125 0.0127778 -0.0139572 -5.10141e-05 0.00138505
45.3438 0.0123437 -0.013834 -4.84011e-06 0.00156633
45.375 0.0119131 -0.0137242 4.58332e-05 0.00164858
45.4062 0.0114858 -0.0136305 9.62002e-05 0.00154595
45.4375 0.0110607 -0.0135792 0.00014134 0.00133811
45.4688 0.0106368 -0.0135494 0.000180004 0.00113891
45.5 0.0102138 -0.0135303 0.000212008 0.000889159
45.5312 0.00979101 -0.0135262 0.00023421 0.000519635
45.5625 0.00936864 -0.0134998 0.000244993 0.000196234
45.5938 0.00894756 -0.013447 0.000248135 1.91585e-05
45.625 0.00852832 -0.0133806 0.00024585 -0.000184396
45.6562 0.00811163 -0.0132813 0.000235712 -0.000464224
45.6875 0.00769852 -0.0131547 0.000217795 -0.000661285
45.7188 0.00728965 -0.0130101 0.000195032 -0.000801781
45.75 0.00688551 -0.0128551 0.000166556 -0.0010407
45.7812 0.00648613 -0.0127051 0.000129453 -0.00132735
45.8125 0.00609164 -0.0125377 8.46867e-05 -0.00151587
45.8438 0.00570263 -0.0123618 3.5804e-05 -0.00160233
45.875 0.00531875 -0.0122088 -1.5173e-05 -0.00165722
45.9062 0.00493979 -0.0120375 -6.71937e-05 -0.00165259
45.9375 0.00456673 -0.0118367 -0.00011664 -0.00147886
45.9688 0.0041999 -0.0116417 -0.000158074 -0.00116298
46 0.00383928 -0.0114333 -0.000189626 -0.000869063
46.0312 0.00348555 -0.0112031 -0.000212839 -0.000612316
46.0625 0.00313916 -0.0109638 -0.000227056 -0.000283169
46.0938 0.00280052 -0.0107061 -0.000230424 5.25686e-05
46.125 0.00247016 -0.0104353 -0.000225367 0.000245885
46.1562 0.00214853 -0.010143 -0.000215653 0.000385338
46.1875 0.00183654 -0.00982198 -0.00020008 0.00062803
46.2188 0.00153463 -0.00950204 -0.000176363 0.000874282
46.25 0.00124268 -0.0091804 -0.000146619 0.00101854
46.2812 0.000960947 -0.00885134 -0.000112383 0.00118956
46.3125 0.000689388 -0.00852799 -7.1383e-05 0.00143649
46.3438 0.000428203 -0.00818184 -2.35155e-05 0.00159987
46.375 0.000178217 -0.00781899 2.68257e-05 0.00159904
46.4062 -6.07476e-05 -0.00747764 7.56254e-05 0.0015199
46.4375 -0.000289021 -0.00712675 0.000121624 0.00141589
46.4688 -0.000505999 -0.00676245 0.000162976 0.00120372
46.5 -0.000712112 -0.00643647 0.000195265 0.000847757
46.5312 -0.000908481 -0.00612945 0.000216156 0.000508054
46.5625 -0.00109501 -0.00580723 0.000228302 0.000280708
46.5938 -0.00127156 -0.00549502 0.000233414 3.08524e-05
46.625 -0.00143853 -0.00518942 0.000229557 -0.000274488
46.6562 -0.00159567 -0.00486465 0.000217387 -0.000479903
46.6875 -0.00174265 -0.00454662 0.000200482 -0.000603558
46.7188 -0.00188012 -0.00425468 0.000178722 -0.000809347
46.75 -0.00200861 -0.00396823 0.000149125 -0.00108451
46.7812 -0.00212826 -0.00369349 0.000111676 -0.00129462
46.8125 -0.0022397 -0.00344104 6.90501e-05 -0.0014289
46.8438 -0.0023433 -0.00318788 2.21408e-05 -0.00157924
46.875 -0.00243887 -0.0029278 -2.94044e-05 -0.00170007
46.9062 -0.00252617 -0.00265491 -8.20604e-05 -0.00163247
46.9375 -0.00260443 -0.00234817 -0.000129751 -0.00140912
46.9688 -0.00267275 -0.00202311 -0.000170252 -0.00118864
47 -0.00273073 -0.00168221 -0.000203822 -0.000943642
47.0312 -0.00277742 -0.00130022 -0.000227813 -0.000572136
47.0625 -0.0028119 -0.000909252 -0.000239361 -0.000182594
47.0938 -0.00283451 -0.000540558 -0.000240882 5.95526e-05
47.125 -0.00284563 -0.000168954 -0.000236256 0.000244802
47.1562 -0.00284508 0.000200713 -0.00022461 0.000510924
47.1875 -0.0028334 0.00054195 -0.000204712 0.00074202
47.2188 -0.00281138 0.000866854 -0.000179477 0.000864704
47.25 -0.00277924 0.00118913 -0.000150155 0.00103084
47.2812 -0.00273718 0.00149983 -0.000114098 0.00128079
47.3125 -0.00268574 0.00178845 -7.06787e-05 0.00147989
47.3438 -0.00262559 0.0020593 -2.27759e-05 0.00157076
47.375 -0.00255703 0.0023303 2.69179e-05 0.00160524
47.4062 -0.00247986 0.00260989 7.72754e-05 0.00160852
47.4375 -0.00239385 0.00289576 0.000126239 0.00149546
47.4688 -0.0022988 0.00318792 0.000168751 0.00120073
47.5 -0.0021946 0.00348066 0.000200869 0.00086573
47.5312 -0.0020813 0.00377003 0.000223829 0.0006117
47.5625 -0.00195893 0.00406288 0.000238573 0.000311984
47.5938 -0.00182738 0.00435429 0.000242496 -5.66046e-05
47.625 -0.0016869 0.00463566 0.000236472 -0.000297623
47.6562 -0.00153753 0.00492917 0.000225123 -0.00042849
47.6875 -0.00137852 0.00525026 0.000208757 -0.000638381
47.7188 -0.0012094 0.00557107 0.000184673 -0.000897166
47.75 -0.00103043 0.00588347 0.000153627 -0.00107379
47.7812 -0.000841551 0.00620647 0.000117953 -0.00121522
47.8125 -0.000642604 0.00652241 7.68729e-05 -0.00142574
47.8438 -0.000434102 0.00682107 2.88833e-05 -0.00162907
47.875 -0.000216134 0.0071329 -2.31952e-05 -0.00167255
47.9062 1.18888e-05 0.00746163 -7.42131e-05 -0.00158159
47.9375 0.000250229 0.00779286 -0.000121851 -0.00146488
47.9688 0.000499104 0.00813944 -0.00016505 -0.0012771
48 0.000759224 0.00851163 -0.000199935 -0.00093123
48.0312 0.00103115 0.00889045 -0.000222658 -0.000531014
48.0625 0.00131472 0.00925618 -0.000234292 -0.000233261
48.0938 0.00160969 0.00962377 -0.00023773 1.94525e-05
48.125 0.00191632 0.00999968 -0.000232325 0.000333943
48.1562 0.00223441 0.0103533 -0.000217351 0.000601812
48.1875 0.00256326 0.0106949 -0.000196261 0.000732272
48.2188 0.00290305 0.0110536 -0.00017144 0.000873698
48.25 0.00325413 0.011415 -0.000140493 0.00111645
48.2812 0.00361661 0.0117885 -0.000102015 0.00132899
48.3125 0.00399115 0.012183 -5.84964e-05 0.00144642
48.3438 0.00437796 0.0125716 -1.15831e-05 0.00156311
48.375 0.00477698 0.0129686 3.94287e-05 0.0016953
48.4062 0.00518846 0.0133601 9.30636e-05 0.0017041
48.4375 0.00561139 0.0136999 0.000143785 0.00151613
48.4688 0.00604464 0.0140318 0.000187253 0.00127131
48.5 0.00648843 0.0143647 0.000223617 0.00105183
48.5312 0.00694176 0.0146371 0.000251814 0.000726596
48.5625 0.00740291 0.0148758 0.000268083 0.000319369
48.5938 0.00787137 0.0150992 0.000273143 3.23806e-05
48.625 0.00834604 0.0152722 0.000271142 -0.00016026
48.6562 0.00882571 0.0154273 0.0002625 -0.000403881
48.6875 0.00931026 0.0155808 0.000245812 -0.000654295
48.7188 0.00979926 0.0157135 0.00022255 -0.000820777
48.75 0.0102925 0.0158599 0.000194799 -0.000961544
48.7812 0.0107907 0.016026 0.000161643 -0.00117398
48.8125 0.011294 0.016182 0.000121135 -0.00141044
48.8438 0.0118021 0.0163334 7.46733e-05 -0.00153939
48.875 0.0123148 0.0164833 2.60437e-05 -0.00156499
48.9062 0.0128323 0.0166327 -2.30975e-05 -0.00157939
48.9375 0.0133544 0.0167866 -7.19094e-05 -0.00151764
48.9688 0.0138814 0.0169388 -0.00011574 -0.00125393
49 0.0144132 0.0171024 -0.000149177 -0.000887795
49.0312 0.0149504 0.0172744 -0.000172058 -0.000590308
49.0625 0.0154927 0.0174284 -0.000186117 -0.000295634
49.0938 0.0160396 0.0175745 -0.000189457 9.04687e-05
49.125 0.016591 0.0177161 -0.000181172 0.000410672
49.1562 0.0171465 0.0178286 -0.000165679 0.000562892
49.1875 0.0177052 0.0179248 -0.000145827 0.000725285
49.2188 0.0182669 0.0180291 -0.000119419 0.000966933
49.25 0.0188319 0.0181293 -8.61265e-05 0.00114609
49.2812 0.0193999 0.0182165 -4.84291e-05 0.0012678
49.3125 0.0199706 0.018315 -6.3192e-06 0.00143816
49.3438 0.0205448 0.0184353 4.17692e-05 0.00163563
49.375 0.0211227 0.0185459 9.50182e-05 0.0017488
49.4062 0.0217037 0.0186391 0.000149411 0.00170954
49.4375 0.0222877 0.0187366 0.000201148 0.00160093
49.4688 0.0228746 0.0188193 0.000249424 0.00147853
49.5 0.0234636 0.0188726 0.000292036 0.00121633
49.5312 0.0240541 0.0189262 0.000323988 0.000823611
49.5625 0.0246466 0.0189915 0.000344354 0.000502941
49.5938 0.0252412 0.0190679 0.00035646 0.000275269
49.625 0.0258385 0.0191582 0.000361074 8.98977e-06
49.6562 0.0264386 0.0192474 0.000356916 -0.000263148
49.6875 0.0270415 0.0193439 0.000345966 -0.000415265
49.7188 0.0276478 0.0194639 0.000331612 -0.000508977
49.75 0.028258 0.0195846 0.000313133 -0.000691677
49.7812 0.0288718 0.0196988 0.00028796 -0.000911499
49.8125 0.0294893 0.0198246 0.000257229 -0.00103729
49.8438 0.0301109 0.0199529 0.000223662 -0.00111377
49.875 0.0307362 0.0200647 0.000187169 -0.00122498
49.9062 0.0313648 0.0201617 0.000147787 -0.001269
49.9375 0.0319962 0.0202514 0.000109974 -0.00111936
49.9688 0.0326304 0.0203361 7.89566e-05 -0.000862772
