0 0 0 0 0
0.03125 0.000234375 0.015 6.39434e-38 7.10318e-35
0.0625 0.0009375 0.03 4.23461e-28 2.16879e-25
0.09375 0.00210938 0.045 1.58345e-22 5.30319e-20
0.125 0.00375 0.06 1.22904e-18 3.03237e-16
0.15625 0.00585937 0.075 1.10011e-15 2.11292e-13
0.1875 0.0084375 0.09 2.40215e-13 3.72164e-11
0.21875 0.0114844 0.105 1.96234e-11 2.51227e-09
0.25 0.015 0.12 7.53225e-10 7.98691e-08
0.28125 0.0189844 0.135 1.54369e-08 1.35805e-06
0.3125 0.0234375 0.149996 1.91716e-07 1.41325e-05
0.34375 0.0283591 0.164987 1.56542e-06 9.50172e-05
0.375 0.0337495 0.180015 8.55965e-06 0.000413383
0.40625 0.0396116 0.195192 3.29124e-05 0.00126373
0.4375 0.0459497 0.210412 9.64395e-05 0.00294774
0.46875 0.0527551 0.224933 0.000223709 0.00525297
0.5 0.0599947 0.238261 0.000429157 0.00805012
0.53125 0.0676495 0.251924 0.000742695 0.012293
0.5625 0.075766 0.267949 0.00120828 0.0175696
0.59375 0.0844108 0.285329 0.00184621 0.0234557
0.625 0.0935962 0.302605 0.00269276 0.0310222
0.65625 0.103344 0.321707 0.00379724 0.0397623
0.6875 0.11372 0.342225 0.00518274 0.0490084
0.71875 0.124693 0.35918 0.00686914 0.0591132
0.75 0.136129 0.372474 0.00889053 0.0704081
0.78125 0.147973 0.385526 0.0112675 0.0815146
0.8125 0.160199 0.396183 0.0139776 0.0920826
0.84375 0.172698 0.40355 0.0170455 0.104559
0.875 0.185429 0.411504 0.0205079 0.116699
0.90625 0.198414 0.419177 0.0243344 0.128614
0.9375 0.211608 0.425244 0.0285829 0.143579
0.96875 0.225012 0.433027 0.0332897 0.15709
1 0.238684 0.441824 0.0383931 0.16999
1.03125 0.252619 0.45022 0.0439476 0.185618
1.0625 0.266849 0.460975 0.0499684 0.199169
1.09375 0.281445 0.473151 0.0563902 0.212195
1.125 0.296421 0.48553 0.0632501 0.226784
1.15625 0.31182 0.500449 0.0705434 0.239695
1.1875 0.327712 0.516637 0.0782324 0.252654
1.21875 0.344113 0.533285 0.086345 0.26653
1.25 0.36107 0.552355 0.0948835 0.279862
1.28125 0.378643 0.572283 0.103841 0.293601
1.3125 0.396842 0.592798 0.113248 0.308673
1.34375 0.415717 0.615435 0.123144 0.324874
1.375 0.43531 0.638437 0.133569 0.342725
1.40625 0.455625 0.662081 0.144586 0.362396
1.4375 0.476709 0.687447 0.156188 0.379318
1.46875 0.498591 0.712939 0.168267 0.394071
1.5 0.521278 0.739347 0.180901 0.416551
1.53125 0.544811 0.766733 0.194444 0.452557
1.5625 0.569187 0.793184 0.209297 0.498591
1.59375 0.594392 0.820205 0.225522 0.53666
1.625 0.620466 0.8487 0.24262 0.555337
1.65625 0.647442 0.877923 0.260235 0.57391
1.6875 0.675347 0.908033 0.2786 0.601847
1.71875 0.704186 0.93744 0.297785 0.62442
1.75 0.733928 0.96608 0.31758 0.643072
1.78125 0.764572 0.995108 0.33808 0.670984
1.8125 0.7961 1.02221 0.359616 0.707937
1.84375 0.828443 1.04783 0.382291 0.741983
1.875 0.861615 1.07569 0.40596 0.77396
1.90625 0.895695 1.10557 0.430807 0.818498
1.9375 0.930717 1.13587 0.457154 0.866674
1.96875 0.966688 1.16631 0.484924 0.911359
2 1.00361 1.197 0.514233 0.965835
2.03125 1.0415 1.22724 0.545222 1.01424
2.0625 1.08028 1.25455 0.577447 1.04737
2.09375 1.11988 1.27933 0.610723 1.08215
2.125 1.16024 1.30359 0.64486 1.09613
2.15625 1.20133 1.32528 0.678859 1.07684
2.1875 1.24305 1.34471 0.712171 1.05609
2.21875 1.28538 1.36501 0.744754 1.02427
2.25 1.32835 1.38487 0.775858 0.963559
2.28125 1.37192 1.4038 0.80504 0.907257
2.3125 1.41611 1.42407 0.832661 0.859071
2.34375 1.46093 1.4447 0.858544 0.795201
2.375 1.50639 1.46439 0.882412 0.73562
2.40625 1.55246 1.48384 0.904691 0.690645
2.4375 1.59912 1.50243 0.92545 0.63505
2.46875 1.64633 1.51864 0.944305 0.572799
2.5 1.69401 1.53204 0.961391 0.522444
2.53125 1.74206 1.54279 0.976954 0.472267
2.5625 1.79039 1.54977 0.990874 0.419559
2.59375 1.83887 1.55191 1.00325 0.372658
2.625 1.88734 1.54989 1.014 0.310946
2.65625 1.93569 1.54347 1.02253 0.235788
2.6875 1.98376 1.53226 1.02896 0.180237
2.71875 2.03142 1.51787 1.03401 0.144635
2.75 2.07859 1.50002 1.03799 0.108999
2.78125 2.12512 1.47714 1.04084 0.0760545
2.8125 2.17088 1.45087 1.04304 0.0714462
2.84375 2.21578 1.4227 1.04572 0.105534
2.875 2.25977 1.3921 1.04981 0.156503
2.90625 2.30277 1.36019 1.05545 0.203582
2.9375 2.34478 1.32779 1.06264 0.260861
2.96875 2.38575 1.29409 1.0721 0.350028
3 2.42565 1.25917 1.08471 0.457457
3.03125 2.46442 1.22167 1.10062 0.556991
3.0625 2.50196 1.18036 1.11901 0.608563
3.09375 2.53818 1.13762 1.13805 0.605001
3.125 2.57306 1.09467 1.15683 0.599831
3.15625 2.60658 1.05022 1.17567 0.607225
3.1875 2.63868 1.00426 1.19498 0.633545
3.21875 2.66934 0.957613 1.21552 0.681271
3.25 2.69851 0.909086 1.23737 0.714839
3.28125 2.72611 0.856134 1.26034 0.761637
3.3125 2.75198 0.799105 1.28512 0.81895
3.34375 2.77602 0.738987 1.31082 0.814963
3.375 2.79812 0.674905 1.33594 0.800421
3.40625 2.81817 0.60819 1.36148 0.839897
3.4375 2.83612 0.540484 1.3884 0.878844
3.46875 2.85195 0.472669 1.41645 0.924892
3.5 2.86568 0.406059 1.44705 1.04751
3.53125 2.87734 0.340017 1.48246 1.22121
3.5625 2.88694 0.275187 1.52329 1.39157
3.59375 2.89456 0.212467 1.56968 1.5837
3.625 2.90022 0.149477 1.62239 1.78346
3.65625 2.9039 0.0863185 1.68038 1.91482
3.6875 2.90563 0.0246177 1.7416 2.00071
3.71875 2.90544 -0.0370743 1.80528 2.07043
3.75 2.90331 -0.0984933 1.8707 2.11355
3.78125 2.89931 -0.157069 1.93719 2.13573
3.8125 2.89353 -0.212967 2.00357 2.10181
3.84375 2.88603 -0.266527 2.06815 2.0307
3.875 2.87692 -0.315058 2.13059 1.96524
3.90625 2.8664 -0.357574 2.19079 1.88328
3.9375 2.85462 -0.395443 2.2481 1.78273
3.96875 2.84173 -0.428419 2.30206 1.66746
4 2.82789 -0.456872 2.35225 1.5471
4.03125 2.81321 -0.482292 2.39902 1.44991
4.0625 2.79778 -0.504587 2.44274 1.33886
4.09375 2.78171 -0.523713 2.48189 1.15437
4.125 2.76507 -0.54075 2.51442 0.925767
4.15625 2.74792 -0.556584 2.53991 0.708886
4.1875 2.7303 -0.571071 2.55865 0.48408
4.21875 2.71224 -0.584968 2.56966 0.213307
4.25 2.69372 -0.600297 2.57172 -0.0822134
4.28125 2.67472 -0.615623 2.56441 -0.390494
4.3125 2.65528 -0.627957 2.54692 -0.733629
4.34375 2.6355 -0.637434 2.51862 -1.07154
4.375 2.61547 -0.644096 2.48039 -1.37017
4.40625 2.59528 -0.647267 2.4331 -1.65485
4.4375 2.57504 -0.647482 2.37727 -1.91083
4.46875 2.55483 -0.645663 2.314 -2.13625
4.5 2.5347 -0.643198 2.24394 -2.34223
4.53125 2.51464 -0.640542 2.16809 -2.50484
4.5625 2.49467 -0.637098 2.08768 -2.63836
4.59375 2.47482 -0.633094 2.0034 -2.74992
4.625 2.45511 -0.628877 1.91624 -2.82112
4.65625 2.43552 -0.624976 1.82754 -2.84975
4.6875 2.41604 -0.621741 1.73836 -2.85662
4.71875 2.39665 -0.619463 1.64913 -2.84724
4.75 2.37728 -0.620673 1.56118 -2.7674
4.78125 2.35781 -0.626589 1.47662 -2.64695
4.8125 2.33809 -0.63592 1.39528 -2.56593
4.84375 2.31801 -0.65029 1.31606 -2.50449
4.875 2.29738 -0.670818 1.23861 -2.45732
4.90625 2.27605 -0.694819 1.16223 -2.43024
4.9375 2.25393 -0.72116 1.0871 -2.36874
4.96875 2.23095 -0.750166 1.01475 -2.25514
5 2.20703 -0.780458 0.946309 -2.12545
5.03125 2.18217 -0.810324 0.881838 -2.00158
5.0625 2.15639 -0.840064 0.821284 -1.87012
5.09375 2.12966 -0.869996 0.76528 -1.70961
5.125 2.10203 -0.898228 0.714469 -1.54601
5.15625 2.07354 -0.925291 0.66835 -1.40852
5.1875 2.04419 -0.95339 0.626502 -1.2667
5.21875 2.01395 -0.981587 0.589185 -1.12648
5.25 1.98284 -1.00931 0.555575 -1.03347
5.28125 1.95087 -1.03698 0.524192 -0.979
5.3125 1.91804 -1.06396 0.494166 -0.946996
5.34375 1.88438 -1.08967 0.464677 -0.945473
5.375 1.84996 -1.11289 0.43491 -0.958393
5.40625 1.81486 -1.13347 0.405097 -0.942554
5.4375 1.77913 -1.1529 0.376301 -0.899804
5.46875 1.74282 -1.1708 0.348686 -0.871083
5.5 1.70598 -1.18628 0.321786 -0.848896
5.53125 1.6687 -1.19915 0.295836 -0.807401
5.5625 1.63107 -1.20829 0.271709 -0.72881
5.59375 1.59322 -1.21405 0.250766 -0.606111
5.625 1.55521 -1.2179 0.233953 -0.470288
5.65625 1.51713 -1.21877 0.221359 -0.335008
5.6875 1.47907 -1.21737 0.21306 -0.196278
5.71875 1.44103 -1.2173 0.209008 -0.0652374
5.75 1.40298 -1.21793 0.208799 0.0478029
5.78125 1.36492 -1.21764 0.211701 0.133611
5.8125 1.32686 -1.21848 0.216985 0.203223
5.84375 1.28876 -1.22018 0.224224 0.25379
5.875 1.25062 -1.22062 0.232248 0.249116
5.90625 1.21248 -1.22023 0.23934 0.202733
5.9375 1.17436 -1.21919 0.245079 0.169866
5.96875 1.13629 -1.21689 0.250256 0.164146
6 1.09831 -1.21379 0.255341 0.159107
6.03125 1.06044 -1.20986 0.259985 0.13393
6.0625 1.0227 -1.20505 0.263401 0.0788005
6.09375 0.985118 -1.20053 0.264509 -0.0140228
6.125 0.947667 -1.19626 0.262264 -0.131067
6.15625 0.91037 -1.19034 0.256407 -0.240179
6.1875 0.87329 -1.18262 0.247529 -0.323673
6.21875 0.836462 -1.17416 0.23637 -0.389059
6.25 0.79993 -1.16327 0.223197 -0.455737
6.28125 0.763792 -1.14928 0.207737 -0.536153
6.3125 0.728107 -1.13452 0.189592 -0.625217
6.34375 0.692904 -1.11788 0.168775 -0.703167
6.375 0.658277 -1.09788 0.145992 -0.748466
6.40625 0.624285 -1.07787 0.122375 -0.758075
6.4375 0.590901 -1.05855 0.0988525 -0.743704
6.46875 0.558138 -1.03825 0.0762001 -0.699691
6.5 0.525995 -1.01942 0.0555208 -0.618951
6.53125 0.49439 -1.00371 0.0376478 -0.524816
6.5625 0.463248 -0.989489 0.0227551 -0.425878
6.59375 0.432542 -0.97575 0.0113134 -0.300692
6.625 0.402261 -0.962283 0.00429865 -0.143801
6.65625 0.372393 -0.94942 0.00248666 0.0275673
6.6875 0.342917 -0.937068 0.00576513 0.174981
6.71875 0.313826 -0.924747 0.0129937 0.28405
6.75 0.285114 -0.912911 0.0235735 0.396267
6.78125 0.256771 -0.900883 0.0377812 0.508215
6.8125 0.228817 -0.888204 0.0547881 0.570462
6.84375 0.201259 -0.875325 0.0729889 0.590181
6.875 0.174135 -0.859982 0.0914571 0.587182
6.90625 0.147544 -0.841549 0.109247 0.542048
6.9375 0.121545 -0.822285 0.124716 0.439298
6.96875 0.0961702 -0.801232 0.136427 0.311377
7 0.0714937 -0.777851 0.144501 0.211161
7.03125 0.0475571 -0.754105 0.149713 0.118178
7.0625 0.0243642 -0.73017 0.151448 -0.0136039
7.09375 0.00192508 -0.705878 0.148658 -0.165632
7.125 -0.019744 -0.680684 0.14108 -0.319516
7.15625 -0.0406022 -0.654115 0.128779 -0.463954
7.1875 -0.0606256 -0.627334 0.112367 -0.583029
7.21875 -0.0797882 -0.598393 0.092418 -0.693087
7.25 -0.0979801 -0.565367 0.069243 -0.784274
7.28125 -0.115109 -0.530769 0.0437271 -0.847108
7.3125 -0.131135 -0.494378 0.0161235 -0.924244
7.34375 -0.145978 -0.455346 -0.0141401 -1.00957
7.375 -0.159596 -0.416353 -0.0466139 -1.06306
7.40625 -0.171995 -0.376863 -0.0803552 -1.09362
7.4375 -0.183136 -0.336199 -0.114596 -1.08671
7.46875 -0.193018 -0.29636 -0.147325 -0.992055
7.5 -0.201654 -0.256163 -0.175938 -0.836216
7.53125 -0.209024 -0.215713 -0.199756 -0.691803
7.5625 -0.215154 -0.176738 -0.219042 -0.53345
7.59375 -0.220064 -0.137251 -0.232416 -0.315408
7.625 -0.223729 -0.0975377 -0.238803 -0.0994408
7.65625 -0.226176 -0.0591691 -0.238849 0.0991853
7.6875 -0.227416 -0.0198751 -0.232214 0.329914
7.71875 -0.227407 0.0203689 -0.218399 0.545405
7.75 -0.226166 0.058492 -0.198687 0.710148
7.78125 -0.223784 0.0935937 -0.174223 0.852732
7.8125 -0.220332 0.127142 -0.145612 0.975267
7.84375 -0.215851 0.159228 -0.113393 1.08402
7.875 -0.210417 0.18797 -0.0783426 1.14555
7.90625 -0.20412 0.215121 -0.0427671 1.11842
7.9375 -0.196964 0.242863 -0.00887381 1.04842
7.96875 -0.188959 0.269137 0.0226421 0.965645
8 -0.180146 0.295133 0.0512766 0.864569
8.03125 -0.170501 0.322019 0.0765828 0.75367
8.0625 -0.160044 0.34688 0.0983083 0.636747
8.09375 -0.148819 0.371888 0.116472 0.527011
8.125 -0.13678 0.398591 0.131081 0.400258
8.15625 -0.123925 0.423883 0.140896 0.221273
8.1875 -0.110279 0.449885 0.144989 0.0497417
8.21875 -0.0957828 0.478008 0.144727 -0.0573018
8.25 -0.0804122 0.505554 0.141575 -0.148025
8.28125 -0.0641855 0.533043 0.135109 -0.270485
8.3125 -0.0470998 0.560226 0.124617 -0.398432
8.34375 -0.0291858 0.586126 0.110392 -0.510641
8.375 -0.0104769 0.610897 0.0926772 -0.623474
8.40625 0.00895594 0.632042 0.0715874 -0.720048
8.4375 0.0289926 0.650108 0.0481694 -0.771048
8.46875 0.0495834 0.667515 0.023796 -0.782769
8.5 0.0706867 0.682635 -0.000296063 -0.75093
8.53125 0.0922354 0.69659 -0.0227323 -0.681676
8.5625 0.114235 0.711469 -0.042818 -0.601802
8.59375 0.136695 0.725749 -0.059999 -0.489351
8.625 0.159593 0.73987 -0.0729438 -0.335288
8.65625 0.182939 0.754166 -0.0809186 -0.175455
8.6875 0.206721 0.767832 -0.0838178 -0.00702017
8.71875 0.230931 0.781662 -0.0812257 0.172632
8.75 0.255567 0.794814 -0.0731701 0.340096
8.78125 0.280601 0.807403 -0.0600986 0.494925
8.8125 0.306036 0.820373 -0.0423857 0.634677
8.84375 0.331852 0.831409 -0.0208239 0.736819
8.875 0.357981 0.840833 0.00308557 0.785126
8.90625 0.384414 0.850998 0.0279442 0.804196
8.9375 0.411173 0.861649 0.0531986 0.805639
8.96875 0.438276 0.873151 0.0776122 0.745193
9 0.465751 0.885268 0.0994593 0.656563
9.03125 0.493609 0.897795 0.119123 0.608056
9.0625 0.521881 0.911821 0.137481 0.562649
9.09375 0.550587 0.924923 0.154023 0.493267
9.125 0.579664 0.935886 0.168127 0.404739
9.15625 0.609086 0.947236 0.178972 0.285166
9.1875 0.638862 0.958187 0.185897 0.159456
9.21875 0.66896 0.968042 0.189002 0.039252
9.25 0.699376 0.978796 0.188407 -0.07382
9.28125 0.730141 0.990157 0.184734 -0.15599
9.3125 0.76126 1.00154 0.178765 -0.22839
9.34375 0.792746 1.01372 0.170154 -0.328534
9.375 0.824623 1.02634 0.157936 -0.455944
9.40625 0.856888 1.0386 0.141737 -0.575211
9.4375 0.889535 1.0509 0.122511 -0.646611
9.46875 0.922578 1.06387 0.101661 -0.68567
9.5 0.956014 1.07565 0.0798378 -0.703845
9.53125 0.989787 1.08582 0.0584685 -0.648338
9.5625 1.0239 1.0974 0.0400155 -0.528675
9.59375 1.05837 1.10846 0.0253637 -0.410356
9.625 1.09313 1.11599 0.0145886 -0.271214
9.65625 1.12811 1.1225 0.00889928 -0.0883212
9.6875 1.16326 1.12641 0.00915911 0.105647
9.71875 1.19845 1.12474 0.01565 0.313086
9.75 1.23353 1.12028 0.0287836 0.524068
9.78125 1.26844 1.1129 0.0479294 0.69145
9.8125 1.30305 1.10197 0.0715094 0.814196
9.84375 1.33731 1.09041 0.0988925 0.94156
9.875 1.37119 1.07776 0.130309 1.06188
9.90625 1.40465 1.06409 0.164593 1.12349
9.9375 1.4377 1.05113 0.200412 1.17242
9.96875 1.47034 1.03776 0.237956 1.22594
10 1.50257 1.02536 0.276541 1.23765
10.0312 1.53445 1.01522 0.315359 1.25232
10.0625 1.56602 1.00473 0.355057 1.28798
10.0938 1.59724 0.99349 0.395693 1.31067
10.125 1.62812 0.982658 0.436938 1.32761
10.1562 1.65866 0.971745 0.478322 1.31172
10.1875 1.68885 0.960243 0.518396 1.24894
10.2188 1.71867 0.948579 0.556494 1.19556
10.25 1.74815 0.938508 0.59356 1.18277
10.2812 1.77735 0.930569 0.630701 1.1977
10.3125 1.80632 0.923479 0.66861 1.23122
10.3438 1.83508 0.917167 0.707758 1.27419
10.375 1.86365 0.911681 0.7481 1.30319
10.4062 1.89205 0.906197 0.788899 1.30474
10.4375 1.92028 0.900406 0.829744 1.31621
10.4688 1.94833 0.894223 0.871777 1.38382
10.5 1.97618 0.888389 0.916682 1.49478
10.5312 2.00386 0.883785 0.965459 1.63142
10.5625 2.03142 0.879726 1.0189 1.79189
10.5938 2.05886 0.876656 1.07756 1.96368
10.625 2.08623 0.875737 1.14178 2.14841
10.6562 2.1136 0.875987 1.21183 2.33195
10.6875 2.14099 0.877186 1.28716 2.48261
10.7188 2.16844 0.879216 1.36672 2.6081
10.75 2.19594 0.880894 1.45025 2.73817
10.7812 2.2235 0.883764 1.53749 2.8318
10.8125 2.25119 0.888357 1.62622 2.83323
10.8438 2.27902 0.892785 1.71421 2.79793
10.875 2.307 0.897849 1.80088 2.73828
10.9062 2.33515 0.903585 1.88435 2.58784
10.9375 2.36346 0.907975 1.96206 2.38445
10.9688 2.39188 0.910519 2.03334 2.17283
11 2.42035 0.911309 2.09718 1.89819
11.0312 2.44883 0.911536 2.15135 1.56764
11.0625 2.47732 0.911594 2.19558 1.27199
11.0938 2.50579 0.910592 2.23112 1.00209
11.125 2.53423 0.909921 2.25816 0.731352
11.1562 2.56265 0.908726 2.27724 0.495168
11.1875 2.59099 0.904552 2.28914 0.263453
11.2188 2.61917 0.898781 2.29365 0.0292505
11.25 2.64715 0.890626 2.29151 -0.155354
11.2812 2.67477 0.876508 2.28447 -0.28995
11.3125 2.70186 0.856077 2.27346 -0.416573
11.3438 2.72822 0.830062 2.25832 -0.554638
11.375 2.75367 0.797482 2.23857 -0.715159
11.4062 2.77799 0.758027 2.21331 -0.901608
11.4375 2.801 0.714133 2.18264 -1.05036
11.4688 2.8226 0.668237 2.14823 -1.14628
11.5 2.84275 0.621243 2.11144 -1.19421
11.5312 2.86143 0.574079 2.07479 -1.13317
11.5625 2.87863 0.52692 2.04108 -1.02893
11.5938 2.89436 0.479418 2.00992 -0.97056
11.625 2.9086 0.431766 1.98063 -0.895881
11.6562 2.92134 0.383244 1.95427 -0.792475
11.6875 2.93253 0.332619 1.93063 -0.730411
11.7188 2.94212 0.281545 1.90812 -0.715425
11.75 2.95013 0.230626 1.88567 -0.725174
11.7812 2.9565 0.176831 1.86259 -0.753385
11.8125 2.96116 0.121455 1.83865 -0.776848
11.8438 2.96409 0.0655461 1.8139 -0.81408
11.875 2.96521 0.00556166 1.78728 -0.894668
11.9062 2.9644 -0.0580466 1.75794 -0.981918
11.9375 2.96155 -0.124906 1.72584 -1.07657
11.9688 2.95655 -0.196062 1.69048 -1.18461
12 2.94928 -0.269107 1.6524 -1.23835
12.0312 2.93972 -0.34323 1.61379 -1.22776
12.0625 2.92782 -0.418482 1.57552 -1.22485
12.0938 2.91357 -0.493122 1.53757 -1.18851
12.125 2.89701 -0.566654 1.50236 -1.05281
12.1562 2.87816 -0.639473 1.47188 -0.903537
12.1875 2.85706 -0.710834 1.44552 -0.787174
12.2188 2.83376 -0.779606 1.42257 -0.683205
12.25 2.80837 -0.844793 1.40274 -0.584401
12.2812 2.78101 -0.905416 1.38641 -0.45163
12.3125 2.75182 -0.962038 1.37498 -0.278232
12.3438 2.72092 -1.01512 1.36861 -0.143549
12.375 2.68842 -1.06443 1.36504 -0.0952814
12.4062 2.65442 -1.11091 1.36254 -0.0603967
12.4375 2.61901 -1.15466 1.36137 -0.0195921
12.4688 2.58228 -1.19569 1.36079 -0.0241866
12.5 2.54431 -1.2344 1.35983 -0.0320463
12.5312 2.50516 -1.27041 1.35913 -0.011158
12.5625 2.46493 -1.30374 1.35894 -0.00642101
12.5938 2.42372 -1.33311 1.35842 -0.0297835
12.625 2.38166 -1.35808 1.35715 -0.0474851
12.6562 2.33887 -1.37982 1.35576 -0.0365177
12.6875 2.29548 -1.3958 1.35512 -0.00104219
12.7188 2.2517 -1.40579 1.35583 0.0464376
12.75 2.20764 -1.41383 1.35784 0.0761353
12.7812 2.16335 -1.41994 1.36006 0.0579472
12.8125 2.11892 -1.42384 1.36113 0.00624068
12.8438 2.07436 -1.42807 1.36005 -0.0847391
12.875 2.02965 -1.43299 1.35516 -0.235908
12.9062 1.9848 -1.43733 1.34518 -0.402048
12.9375 1.93984 -1.44006 1.32994 -0.579089
12.9688 1.89482 -1.44093 1.30852 -0.796371
13 1.8498 -1.43982 1.28027 -1.0064
13.0312 1.80487 -1.43512 1.24595 -1.18576
13.0625 1.76014 -1.4268 1.20644 -1.33659
13.0938 1.71572 -1.41558 1.16288 -1.44509
13.125 1.67171 -1.40097 1.11633 -1.53239
13.1562 1.62818 -1.38451 1.06723 -1.60631
13.1875 1.5852 -1.36589 1.01628 -1.64895
13.2188 1.54286 -1.343 0.964392 -1.67144
13.25 1.50128 -1.31808 0.911688 -1.70243
13.2812 1.4605 -1.29115 0.858344 -1.6988
13.3125 1.42062 -1.26034 0.806376 -1.61859
13.3438 1.38174 -1.2286 0.757108 -1.54276
13.375 1.34383 -1.19724 0.709501 -1.50695
13.4062 1.30691 -1.16597 0.662963 -1.4698
13.4375 1.27094 -1.1364 0.617747 -1.42089
13.4688 1.23587 -1.10775 0.574512 -1.33889
13.5 1.2017 -1.07956 0.534479 -1.2175
13.5312 1.16839 -1.05285 0.498766 -1.06333
13.5625 1.13588 -1.02755 0.468101 -0.902393
13.5938 1.10414 -1.00419 0.442089 -0.764469
13.625 1.07311 -0.982414 0.420409 -0.62124
13.6562 1.04273 -0.96226 0.403072 -0.496231
13.6875 1.01293 -0.944738 0.388969 -0.408132
13.7188 0.983672 -0.928097 0.377717 -0.309853
13.75 0.95492 -0.912321 0.369397 -0.230728
13.7812 0.92663 -0.898423 0.362788 -0.198187
13.8125 0.898777 -0.883962 0.356727 -0.19452
13.8438 0.87138 -0.869764 0.350281 -0.223117
13.875 0.844397 -0.857141 0.342572 -0.27266
13.9062 0.817832 -0.842444 0.333067 -0.338651
13.9375 0.791769 -0.825541 0.321278 -0.416761
13.9688 0.766234 -0.808683 0.306936 -0.503493
14 0.741238 -0.790791 0.289694 -0.599459
14.0312 0.716819 -0.771963 0.269659 -0.679709
14.0625 0.692983 -0.753786 0.247197 -0.760749
14.0938 0.669688 -0.737543 0.222113 -0.838281
14.125 0.646861 -0.723661 0.195517 -0.852628
14.1562 0.624453 -0.710471 0.169041 -0.847021
14.1875 0.602446 -0.698356 0.142084 -0.883201
14.2188 0.580777 -0.688751 0.113954 -0.910221
14.25 0.5594 -0.679047 0.0855994 -0.901249
14.2812 0.538358 -0.667422 0.0576572 -0.886461
14.3125 0.517692 -0.655147 0.0304556 -0.846681
14.3438 0.497421 -0.641918 0.0052424 -0.761425
14.375 0.477591 -0.626964 -0.017053 -0.667573
14.4062 0.458241 -0.611495 -0.0366647 -0.590078
14.4375 0.43937 -0.596283 -0.0540251 -0.521459
14.4688 0.420974 -0.581064 -0.0692023 -0.4472
14.5 0.403044 -0.566683 -0.0816537 -0.341991
14.5312 0.385551 -0.552745 -0.0899992 -0.183151
14.5625 0.368516 -0.537256 -0.092799 0.00265621
14.5938 0.351971 -0.521918 -0.0902215 0.154991
14.625 0.335876 -0.508308 -0.0832933 0.290222
14.6562 0.320204 -0.494649 -0.0720264 0.42637
14.6875 0.304944 -0.482478 -0.0572653 0.507929
14.7188 0.290021 -0.472843 -0.0405149 0.567053
14.75 0.275393 -0.463321 -0.0216777 0.635016
14.7812 0.261048 -0.455201 -0.00142453 0.650228
14.8125 0.246923 -0.448808 0.0185679 0.627545
14.8438 0.233009 -0.44152 0.03767 0.589939
14.875 0.219323 -0.434658 0.0549857 0.511385
14.9062 0.205832 -0.428727 0.0693615 0.406476
14.9375 0.192536 -0.422077 0.0803075 0.293441
14.9688 0.179453 -0.415301 0.087708 0.180295
15 0.166588 -0.407713 0.0914859 0.0585358
15.0312 0.15399 -0.398377 0.0912386 -0.0736502
15.0625 0.141697 -0.388338 0.0870958 -0.187284
15.0938 0.129724 -0.377781 0.0796998 -0.284745
15.125 0.118094 -0.366327 0.0694258 -0.369105
15.1562 0.106845 -0.353318 0.0569264 -0.426149
15.1875 0.0960238 -0.339219 0.0430307 -0.460347
15.2188 0.0856458 -0.324761 0.0282381 -0.487006
15.25 0.0757599 -0.307216 0.0124662 -0.524248
15.2812 0.0664755 -0.286913 -0.00447668 -0.556129
15.3125 0.0578151 -0.267526 -0.0219264 -0.554068
15.3438 0.0497665 -0.247113 -0.0386879 -0.511987
15.375 0.0423929 -0.2248 -0.0535925 -0.439463
15.4062 0.0356942 -0.204414 -0.0662376 -0.373627
15.4375 0.029593 -0.186321 -0.0771107 -0.322003
15.4688 0.0240318 -0.16997 -0.0861812 -0.254561
15.5 0.0189435 -0.156062 -0.0928374 -0.169732
15.5312 0.0142579 -0.144139 -0.0966647 -0.0712259
15.5625 0.0099132 -0.134215 -0.0968108 0.0725296
15.5938 0.00586484 -0.124701 -0.0915737 0.265385
15.625 0.00213671 -0.113679 -0.0806381 0.420938
15.6562 -0.0012345 -0.102042 -0.0660233 0.50841
15.6875 -0.00423362 -0.0897138 -0.0488838 0.589271
15.7188 -0.00683471 -0.0768035 -0.0294156 0.649389
15.75 -0.00904224 -0.0645637 -0.00867303 0.675753
15.7812 -0.010865 -0.0519073 0.0127648 0.693483
15.8125 -0.0122792 -0.0386248 0.0342552 0.673362
15.8438 -0.0132839 -0.0256944 0.0544386 0.614512
15.875 -0.0138789 -0.0122146 0.0724734 0.536039
15.9062 -0.01404 0.00194024 0.0876491 0.430151
15.9375 -0.013758 0.0160927 0.0990649 0.296733
15.9688 -0.0130358 0.0300707 0.106133 0.15836
16 -0.0118835 0.0436087 0.109238 0.0429841
16.0312 -0.0103125 0.0569108 0.108662 -0.0857446
16.0625 -0.00832857 0.0700526 0.103758 -0.222715
16.0938 -0.00592765 0.0838321 0.0953289 -0.309452
16.125 -0.00307548 0.09879 0.0844418 -0.390898
16.1562 0.000241564 0.11338 0.0709671 -0.462868
16.1875 0.00401581 0.128501 0.0561998 -0.47525
16.2188 0.00829691 0.145743 0.0412167 -0.488884
16.25 0.0131284 0.163482 0.0255041 -0.51388
16.2812 0.018528 0.182547 0.00940407 -0.512987
16.3125 0.0245672 0.204275 -0.00649945 -0.504557
16.3438 0.031303 0.226905 -0.0219559 -0.478915
16.375 0.0387637 0.250937 -0.0360063 -0.414148
16.4062 0.0470004 0.276155 -0.0475924 -0.325956
16.4375 0.0560092 0.30026 -0.0564371 -0.242633
16.4688 0.0657775 0.325343 -0.0628842 -0.169983
16.5 0.0763618 0.351984 -0.0668688 -0.079448
16.5312 0.0877521 0.376567 -0.0674725 0.0460528
16.5625 0.099895 0.400982 -0.0637317 0.197143
16.5938 0.112846 0.428166 -0.054884 0.373248
16.625 0.126651 0.455112 -0.040324 0.555267
16.6562 0.141281 0.481355 -0.0206453 0.69511
16.6875 0.156756 0.509323 0.00267876 0.792745
16.7188 0.173117 0.537568 0.0285417 0.85405
16.75 0.190336 0.56418 0.0554849 0.864305
16.7812 0.208358 0.588824 0.0826017 0.876737
16.8125 0.227115 0.61133 0.110495 0.905669
16.8438 0.246552 0.632517 0.138639 0.883456
16.875 0.266642 0.653239 0.165086 0.802909
16.9062 0.287386 0.674622 0.188662 0.706292
16.9375 0.308826 0.697792 0.209281 0.612394
16.9688 0.331015 0.722577 0.226654 0.492681
17 0.35401 0.749564 0.239855 0.355102
17.0312 0.377889 0.779027 0.249329 0.259169
17.0625 0.402709 0.809546 0.256233 0.181104
17.0938 0.428498 0.84126 0.260611 0.102495
17.125 0.455306 0.874686 0.263032 0.05844
17.1562 0.483173 0.908853 0.26447 0.0355183
17.1875 0.512117 0.943736 0.265492 0.0363922
17.2188 0.54216 0.978852 0.267187 0.0775541
17.25 0.573281 1.01265 0.270469 0.131079
17.2812 0.60544 1.04549 0.275153 0.164665
17.3125 0.638619 1.07776 0.280692 0.192883
17.3438 0.672785 1.10863 0.287516 0.247216
17.375 0.707897 1.13839 0.296101 0.299709
17.4062 0.743925 1.16721 0.306354 0.364194
17.4375 0.780835 1.19485 0.319403 0.474355
17.4688 0.818594 1.2215 0.335664 0.556014
17.5 0.857162 1.24662 0.353782 0.605164
17.5312 0.896497 1.27077 0.373844 0.683667
17.5625 0.936591 1.29533 0.396596 0.773118
17.5938 0.977451 1.31953 0.422476 0.892732
17.625 1.01905 1.34274 0.45292 1.05811
17.6562 1.06137 1.36578 0.488215 1.18829
17.6875 1.10441 1.38863 0.52644 1.25009
17.7188 1.14815 1.4106 0.566114 1.28712
17.75 1.19255 1.43057 0.606611 1.29692
17.7812 1.23754 1.44812 0.64665 1.26001
17.8125 1.28305 1.46435 0.685358 1.22124
17.8438 1.32904 1.4785 0.723129 1.19346
17.875 1.37542 1.48922 0.759391 1.11423
17.9062 1.4221 1.49855 0.791992 0.962993
17.9375 1.46908 1.50856 0.819284 0.783086
17.9688 1.51638 1.51797 0.841077 0.616172
18 1.56393 1.52511 0.858133 0.480119
18.0312 1.61168 1.53082 0.871144 0.348849
18.0625 1.65959 1.53479 0.879572 0.186661
18.0938 1.70756 1.53446 0.882972 0.039075
18.125 1.75546 1.53107 0.882441 -0.0721369
18.1562 1.80324 1.52679 0.878127 -0.211537
18.1875 1.85086 1.52014 0.869058 -0.364333
18.2188 1.89824 1.51241 0.855966 -0.461718
18.25 1.9454 1.50556 0.840782 -0.505516
18.2812 1.99232 1.49722 0.824349 -0.548774
18.3125 2.03895 1.4865 0.806521 -0.586644
18.3438 2.08521 1.47411 0.78816 -0.582612
18.375 2.13105 1.45867 0.770276 -0.559478
18.4062 2.17634 1.43897 0.753594 -0.498528
18.4375 2.22094 1.41486 0.739572 -0.396878
18.4688 2.26471 1.38534 0.728682 -0.301889
18.5 2.30745 1.34929 0.720807 -0.197266
18.5312 2.34898 1.30732 0.71673 -0.0576473
18.5625 2.3891 1.2596 0.717529 0.113271
18.5938 2.42764 1.20612 0.724111 0.313943
18.625 2.46444 1.14869 0.737596 0.556005
18.6562 2.4994 1.08823 0.759073 0.817031
18.6875 2.53243 1.02536 0.788325 1.04842
18.7188 2.56347 0.960798 0.82437 1.25871
18.75 2.59247 0.89554 0.867058 1.47125
18.7812 2.61945 0.831175 0.915877 1.64424
18.8125 2.64443 0.767175 0.969603 1.79777
18.8438 2.66741 0.703955 1.02856 1.97632
18.875 2.68844 0.642708 1.09282 2.1291
18.9062 2.70759 0.582944 1.16124 2.24396
18.9375 2.7249 0.524773 1.23253 2.30645
18.9688 2.74039 0.467034 1.30469 2.3045
19 2.75409 0.409425 1.37645 2.29166
19.0312 2.766 0.353303 1.44822 2.30488
19.0625 2.77617 0.297249 1.52037 2.30407
19.0938 2.78458 0.241233 1.59164 2.25261
19.125 2.79127 0.187869 1.66138 2.21965
19.1562 2.79636 0.1384 1.73078 2.22441
19.1875 2.79996 0.0929208 1.80047 2.2397
19.2188 2.8022 0.0508835 1.87118 2.29145
19.25 2.80318 0.0119168 1.94365 2.34008
19.2812 2.80298 -0.0245025 2.01705 2.35594
19.3125 2.80166 -0.059474 2.091 2.37564
19.3438 2.79927 -0.0933115 2.16492 2.33813
19.375 2.79585 -0.125084 2.23625 2.22213
19.4062 2.79149 -0.153405 2.30407 2.1269
19.4375 2.7863 -0.178271 2.36949 2.05851
19.4688 2.78038 -0.199822 2.43227 1.94978
19.5 2.77385 -0.217649 2.49087 1.79625
19.5312 2.7668 -0.233383 2.54446 1.63317
19.5625 2.75927 -0.248226 2.59275 1.45218
19.5938 2.7513 -0.261209 2.63492 1.24371
19.625 2.74296 -0.272612 2.67034 1.01845
19.6562 2.73427 -0.283533 2.69808 0.746827
19.6875 2.72525 -0.293488 2.71637 0.41453
19.7188 2.71595 -0.301415 2.72356 0.0402364
19.75 2.70643 -0.307602 2.7187 -0.350132
19.7812 2.69674 -0.312355 2.70208 -0.703011
19.8125 2.68694 -0.314408 2.67542 -0.996312
19.8438 2.67712 -0.31382 2.63989 -1.27991
19.875 2.66733 -0.312486 2.59536 -1.56703
19.9062 2.65758 -0.31135 2.54225 -1.82872
19.9375 2.64786 -0.311156 2.48112 -2.08263
19.9688 2.63811 -0.313514 2.4124 -2.30584
20 2.62823 -0.319444 2.33757 -2.47776
20.0312 2.61811 -0.328737 2.25785 -2.61732
20.0625 2.60764 -0.341835 2.17453 -2.70721
20.0938 2.5967 -0.359137 2.08881 -2.7812
20.125 2.58517 -0.378774 2.00054 -2.86953
20.1562 2.57301 -0.400174 1.90955 -2.94842
20.1875 2.56013 -0.424325 1.81693 -2.96465
20.2188 2.54648 -0.449213 1.72491 -2.92266
20.25 2.53207 -0.472907 1.634 -2.898
20.2812 2.51692 -0.496959 1.54424 -2.83254
20.3125 2.50101 -0.521387 1.45763 -2.70935
20.3438 2.48436 -0.5437 1.37454 -2.61599
20.375 2.46704 -0.564329 1.29395 -2.53892
20.4062 2.44908 -0.585145 1.21634 -2.41671
20.4375 2.43046 -0.607323 1.14346 -2.24521
20.4688 2.4111 -0.632418 1.07565 -2.10496
20.5 2.3909 -0.660724 1.01143 -2.00902
20.5312 2.36976 -0.693216 0.949871 -1.93547
20.5625 2.34752 -0.730627 0.890226 -1.88253
20.5938 2.32406 -0.770826 0.832274 -1.82651
20.625 2.29933 -0.812168 0.775969 -1.77726
20.6562 2.2733 -0.854305 0.721462 -1.70374
20.6875 2.24593 -0.897344 0.669821 -1.60049
20.7188 2.21721 -0.940685 0.621191 -1.51856
20.75 2.18714 -0.984054 0.574598 -1.46247
20.7812 2.1557 -1.02819 0.530434 -1.3471
20.8125 2.12288 -1.07175 0.491144 -1.16731
20.8438 2.08873 -1.11355 0.456916 -1.03314
20.875 2.0533 -1.15374 0.426398 -0.918047
20.9062 2.01665 -1.19169 0.399468 -0.811222
20.9375 1.97885 -1.22669 0.375419 -0.726364
20.9688 1.94001 -1.25816 0.354537 -0.600264
21 1.90025 -1.28631 0.338418 -0.425787
21.0312 1.85965 -1.31111 0.327984 -0.246915
21.0625 1.81835 -1.3314 0.322453 -0.114359
21.0938 1.77648 -1.34808 0.320771 0.00988885
21.125 1.73411 -1.3631 0.323044 0.128437
21.1562 1.69131 -1.37588 0.328143 0.189066
21.1875 1.64815 -1.38625 0.334614 0.2246
21.2188 1.60468 -1.39573 0.342202 0.261574
21.25 1.56093 -1.4041 0.350952 0.295872
21.2812 1.51695 -1.41016 0.360315 0.295825
21.3125 1.47281 -1.41396 0.36919 0.273122
21.3438 1.42859 -1.41574 0.377513 0.258576
21.375 1.38436 -1.41486 0.385006 0.213543
21.4062 1.3402 -1.41094 0.390567 0.141514
21.4375 1.2962 -1.40449 0.393971 0.080119
21.4688 1.25244 -1.39544 0.395886 0.0479616
21.5 1.20901 -1.38417 0.397182 0.0344482
21.5312 1.16594 -1.37228 0.397715 -0.00895435
21.5625 1.12325 -1.35935 0.396105 -0.0990749
21.5938 1.08101 -1.34387 0.391623 -0.17973
21.625 1.03927 -1.32735 0.385419 -0.213642
21.6562 0.998037 -1.31175 0.377925 -0.277829
21.6875 0.957292 -1.29569 0.367515 -0.389021
21.7188 0.91706 -1.27939 0.35395 -0.47352
21.75 0.877297 -1.26607 0.337912 -0.55753
21.7812 0.837901 -1.2555 0.318937 -0.654537
21.8125 0.798824 -1.24556 0.297412 -0.715156
21.8438 0.760043 -1.23653 0.274653 -0.736072
21.875 0.721545 -1.22705 0.251693 -0.729893
21.9062 0.683379 -1.2151 0.229134 -0.714172
21.9375 0.64562 -1.20125 0.206974 -0.705356
21.9688 0.608324 -1.18522 0.185097 -0.690402
22 0.571571 -1.16658 0.16438 -0.623941
22.0312 0.535427 -1.14651 0.146616 -0.51139
22.0625 0.499932 -1.12479 0.132173 -0.417876
22.0938 0.465151 -1.1009 0.120457 -0.32925
22.125 0.431134 -1.07612 0.111596 -0.243339
22.1562 0.397899 -1.05076 0.104756 -0.19962
22.1875 0.365474 -1.02425 0.099185 -0.152001
22.2188 0.333888 -0.997305 0.095425 -0.0898251
22.25 0.303139 -0.97058 0.093439 -0.0372171
22.2812 0.27324 -0.942598 0.0933004 0.0326814
22.3125 0.244247 -0.91278 0.0955818 0.110552
22.3438 0.216187 -0.883234 0.0997243 0.142732
22.375 0.189045 -0.853602 0.103766 0.108326
22.4062 0.162855 -0.822387 0.106513 0.0740582
22.4375 0.137637 -0.791942 0.108724 0.0666893
22.4688 0.113341 -0.763076 0.110293 0.0269603
22.5 0.0899523 -0.73367 0.110355 -0.0178902
22.5312 0.0674838 -0.704543 0.109516 -0.0339341
22.5625 0.0459048 -0.676594 0.108036 -0.06715
22.5938 0.0252002 -0.648399 0.104898 -0.140019
22.625 0.00538336 -0.619842 0.0989527 -0.244177
22.6562 -0.0135308 -0.590357 0.0895903 -0.352259
22.6875 -0.0314894 -0.558634 0.0772558 -0.43183
22.7188 -0.0484315 -0.525538 0.0626931 -0.504322
22.75 -0.0643274 -0.49163 0.0452532 -0.618371
22.7812 -0.0791492 -0.45687 0.0241835 -0.71752
22.8125 -0.092877 -0.421603 0.00148394 -0.720125
22.8438 -0.105492 -0.385732 -0.0203903 -0.680247
22.875 -0.116994 -0.350677 -0.0411736 -0.650618
22.9062 -0.127415 -0.316043 -0.06089 -0.605714
22.9375 -0.136722 -0.279269 -0.0786366 -0.525384
22.9688 -0.14487 -0.242557 -0.0937568 -0.448001
23 -0.151906 -0.207922 -0.106948 -0.394835
23.0312 -0.157867 -0.17362 -0.117787 -0.283992
23.0625 -0.162774 -0.140939 -0.124114 -0.120543
23.0938 -0.166709 -0.111264 -0.125659 0.0146628
23.125 -0.169739 -0.0826866 -0.123575 0.112928
23.1562 -0.171879 -0.054327 -0.11892 0.182882
23.1875 -0.173135 -0.0260169 -0.111977 0.266584
23.2188 -0.173498 0.00290587 -0.102157 0.358751
23.25 -0.172941 0.0330252 -0.0897869 0.432149
23.2812 -0.17142 0.0645005 -0.0750543 0.510672
23.3125 -0.168904 0.0965913 -0.0581519 0.564422
23.3438 -0.165371 0.129733 -0.040007 0.596664
23.375 -0.160785 0.163752 -0.0209311 0.619355
23.4062 -0.15515 0.196642 -0.0017357 0.60338
23.4375 -0.148503 0.228701 0.0166315 0.571475
23.4688 -0.140873 0.259102 0.033882 0.530577
23.5 -0.132348 0.286021 0.0498234 0.493046
23.5312 -0.123009 0.311587 0.0648637 0.468356
23.5625 -0.112894 0.335121 0.07873 0.410794
23.5938 -0.102105 0.354976 0.0901069 0.313019
23.625 -0.0907084 0.374577 0.0981628 0.201659
23.6562 -0.0787012 0.393385 0.102594 0.0776388
23.6875 -0.0661595 0.408868 0.102592 -0.0844196
23.7188 -0.0531496 0.423975 0.0972745 -0.248721
23.75 -0.0396546 0.439567 0.0877384 -0.352351
23.7812 -0.0256964 0.453412 0.0753781 -0.442721
23.8125 -0.0113301 0.465937 0.059855 -0.549492
23.8438 0.00342096 0.478052 0.041494 -0.613765
23.875 0.0185405 0.489465 0.0223199 -0.60089
23.9062 0.0340076 0.50045 0.00446747 -0.539039
23.9375 0.0498282 0.512309 -0.0115512 -0.491865
23.9688 0.0660394 0.525322 -0.0264856 -0.462836
24 0.082667 0.539045 -0.0401265 -0.401354
24.0312 0.0997552 0.555133 -0.0509873 -0.286204
24.0625 0.117386 0.573261 -0.057867 -0.157567
24.0938 0.13557 0.590259 -0.0611771 -0.0572834
24.125 0.154274 0.607027 -0.0613026 0.0539555
24.1562 0.173524 0.625019 -0.0578498 0.158079
24.1875 0.19333 0.642383 -0.052242 0.189494
24.2188 0.213669 0.659433 -0.0462567 0.196406
24.25 0.234553 0.677228 -0.0395928 0.237188
24.2812 0.255993 0.694793 -0.031036 0.314331
24.3125 0.277965 0.711091 -0.0200282 0.383724
24.3438 0.300414 0.725246 -0.00751424 0.412274
24.375 0.323274 0.737615 0.00562008 0.426635
24.4062 0.346498 0.748275 0.0188685 0.415015
24.4375 0.370013 0.756313 0.0312939 0.378695
24.4688 0.393755 0.763168 0.0424379 0.331312
24.5 0.417708 0.769674 0.0518469 0.272206
24.5312 0.441844 0.774843 0.0597586 0.238472
24.5625 0.466137 0.780138 0.0666492 0.195739
24.5938 0.490619 0.786854 0.0716266 0.120623
24.625 0.515321 0.794181 0.0741221 0.0357845
24.6562 0.540265 0.802416 0.0735299 -0.0771597
24.6875 0.565485 0.811767 0.0694312 -0.179509
24.7188 0.590999 0.821079 0.0624981 -0.265562
24.75 0.616794 0.829613 0.0527213 -0.358617
24.7812 0.642837 0.836877 0.0404313 -0.421073
24.8125 0.669083 0.842599 0.0267213 -0.45282
24.8438 0.695486 0.847002 0.0123573 -0.462681
24.875 0.722007 0.850173 -0.0019992 -0.45322
24.9062 0.748607 0.851889 -0.0156782 -0.415338
24.9375 0.775233 0.852021 -0.0275057 -0.335658
24.9688 0.801862 0.852555 -0.0363679 -0.227524
25 0.828536 0.854665 -0.0415941 -0.10884
25.0312 0.85527 0.856137 -0.0435034 -0.0175652
25.0625 0.882052 0.858357 -0.0424125 0.100964
25.0938 0.908949 0.863343 -0.0363202 0.295666
25.125 0.936004 0.867864 -0.0242024 0.468026
25.1562 0.963187 0.87208 -0.00782967 0.570055
25.1875 0.990525 0.877599 0.0110367 0.635143
25.2188 1.01802 0.882055 0.0319599 0.706928
25.25 1.04566 0.887081 0.0551938 0.775291
25.2812 1.0735 0.894899 0.0801699 0.824826
25.3125 1.10159 0.902657 0.107211 0.913964
25.3438 1.12991 0.910182 0.137422 1.01556
25.375 1.15849 0.918965 0.170349 1.08679
25.4062 1.18734 0.926755 0.20493 1.11701
25.4375 1.21639 0.932196 0.239704 1.10834
25.4688 1.24559 0.936811 0.274656 1.13724
25.5 1.27494 0.9413 0.310814 1.16901
25.5312 1.30441 0.944371 0.347244 1.16122
25.5625 1.33394 0.945809 0.383716 1.17998
25.5938 1.36352 0.947328 0.421176 1.21577
25.625 1.39314 0.947777 0.459451 1.22856
25.6562 1.42273 0.945951 0.497577 1.20508
25.6875 1.45226 0.944284 0.53446 1.15256
25.7188 1.48175 0.94226 0.569527 1.09146
25.75 1.51114 0.938959 0.60277 1.03997
25.7812 1.54044 0.936742 0.634819 1.01464
25.8125 1.5697 0.935591 0.666251 0.997086
25.8438 1.59893 0.935944 0.697293 0.995409
25.875 1.62823 0.939484 0.728915 1.03514
25.9062 1.65768 0.945943 0.762311 1.10613
25.9375 1.68739 0.956127 0.798274 1.1991
25.9688 1.71747 0.969325 0.837515 1.31716
26 1.74798 0.983402 0.880853 1.45807
26.0312 1.77895 0.999031 0.9285 1.58639
26.0625 1.81043 1.01542 0.979751 1.69214
26.0938 1.8424 1.03059 1.03426 1.79679
26.125 1.87483 1.04446 1.09205 1.90144
26.1562 1.90766 1.05635 1.15304 1.99778
26.1875 1.94083 1.06662 1.21628 2.03565
26.2188 1.97432 1.07631 1.27948 2.0019
26.25 2.00808 1.08446 1.34136 1.96244
26.2812 2.04209 1.09204 1.40247 1.954
26.3125 2.07636 1.10139 1.46372 1.96685
26.3438 2.11094 1.11173 1.5252 1.96213
26.375 2.14583 1.1215 1.58613 1.93808
26.4062 2.18102 1.13022 1.64647 1.9229
26.4375 2.21645 1.13734 1.7058 1.85988
26.4688 2.25208 1.14223 1.76196 1.72992
26.5 2.28781 1.14443 1.81426 1.62753
26.5312 2.32359 1.14462 1.86399 1.55207
26.5625 2.35934 1.14299 1.91082 1.43731
26.5938 2.39499 1.13853 1.95347 1.28822
26.625 2.43047 1.13148 1.99104 1.11207
26.6562 2.46567 1.12102 2.02292 0.93003
26.6875 2.50048 1.10623 2.04908 0.736246
26.7188 2.53479 1.08924 2.06815 0.472464
26.75 2.56854 1.07024 2.07837 0.188105
26.7812 2.60165 1.04842 2.08071 -0.0259492
26.8125 2.63406 1.02538 2.07702 -0.213009
26.8438 2.66573 1.00159 2.06725 -0.409326
26.875 2.69664 0.97628 2.05196 -0.559834
26.9062 2.72672 0.948528 2.03258 -0.680901
26.9375 2.7559 0.918846 2.0092 -0.817044
26.9688 2.78414 0.887689 1.98174 -0.931825
27 2.81133 0.851939 1.95155 -0.993903
27.0312 2.83734 0.811887 1.91964 -1.05302
27.0625 2.86206 0.769786 1.88558 -1.12425
27.0938 2.88539 0.722605 1.84985 -1.1509
27.125 2.90716 0.670203 1.81438 -1.10867
27.1562 2.92725 0.614803 1.781 -1.02572
27.1875 2.94553 0.553709 1.75018 -0.949802
27.2188 2.96179 0.485674 1.72156 -0.880528
27.25 2.97584 0.412868 1.69529 -0.798218
27.2812 2.98754 0.33553 1.67183 -0.700247
27.3125 2.99676 0.253489 1.65179 -0.576678
27.3438 3.00336 0.1688 1.636 -0.436405
27.375 3.0073 0.0838004 1.624 -0.341359
27.4062 3.00861 0.000319307 1.61446 -0.264696
27.4375 3.00735 -0.080886 1.60786 -0.154326
27.4688 3.00359 -0.15914 1.60482 -0.0408295
27.5 2.99745 -0.232573 1.60533 0.0758217
27.5312 2.9891 -0.301634 1.60984 0.219649
27.5625 2.97863 -0.367798 1.61942 0.392203
27.5938 2.96613 -0.431921 1.63354 0.491295
27.625 2.95163 -0.496366 1.64902 0.487264
27.6562 2.9351 -0.561373 1.6636 0.443624
27.6875 2.91655 -0.625843 1.67672 0.39552
27.7188 2.89598 -0.690428 1.68802 0.316944
27.75 2.87342 -0.753345 1.6959 0.18489
27.7812 2.84894 -0.812803 1.7001 0.0986562
27.8125 2.82264 -0.869599 1.70283 0.0843666
27.8438 2.79462 -0.923309 1.70566 0.0992843
27.875 2.76497 -0.973571 1.70906 0.116218
27.9062 2.73381 -1.02023 1.71278 0.120427
27.9375 2.70125 -1.06276 1.71662 0.126761
27.9688 2.66743 -1.10122 1.72076 0.138061
28 2.63247 -1.13538 1.72519 0.144342
28.0312 2.59651 -1.16572 1.72983 0.155566
28.0625 2.55965 -1.19272 1.73497 0.169067
28.0938 2.522 -1.21641 1.73971 0.12105
28.125 2.48365 -1.23761 1.74209 0.0320821
28.1562 2.44467 -1.2566 1.74189 -0.0461338
28.1875 2.40514 -1.27297 1.73863 -0.1764
28.2188 2.36513 -1.28692 1.73023 -0.365534
28.25 2.32473 -1.29858 1.71577 -0.559145
28.2812 2.28401 -1.30708 1.69529 -0.749661
28.3125 2.24308 -1.31161 1.66928 -0.905239
28.3438 2.20207 -1.31248 1.63928 -1.01143
28.375 2.16108 -1.31052 1.60583 -1.13835
28.4062 2.12019 -1.3058 1.56767 -1.30458
28.4375 2.0795 -1.29822 1.52475 -1.43059
28.4688 2.03906 -1.28942 1.47883 -1.50473
28.5 1.99892 -1.27925 1.43058 -1.58653
28.5312 1.95915 -1.26588 1.3797 -1.66412
28.5625 1.91981 -1.25159 1.32721 -1.68431
28.5938 1.88092 -1.23704 1.27491 -1.65993
28.625 1.84253 -1.21942 1.2233 -1.64862
28.6562 1.80471 -1.20141 1.17159 -1.66332
28.6875 1.76742 -1.18536 1.11936 -1.67658
28.7188 1.73064 -1.16858 1.06711 -1.66167
28.75 1.69439 -1.15149 1.01574 -1.6257
28.7812 1.65865 -1.13621 0.965372 -1.59936
28.8125 1.62335 -1.12305 0.91599 -1.55266
28.8438 1.58844 -1.11196 0.868905 -1.45493
28.875 1.55384 -1.10226 0.824999 -1.36217
28.9062 1.51953 -1.09377 0.783211 -1.31929
28.9375 1.48548 -1.08513 0.742463 -1.28355
28.9688 1.45174 -1.07401 0.703504 -1.2023
29 1.41838 -1.06045 0.667454 -1.10866
29.0312 1.38549 -1.04392 0.633846 -1.04628
29.0625 1.35317 -1.02427 0.602112 -0.980202
29.0938 1.32148 -1.00389 0.57281 -0.895136
29.125 1.29044 -0.982469 0.5459 -0.8337
29.1562 1.26009 -0.959636 0.520342 -0.806013
29.1875 1.23045 -0.937922 0.495352 -0.795959
29.2188 1.20146 -0.917297 0.470391 -0.805111
29.25 1.17311 -0.896994 0.444818 -0.834814
29.2812 1.14538 -0.878544 0.41802 -0.882766
29.3125 1.11818 -0.86233 0.389655 -0.928707
29.3438 1.09147 -0.847794 0.360389 -0.937665
29.375 1.06518 -0.835076 0.331192 -0.934297
29.4062 1.03925 -0.824374 0.301597 -0.965626
29.4375 1.01363 -0.815697 0.270739 -1.00666
29.4688 0.988252 -0.808784 0.238958 -1.02282
29.5 0.963067 -0.803267 0.207054 -1.01527
29.5312 0.938044 -0.798159 0.175755 -0.983852
29.5625 0.913189 -0.792452 0.145777 -0.932109
29.5938 0.888516 -0.786643 0.117619 -0.868944
29.625 0.864027 -0.780462 0.0914912 -0.802683
29.6562 0.839751 -0.773096 0.0675737 -0.725096
29.6875 0.815704 -0.766105 0.0462135 -0.645969
29.7188 0.791862 -0.759726 0.0267033 -0.610666
29.75 0.768229 -0.752738 0.00794763 -0.583588
29.7812 0.744806 -0.746625 -0.00917402 -0.50375
29.8125 0.721557 -0.741149 -0.0232908 -0.399497
29.8438 0.698502 -0.734139 -0.0341925 -0.299014
29.875 0.675675 -0.726984 -0.0420085 -0.201032
29.9062 0.653049 -0.721266 -0.0466819 -0.0967632
29.9375 0.630594 -0.715721 -0.0481674 -0.00459452
29.9688 0.608333 -0.708728 -0.0474853 0.0422614
30 0.586308 -0.700938 -0.045482 0.0925424
30.0312 0.564512 -0.694169 -0.0412664 0.18092
30.0625 0.542929 -0.686734 -0.0342575 0.262209
30.0938 0.521608 -0.677909 -0.0253654 0.297984
30.125 0.500534 -0.671339 -0.0160682 0.294488
30.1562 0.47963 -0.666539 -0.00680113 0.303334
30.1875 0.458886 -0.660977 0.00291409 0.312011
30.2188 0.438312 -0.655902 0.0120416 0.26209
30.25 0.417897 -0.650314 0.0189956 0.183504
30.2812 0.397698 -0.641989 0.0236921 0.120358
30.3125 0.377788 -0.632128 0.0266667 0.071328
30.3438 0.358205 -0.620754 0.0281663 0.0242507
30.375 0.339019 -0.606781 0.0281977 -0.0206285
30.4062 0.32029 -0.591904 0.0270347 -0.0516488
30.4375 0.302021 -0.577305 0.0249725 -0.0827391
30.4688 0.284215 -0.562209 0.0216077 -0.137169
30.5 0.266879 -0.547537 0.016259 -0.203034
30.5312 0.24997 -0.535044 0.00937543 -0.227108
30.5625 0.233421 -0.524238 0.00255376 -0.206991
30.5938 0.217199 -0.514084 -0.00366207 -0.193099
30.625 0.201278 -0.505152 -0.0095024 -0.178997
30.6562 0.185612 -0.497597 -0.0148451 -0.164751
30.6875 0.170174 -0.490493 -0.0198435 -0.153182
30.7188 0.154948 -0.484138 -0.0242784 -0.131436
30.75 0.139905 -0.47867 -0.0283534 -0.134642
30.7812 0.125037 -0.472795 -0.0327008 -0.138017
30.8125 0.110361 -0.466374 -0.0365541 -0.103594
30.8438 0.0958955 -0.45917 -0.0389533 -0.0456196
30.875 0.0816886 -0.449599 -0.0390721 0.0415376
30.9062 0.0678223 -0.437478 -0.0364735 0.11836
30.9375 0.0543683 -0.423208 -0.0320648 0.159998
30.9688 0.0413939 -0.406877 -0.0266069 0.187288
31 0.0289483 -0.389564 -0.0204609 0.206241
31.0312 0.0170528 -0.371548 -0.0136225 0.231675
31.0625 0.00574486 -0.351839 -0.00617407 0.240899
31.0938 -0.00492282 -0.330826 0.00147524 0.255021
31.125 -0.0149383 -0.310372 0.0101009 0.295259
31.1562 -0.0243303 -0.290711 0.0192901 0.279733
31.1875 -0.033099 -0.270347 0.0271664 0.225689
31.2188 -0.0412324 -0.250547 0.0336601 0.192834
31.25 -0.0487847 -0.233052 0.0392429 0.163903
31.2812 -0.0557895 -0.214811 0.043845 0.12791
31.3125 -0.0621858 -0.194415 0.0469276 0.0645483
31.3438 -0.0679484 -0.174598 0.0478537 -0.000879015
31.375 -0.0730988 -0.154832 0.0472063 -0.0371619
31.4062 -0.077614 -0.134129 0.0455803 -0.0675101
31.4375 -0.0814946 -0.11454 0.0428859 -0.108362
31.4688 -0.0847876 -0.0963375 0.0385429 -0.171569
31.5 -0.08752 -0.0785969 0.0324095 -0.212465
31.5312 -0.0897028 -0.0611207 0.0256378 -0.221285
31.5625 -0.0913386 -0.0435094 0.018314 -0.249688
31.5938 -0.0924148 -0.0251579 0.0103773 -0.246619
31.625 -0.0928926 -0.00509777 0.00350336 -0.190471
31.6562 -0.0927166 0.0165681 -0.00182316 -0.159578
31.6875 -0.0918415 0.0398197 -0.00696713 -0.173872
31.7188 -0.0901986 0.0657493 -0.0126698 -0.187401
31.75 -0.0877204 0.0927877 -0.0184327 -0.178996
31.7812 -0.0844079 0.119167 -0.0238106 -0.164771
31.8125 -0.0802647 0.146192 -0.0286315 -0.141331
31.8438 -0.0752687 0.173358 -0.0324996 -0.103589
31.875 -0.0694485 0.198905 -0.0347996 -0.0362939
31.9062 -0.0628377 0.224356 -0.0343851 0.064373
31.9375 -0.0554169 0.250577 -0.0310454 0.1416
31.9688 -0.0471848 0.276158 -0.0259675 0.178322
32 -0.0381525 0.302162 -0.0201434 0.191866
32.0312 -0.028285 0.329432 -0.013923 0.21108
32.0625 -0.0175687 0.356297 -0.00660806 0.259542
32.0938 -0.00601218 0.383623 0.00215086 0.296081
32.125 0.00643458 0.413412 0.0116821 0.312558
32.1562 0.0198497 0.445492 0.0216156 0.321683
32.1875 0.0342989 0.479607 0.0317578 0.328543
32.2188 0.0498457 0.515681 0.0421613 0.334161
32.25 0.0665453 0.553328 0.052305 0.311232
32.2812 0.084442 0.592244 0.061727 0.297573
32.3125 0.10357 0.632013 0.071115 0.301713
32.3438 0.123943 0.671775 0.0803437 0.286303
32.375 0.145548 0.710889 0.0890065 0.268951
32.4062 0.168374 0.749984 0.0972006 0.258031
32.4375 0.19241 0.787806 0.105528 0.282605
32.4688 0.217566 0.821427 0.114987 0.316565
32.5 0.243717 0.85204 0.124714 0.299371
32.5312 0.270807 0.881329 0.133769 0.286753
32.5625 0.298766 0.907428 0.143012 0.308248
32.5938 0.327498 0.931393 0.153158 0.342769
32.625 0.356988 0.956175 0.164475 0.379869
32.6562 0.387257 0.98087 0.176688 0.398585
32.6875 0.418283 1.0047 0.189305 0.408822
32.7188 0.450055 1.02881 0.202176 0.412196
32.75 0.482586 1.0532 0.21482 0.392926
32.7812 0.515874 1.07708 0.226602 0.362868
32.8125 0.549894 1.10011 0.237967 0.376461
32.8438 0.584631 1.12308 0.250781 0.447813
32.875 0.620088 1.14608 0.265745 0.502928
32.9062 0.656254 1.1686 0.282043 0.543904
32.9375 0.693142 1.19272 0.300172 0.622077
32.9688 0.730821 1.21884 0.320924 0.700063
33 0.769317 1.24489 0.343314 0.721924
33.0312 0.808642 1.27234 0.365588 0.702564
33.0625 0.848853 1.30107 0.38752 0.708067
33.0938 0.889938 1.32796 0.410068 0.734075
33.125 0.931837 1.35344 0.433235 0.746261
33.1562 0.974516 1.37768 0.456479 0.73377
33.1875 1.01791 1.39928 0.478407 0.659454
33.2188 1.06195 1.41923 0.497494 0.565476
33.25 1.1066 1.4377 0.513945 0.486019
33.2812 1.15179 1.45375 0.527556 0.380526
33.3125 1.19743 1.46702 0.537705 0.271826
33.3438 1.24345 1.47772 0.544706 0.177637
33.375 1.28978 1.48761 0.548875 0.0903724
33.4062 1.33641 1.49626 0.550384 0.00566017
33.4375 1.38327 1.50293 0.549242 -0.0765578
33.4688 1.43035 1.50996 0.545843 -0.136373
33.5 1.47764 1.51654 0.541049 -0.16342
33.5312 1.5251 1.52044 0.536106 -0.148185
33.5625 1.57265 1.52243 0.531663 -0.143231
33.5938 1.62023 1.52223 0.5269 -0.158067
33.625 1.66776 1.51922 0.52239 -0.119545
33.6562 1.71516 1.51352 0.519854 -0.0408106
33.6875 1.76231 1.50381 0.519721 0.0266437
33.7188 1.8091 1.48969 0.521015 0.0486446
33.75 1.85538 1.47141 0.522601 0.0552403
33.7812 1.901 1.44768 0.52461 0.0721888
33.8125 1.9458 1.41893 0.526872 0.0694233
33.8438 1.98965 1.38708 0.528984 0.0695501
33.875 2.03247 1.35298 0.531577 0.103968
33.9062 2.0742 1.31737 0.535997 0.185216
33.9375 2.1148 1.2808 0.543183 0.269803
33.9688 2.15425 1.24457 0.5526 0.334017
34 2.19259 1.20898 0.564537 0.440505
34.0312 2.2298 1.17166 0.580516 0.580341
34.0625 2.26581 1.13293 0.600226 0.66872
34.0938 2.30059 1.09306 0.621893 0.720677
34.125 2.33408 1.04953 0.645863 0.823825
34.1562 2.36616 1.0034 0.673621 0.948754
34.1875 2.39679 0.956364 0.704636 1.02671
34.2188 2.42591 0.907312 0.737432 1.07339
34.25 2.45348 0.856835 0.772318 1.1745
34.2812 2.47947 0.806443 0.811668 1.3514
34.3125 2.50388 0.755432 0.856944 1.54763
34.3438 2.52666 0.702468 0.908602 1.76276
34.375 2.54777 0.648352 0.967235 1.98831
34.4062 2.56718 0.594328 1.0327 2.19952
34.4375 2.58492 0.540631 1.10475 2.41433
34.4688 2.60099 0.488377 1.18357 2.62425
34.5 2.61547 0.438687 1.26813 2.77722
34.5312 2.62843 0.391534 1.35689 2.90609
34.5625 2.63997 0.347268 1.45003 3.05504
34.5938 2.65018 0.307483 1.54733 3.15853
34.625 2.65924 0.272518 1.64661 3.18758
34.6562 2.66726 0.241517 1.74651 3.20845
34.6875 2.67439 0.215716 1.84704 3.21644
34.7188 2.68079 0.19491 1.94662 3.14251
34.75 2.68659 0.176342 2.04294 3.0187
34.7812 2.69183 0.159082 2.13516 2.88042
34.8125 2.69654 0.142904 2.22276 2.72364
34.8438 2.70077 0.127425 2.3053 2.55652
34.875 2.70451 0.112105 2.38223 2.36174
34.9062 2.70777 0.0962832 2.45286 2.16193
34.9375 2.71053 0.0808761 2.51742 1.96496
34.9688 2.71282 0.0655927 2.575 1.70699
35 2.71462 0.0497425 2.62358 1.40066
35.0312 2.71595 0.035176 2.66264 1.10134
35.0625 2.71684 0.0224351 2.69257 0.817459
35.0938 2.71737 0.0118921 2.71395 0.553494
35.125 2.71762 0.00491582 2.72719 0.294548
35.1562 2.7177 -5.39819e-06 2.73261 0.0585832
35.1875 2.71764 -0.00350241 2.73103 -0.163685
35.2188 2.7175 -0.00527466 2.72183 -0.434011
35.25 2.71729 -0.00843354 2.7037 -0.723827
35.2812 2.71694 -0.0141991 2.67699 -0.975943
35.3125 2.71639 -0.0216559 2.64338 -1.16697
35.3438 2.71557 -0.0313542 2.60408 -1.35654
35.375 2.71442 -0.0422886 2.55799 -1.59682
35.4062 2.71292 -0.0535165 2.50467 -1.80406
35.4375 2.71108 -0.0642505 2.44569 -1.96982
35.4688 2.70893 -0.0730686 2.38154 -2.13137
35.5 2.70651 -0.0815787 2.31313 -2.23389
35.5312 2.70382 -0.09051 2.2424 -2.29316
35.5625 2.70085 -0.100183 2.16956 -2.3719
35.5938 2.69752 -0.113402 2.09417 -2.45079
35.625 2.69373 -0.129712 2.01644 -2.52612
35.6562 2.68939 -0.148544 1.93606 -2.62087
35.6875 2.6844 -0.171882 1.85263 -2.71733
35.7188 2.6786 -0.200151 1.76629 -2.80741
35.75 2.67183 -0.233675 1.67718 -2.89609
35.7812 2.66394 -0.272249 1.58536 -2.97409
35.8125 2.65476 -0.316002 1.49222 -2.96669
35.8438 2.64413 -0.365418 1.40095 -2.86892
35.875 2.63189 -0.418371 1.31261 -2.79307
35.9062 2.61795 -0.474296 1.22637 -2.71699
35.9375 2.60221 -0.53385 1.14357 -2.57252
35.9688 2.58456 -0.595881 1.06581 -2.4052
36 2.56495 -0.6596 0.993087 -2.25219
36.0312 2.54333 -0.723861 0.924744 -2.1275
36.0625 2.51972 -0.78674 0.859974 -2.0138
36.0938 2.49419 -0.846859 0.799464 -1.84857
36.125 2.46682 -0.904045 0.744749 -1.65455
36.1562 2.43772 -0.95795 0.695722 -1.48999
36.1875 2.40699 -1.00767 0.651322 -1.35262
36.2188 2.37477 -1.05435 0.61137 -1.20048
36.25 2.34112 -1.0989 0.576194 -1.05817
36.2812 2.30612 -1.14001 0.54492 -0.939054
36.3125 2.2699 -1.17771 0.518397 -0.741166
36.3438 2.23253 -1.21403 0.499155 -0.492007
36.375 2.19404 -1.24893 0.48716 -0.285412
36.4062 2.15451 -1.28094 0.480821 -0.124879
36.4375 2.11399 -1.31216 0.479399 0.039475
36.4688 2.07248 -1.3443 0.483651 0.234674
36.5 2.02999 -1.37475 0.493822 0.408011
36.5312 1.98658 -1.40365 0.508585 0.528901
36.5625 1.94227 -1.4317 0.526597 0.623264
36.5938 1.89714 -1.45585 0.547551 0.714541
36.625 1.85132 -1.47587 0.570638 0.749442
36.6562 1.80494 -1.49205 0.593824 0.732944
36.6875 1.75813 -1.50239 0.616594 0.725281
36.7188 1.71108 -1.50812 0.638898 0.694322
36.75 1.6639 -1.51133 0.659427 0.610001
36.7812 1.61665 -1.51209 0.676448 0.472314
36.8125 1.56941 -1.51135 0.688779 0.317673
36.8438 1.5222 -1.51 0.696337 0.164727
36.875 1.47505 -1.50712 0.698935 -0.000429613
36.9062 1.42802 -1.50239 0.696143 -0.183129
36.9375 1.38116 -1.49656 0.687122 -0.398035
36.9688 1.3345 -1.48947 0.671333 -0.607507
37 1.28809 -1.48027 0.649493 -0.785311
37.0312 1.242 -1.46926 0.622559 -0.934322
37.0625 1.19627 -1.45715 0.591085 -1.08517
37.0938 1.15096 -1.44249 0.554506 -1.25129
37.125 1.10616 -1.42426 0.513865 -1.32874
37.1562 1.06196 -1.40445 0.472307 -1.32878
37.1875 1.01839 -1.38361 0.430575 -1.34524
37.2188 0.975501 -1.36105 0.388364 -1.35013
37.25 0.933328 -1.33805 0.34666 -1.30997
37.2812 0.891875 -1.31479 0.307172 -1.20623
37.3125 0.851167 -1.29031 0.271707 -1.06103
37.3438 0.81124 -1.26492 0.241015 -0.89725
37.375 0.772115 -1.23903 0.216174 -0.685368
37.4062 0.733804 -1.21287 0.198219 -0.469316
37.4375 0.696311 -1.1867 0.186376 -0.295507
37.4688 0.659625 -1.16145 0.179449 -0.149502
37.5 0.623702 -1.13783 0.177314 0.0240054
37.5312 0.588508 -1.11456 0.181662 0.258159
37.5625 0.554039 -1.09171 0.19279 0.431888
37.5938 0.520256 -1.07056 0.207342 0.487455
37.625 0.487135 -1.04888 0.223123 0.524238
37.6562 0.454719 -1.02566 0.239854 0.534587
37.6875 0.423022 -1.00316 0.255556 0.455623
37.7188 0.392023 -0.980499 0.267737 0.319863
37.75 0.361761 -0.95604 0.275494 0.17729
37.7812 0.332277 -0.930907 0.278857 0.037817
37.8125 0.303582 -0.90545 0.277768 -0.110083
37.8438 0.275701 -0.878592 0.271815 -0.27213
37.875 0.248694 -0.84942 0.26087 -0.423921
37.9062 0.222637 -0.817848 0.245593 -0.551758
37.9375 0.197611 -0.783189 0.226319 -0.68413
37.9688 0.173731 -0.744505 0.202814 -0.817784
38 0.151099 -0.703846 0.175446 -0.929606
38.0312 0.129743 -0.662868 0.144995 -1.01419
38.0625 0.109677 -0.621318 0.11232 -1.07537
38.0938 0.090896 -0.581125 0.0777582 -1.13594
38.125 0.0733305 -0.543389 0.0416826 -1.16296
38.1562 0.0569191 -0.5072 0.00560211 -1.14173
38.1875 0.0416081 -0.473129 -0.029432 -1.09239
38.2188 0.0273246 -0.441306 -0.0618794 -0.972826
38.25 0.0140113 -0.411025 -0.0901724 -0.847172
38.2812 0.00161221 -0.382954 -0.115351 -0.763396
38.3125 -0.00994584 -0.356941 -0.137145 -0.614667
38.3438 -0.0206943 -0.330778 -0.153008 -0.395092
38.375 -0.0306112 -0.303911 -0.161785 -0.168833
38.4062 -0.0396954 -0.277562 -0.163863 0.0292186
38.4375 -0.047952 -0.250577 -0.160215 0.205177
38.4688 -0.0553419 -0.22236 -0.150782 0.401609
38.5 -0.0618639 -0.195378 -0.135236 0.587786
38.5312 -0.0675629 -0.169289 -0.114281 0.753366
38.5625 -0.0724376 -0.142718 -0.0880403 0.92665
38.5938 -0.0764971 -0.117389 -0.0565511 1.08177
38.625 -0.0797814 -0.0926787 -0.0211551 1.16672
38.6562 -0.0822774 -0.0669885 0.0151375 1.13782
38.6875 -0.0839775 -0.0420993 0.0493123 1.04774
38.7188 -0.0849211 -0.0183235 0.0807541 0.965448
38.75 -0.0851193 0.00564543 0.10938 0.857303
38.7812 -0.0845803 0.0284548 0.133626 0.683444
38.8125 -0.0833691 0.0486897 0.151674 0.471417
38.8438 -0.0815488 0.067794 0.163483 0.293895
38.875 -0.0791318 0.0867885 0.170361 0.143396
38.9062 -0.0761417 0.104212 0.171878 -0.0563439
38.9375 -0.0726343 0.120223 0.166644 -0.273034
38.9688 -0.0686177 0.137077 0.155453 -0.433566
39 -0.0640575 0.154799 0.139731 -0.576608
39.0312 -0.0589456 0.172321 0.119111 -0.743357
39.0625 -0.0532868 0.18989 0.0937655 -0.865276
39.0938 -0.0470768 0.20749 0.0657256 -0.924041
39.125 -0.0403271 0.22431 0.0360931 -0.970891
39.1562 -0.0330654 0.240426 0.00535112 -0.990101
39.1875 -0.025292 0.257315 -0.0255128 -0.982618
39.2188 -0.0169701 0.275399 -0.05574 -0.94199
39.25 -0.00807601 0.293909 -0.0836419 -0.834244
39.2812 0.00141242 0.313656 -0.107651 -0.702845
39.3125 0.0115412 0.334595 -0.127583 -0.57118
39.3438 0.0223113 0.354361 -0.143166 -0.422312
39.375 0.0336724 0.372602 -0.153622 -0.23928
39.4062 0.0455905 0.389945 -0.157723 -0.020845
39.4375 0.0580241 0.40544 -0.155071 0.186198
39.4688 0.0709109 0.41906 -0.14628 0.373706
39.5 0.0841965 0.430817 -0.132054 0.529051
39.5312 0.0978076 0.439836 -0.113458 0.66486
39.5625 0.111664 0.446757 -0.089981 0.842909
39.5938 0.125717 0.45236 -0.0611705 0.984528
39.625 0.139922 0.456631 -0.0294678 1.03426
39.6562 0.154254 0.460761 0.00317798 1.05072
39.6875 0.168737 0.466452 0.0356129 1.01131
39.7188 0.183426 0.473854 0.0655464 0.894121
39.75 0.198363 0.482327 0.0911428 0.743392
39.7812 0.213589 0.492451 0.112246 0.613343
39.8125 0.229158 0.504096 0.129623 0.493804
39.8438 0.245092 0.515611 0.142408 0.311868
39.875 0.261387 0.527398 0.14871 0.0928869
39.9062 0.278064 0.539918 0.148612 -0.0912765
39.9375 0.295123 0.55174 0.143369 -0.241907
39.9688 0.312549 0.563746 0.133365 -0.404096
40 0.330369 0.576681 0.117781 -0.594146
40.0312 0.348576 0.588264 0.0966604 -0.744546
40.0625 0.367126 0.599049 0.0720545 -0.821423
40.0938 0.386032 0.611107 0.045479 -0.881862
40.125 0.405308 0.622055 0.0167553 -0.95621
40.1562 0.424882 0.630435 -0.0138409 -0.988492
40.1875 0.444711 0.638755 -0.044161 -0.943017
40.2188 0.464805 0.647138 -0.0726761 -0.884049
40.25 0.485145 0.654518 -0.0992831 -0.810039
40.2812 0.505722 0.662769 -0.122566 -0.669599
40.3125 0.526589 0.672882 -0.140729 -0.489005
40.3438 0.547779 0.683223 -0.152941 -0.291176
40.375 0.569286 0.693235 -0.158997 -0.0982202
40.4062 0.591112 0.703687 -0.158944 0.108847
40.4375 0.613259 0.713451 -0.151726 0.35592
40.4688 0.635684 0.721559 -0.136919 0.58519
40.5 0.658362 0.730048 -0.115445 0.786134
40.5312 0.681323 0.739516 -0.0881019 0.956059
40.5625 0.704577 0.748678 -0.0560626 1.09398
40.5938 0.728116 0.757864 -0.0194689 1.25198
40.625 0.751943 0.767014 0.0220379 1.39547
40.6562 0.77605 0.775755 0.0670136 1.47063
40.6875 0.800425 0.784116 0.113165 1.47012
40.7188 0.825047 0.791528 0.158215 1.40632
40.75 0.849891 0.798498 0.200887 1.32326
40.7812 0.874948 0.804955 0.240716 1.22139
40.8125 0.900184 0.809887 0.277065 1.10508
40.8438 0.925557 0.813913 0.30979 0.987011
40.875 0.951043 0.816961 0.338496 0.846895
40.9062 0.976609 0.81934 0.362689 0.702056
40.9375 1.00227 0.823133 0.382243 0.544614
40.9688 1.02807 0.828375 0.396613 0.380499
41 1.05406 0.83571 0.406791 0.284292
41.0312 1.08035 0.847327 0.414699 0.216808
41.0625 1.10705 0.861935 0.419828 0.107612
41.0938 1.13424 0.878466 0.421866 0.0392655
41.125 1.16199 0.897801 0.423364 0.0688818
41.1562 1.19036 0.918367 0.42639 0.121111
41.1875 1.21939 0.939261 0.430646 0.150404
41.2188 1.24907 0.960566 0.436211 0.21927
41.25 1.27941 0.980397 0.445268 0.371566
41.2812 1.31033 0.998922 0.459723 0.553239
41.3125 1.34184 1.01764 0.479812 0.733947
41.3438 1.37393 1.03574 0.505808 0.934075
41.375 1.40656 1.05235 0.53849 1.16291
41.4062 1.43969 1.06781 0.578749 1.41378
41.4375 1.47329 1.08277 0.626479 1.63126
41.4688 1.50735 1.09628 0.680323 1.81606
41.5 1.54179 1.10774 0.740379 2.03289
41.5312 1.57659 1.1203 0.807164 2.22839
41.5625 1.61183 1.13465 0.878616 2.33018
41.5938 1.64751 1.1491 0.95238 2.39133
41.625 1.68367 1.16616 1.02826 2.46626
41.6562 1.72042 1.18534 1.10624 2.51403
41.6875 1.75774 1.20323 1.18455 2.48327
41.7188 1.79562 1.22117 1.26055 2.36674
41.75 1.83407 1.2397 1.3317 2.17793
41.7812 1.87309 1.257 1.39642 1.96502
41.8125 1.91262 1.27292 1.45474 1.77129
41.8438 1.95263 1.28771 1.50722 1.58518
41.875 1.99309 1.30128 1.55342 1.36397
41.9062 2.03393 1.3122 1.59228 1.12683
41.9375 2.07507 1.31989 1.62418 0.916577
41.9688 2.11641 1.32579 1.6493 0.683734
42 2.1579 1.3289 1.66681 0.442564
42.0312 2.19943 1.32849 1.67745 0.243568
42.0625 2.2409 1.32544 1.68202 0.0467735
42.0938 2.28223 1.31877 1.68039 -0.148645
42.125 2.32329 1.3085 1.67297 -0.321542
42.1562 2.36398 1.29549 1.66067 -0.457797
42.1875 2.40422 1.27944 1.64485 -0.547577
42.2188 2.44393 1.26166 1.62683 -0.600153
42.25 2.48307 1.24334 1.60763 -0.623649
42.2812 2.52162 1.22349 1.58848 -0.585013
42.3125 2.55952 1.20151 1.57226 -0.437818
42.3438 2.59669 1.17727 1.56146 -0.256401
42.375 2.63306 1.14962 1.55602 -0.0916534
42.4062 2.6685 1.11741 1.55607 0.102924
42.4375 2.70284 1.07936 1.56274 0.321013
42.4688 2.73589 1.03458 1.57534 0.46704
42.5 2.76745 0.984488 1.59106 0.535054
42.5312 2.79737 0.929597 1.60906 0.621437
42.5625 2.8255 0.870353 1.62962 0.682303
42.5938 2.85174 0.808969 1.65082 0.662503
42.625 2.87604 0.745459 1.67059 0.601322
42.6562 2.89832 0.680248 1.68862 0.557353
42.6875 2.91854 0.613692 1.70552 0.52085
42.7188 2.93665 0.545251 1.72065 0.435228
42.75 2.95262 0.47656 1.73175 0.260944
42.7812 2.96643 0.407474 1.7368 0.0750344
42.8125 2.97808 0.337847 1.73779 0.0079285
42.8438 2.98755 0.268085 1.73785 -0.00348057
42.875 2.99481 0.196216 1.73757 -0.0143472
42.9062 2.99979 0.122245 1.73689 -0.0299832
42.9375 3.00243 0.0462328 1.7358 -0.0365222
42.9688 3.00265 -0.0324424 1.73458 -0.0457161
43 3.0004 -0.111168 1.73285 -0.0612112
43.0312 2.99571 -0.189056 1.73113 -0.0445098
43.0625 2.98859 -0.266343 1.73017 -0.015188
43.0938 2.9791 -0.340045 1.73041 0.0345833
43.125 2.96739 -0.409302 1.73249 0.101393
43.1562 2.95355 -0.475358 1.73715 0.204996
43.1875 2.93773 -0.536419 1.74556 0.331873
43.2188 2.92009 -0.591375 1.75767 0.439859
43.25 2.90081 -0.642231 1.77293 0.536559
43.2812 2.87999 -0.689459 1.79137 0.647509
43.3125 2.85776 -0.732695 1.81355 0.772394
43.3438 2.83423 -0.772767 1.83948 0.883034
43.375 2.80948 -0.810701 1.86847 0.967523
43.4062 2.78358 -0.846654 1.89969 1.02795
43.4375 2.75661 -0.879078 1.93268 1.08364
43.4688 2.72866 -0.909384 1.96738 1.1346
43.5 2.69977 -0.939444 2.00307 1.13307
43.5312 2.66997 -0.967263 2.03691 1.015
43.5625 2.63932 -0.994426 2.06615 0.86204
43.5938 2.60781 -1.02223 2.09096 0.717007
43.625 2.57546 -1.04797 2.10969 0.45857
43.6562 2.54232 -1.07277 2.11879 0.122068
43.6875 2.50842 -1.09637 2.11764 -0.190533
43.7188 2.47385 -1.11554 2.10678 -0.513703
43.75 2.43875 -1.13007 2.08478 -0.903744
43.7812 2.40327 -1.13954 2.05037 -1.28453
43.8125 2.36758 -1.14401 2.00577 -1.5488
43.8438 2.33181 -1.1445 1.95451 -1.72329
43.875 2.29608 -1.14156 1.89833 -1.87186
43.9062 2.26047 -1.13738 1.83742 -2.02878
43.9375 2.225 -1.13251 1.77146 -2.19095
43.9688 2.18971 -1.12636 1.70079 -2.32513
44 2.15461 -1.11955 1.62656 -2.42082
44.0312 2.11975 -1.11139 1.5496 -2.50366
44.0625 2.08516 -1.10229 1.47034 -2.55883
44.0938 2.05086 -1.09318 1.39044 -2.54648
44.125 2.01685 -1.08313 1.31123 -2.52725
44.1562 1.98317 -1.07253 1.23257 -2.49689
44.1875 1.94982 -1.06125 1.156 -2.39475
44.2188 1.91686 -1.04782 1.08293 -2.28389
44.25 1.88435 -1.03282 1.0135 -2.14741
44.2812 1.85232 -1.01659 0.949555 -1.93704
44.3125 1.82083 -0.998895 0.892538 -1.71271
44.3438 1.78989 -0.981229 0.842701 -1.47036
44.375 1.75949 -0.964269 0.800935 -1.2029
44.4062 1.72961 -0.94856 0.767187 -0.965285
44.4375 1.70018 -0.935233 0.74008 -0.776789
44.4688 1.67114 -0.923824 0.718357 -0.614885
44.5 1.64241 -0.915605 0.701575 -0.464136
44.5312 1.61387 -0.911628 0.688538 -0.390168
44.5625 1.58541 -0.909653 0.675959 -0.428929
44.5938 1.55699 -0.910441 0.661388 -0.502408
44.625 1.52848 -0.914504 0.644726 -0.562934
44.6562 1.49983 -0.918652 0.625961 -0.647713
44.6875 1.47106 -0.922673 0.603427 -0.806907
44.7188 1.44216 -0.927385 0.575144 -1.00226
44.75 1.4131 -0.932441 0.541037 -1.17721
44.7812 1.38388 -0.936973 0.50163 -1.34469
44.8125 1.35455 -0.939895 0.457141 -1.49663
44.8438 1.32513 -0.943415 0.408768 -1.58355
44.875 1.29559 -0.947321 0.359217 -1.5755
44.9062 1.26595 -0.948982 0.310335 -1.56352
44.9375 1.23627 -0.950423 0.260739 -1.61681
44.9688 1.20655 -0.951215 0.20948 -1.65446
45 1.17686 -0.948839 0.157987 -1.63024
45.0312 1.14726 -0.945269 0.108259 -1.54442
45.0625 1.11779 -0.940466 0.0615335 -1.45002
45.0938 1.08851 -0.933077 0.0176415 -1.34981
45.125 1.05947 -0.926081 -0.0219668 -1.17554
45.1562 1.03061 -0.92094 -0.0559032 -1.00382
45.1875 1.00191 -0.915984 -0.0848583 -0.844309
45.2188 0.973357 -0.911731 -0.108316 -0.65561
45.25 0.944911 -0.908978 -0.125875 -0.465115
45.2812 0.916546 -0.906237 -0.136823 -0.225562
45.3125 0.88828 -0.902716 -0.139779 0.0328976
45.3438 0.860122 -0.899544 -0.134928 0.279601
45.375 0.832053 -0.896746 -0.122064 0.544626
45.4062 0.80409 -0.892644 -0.101179 0.78361
45.4375 0.776267 -0.888178 -0.0736571 0.96838
45.4688 0.748575 -0.883922 -0.0412439 1.09813
45.5 0.721049 -0.877247 -0.00534078 1.19553
45.5312 0.693759 -0.869385 0.0329428 1.24038
45.5625 0.666711 -0.861499 0.0712406 1.19942
45.5938 0.639941 -0.851402 0.107475 1.11278
45.625 0.613497 -0.841283 0.14007 0.958938
45.6562 0.587352 -0.831864 0.166807 0.750496
45.6875 0.561524 -0.820981 0.187164 0.554904
45.7188 0.536028 -0.811216 0.201291 0.340148
45.75 0.510808 -0.802801 0.207666 0.0556169
45.7812 0.485862 -0.793789 0.20435 -0.265264
45.8125 0.461175 -0.786687 0.191859 -0.516176
45.8438 0.436673 -0.78144 0.173019 -0.681061
45.875 0.412347 -0.775189 0.149606 -0.811746
45.9062 0.388231 -0.768186 0.122809 -0.894175
45.9375 0.364339 -0.760769 0.0940933 -0.941175
45.9688 0.340697 -0.752031 0.0639949 -0.987146
46 0.317359 -0.741149 0.0321355 -1.05617
46.0312 0.294404 -0.72757 -0.00188885 -1.10965
46.0625 0.271902 -0.712462 -0.0360493 -1.05743
46.0938 0.249886 -0.696291 -0.0672572 -0.936916
46.125 0.228408 -0.677905 -0.0947183 -0.824404
46.1562 0.207524 -0.658776 -0.119016 -0.732638
46.1875 0.187221 -0.640807 -0.140245 -0.613929
46.2188 0.167472 -0.623089 -0.156456 -0.413053
46.25 0.148275 -0.605679 -0.166081 -0.211322
46.2812 0.129604 -0.589381 -0.16999 -0.0352663
46.3125 0.111445 -0.57254 -0.167624 0.198424
46.3438 0.0938346 -0.554461 -0.157182 0.470662
46.375 0.0767839 -0.536985 -0.138387 0.726649
46.4062 0.0602669 -0.520063 -0.112228 0.939877
46.4375 0.0442825 -0.503037 -0.0799753 1.12108
46.4688 0.028807 -0.487863 -0.0425035 1.26649
46.5 0.0137674 -0.474852 -0.00171045 1.33069
46.5312 -0.00087288 -0.462121 0.0401118 1.3403
46.5625 -0.015122 -0.450048 0.0815803 1.30249
46.5938 -0.0290125 -0.438977 0.120774 1.19592
46.625 -0.0425491 -0.427118 0.155786 1.03506
46.6562 -0.0556949 -0.414122 0.18473 0.806129
46.6875 -0.0684304 -0.400895 0.205782 0.540341
46.7188 -0.0807369 -0.386322 0.218544 0.276013
46.75 -0.0925459 -0.369019 0.222912 0.001345
46.7812 -0.103782 -0.349878 0.218518 -0.284314
46.8125 -0.114396 -0.328958 0.205077 -0.574268
46.8438 -0.124308 -0.304896 0.183074 -0.821128
46.875 -0.133432 -0.278942 0.154731 -0.976842
46.9062 -0.141736 -0.252293 0.122883 -1.05129
46.9375 -0.149176 -0.223448 0.0893195 -1.09754
46.9688 -0.155686 -0.193134 0.0540843 -1.16007
47 -0.161249 -0.162851 0.0168702 -1.21766
47.0312 -0.165855 -0.131809 -0.0216849 -1.24372
47.0625 -0.169494 -0.101438 -0.0604511 -1.23108
47.0938 -0.172213 -0.0726585 -0.0983182 -1.18763
47.125 -0.174026 -0.0432358 -0.134127 -1.08986
47.1562 -0.174923 -0.0145828 -0.16552 -0.910981
47.1875 -0.174963 0.0119227 -0.191236 -0.74481
47.2188 -0.174163 0.0396591 -0.212432 -0.608247
47.25 -0.17247 0.0686148 -0.228582 -0.412674
47.2812 -0.169885 0.0968376 -0.23763 -0.160417
47.3125 -0.166399 0.126838 -0.238452 0.106003
47.3438 -0.161924 0.159929 -0.231338 0.343591
47.375 -0.156384 0.194944 -0.217039 0.575321
47.4062 -0.149715 0.232322 -0.195203 0.820198
47.4375 -0.141841 0.271855 -0.166176 1.02984
47.4688 -0.132719 0.311928 -0.131321 1.19092
47.5 -0.122354 0.351247 -0.0925828 1.27523
47.5312 -0.110775 0.389688 -0.0519354 1.32969
47.5625 -0.0980021 0.427675 -0.00934323 1.38865
47.5938 -0.0840576 0.464565 0.0336772 1.34208
47.625 -0.0689716 0.501018 0.0736852 1.21624
47.6562 -0.0527378 0.537948 0.109815 1.09487
47.6875 -0.0353571 0.574256 0.141557 0.92232
47.7188 -0.0168538 0.609861 0.166676 0.678806
47.75 0.00274735 0.644308 0.184052 0.439438
47.7812 0.0233968 0.677036 0.194445 0.225843
47.8125 0.0450512 0.708608 0.197929 -0.00639401
47.8438 0.0676628 0.738173 0.194192 -0.224421
47.875 0.0911758 0.766673 0.184541 -0.383789
47.9062 0.115578 0.794886 0.170772 -0.486819
47.9375 0.140835 0.821215 0.15488 -0.519113
47.9688 0.166904 0.84742 0.138659 -0.520661
48 0.193806 0.874241 0.121943 -0.557392
48.0312 0.221531 0.900031 0.10346 -0.626056
48.0625 0.250069 0.926785 0.0832515 -0.653826
48.0938 0.279468 0.954647 0.0635092 -0.597865
48.125 0.309719 0.981177 0.0463639 -0.493783
48.1562 0.34079 1.00753 0.0330343 -0.353577
48.1875 0.372696 1.03445 0.0243905 -0.201609
48.2188 0.405431 1.06031 0.0203262 -0.056819
48.25 0.438953 1.08498 0.0211138 0.110691
48.2812 0.473233 1.10876 0.0272051 0.276428
48.3125 0.508233 1.13085 0.038463 0.451076
48.3438 0.54389 1.15089 0.0559779 0.676748
48.375 0.580144 1.16902 0.0807394 0.899963
48.4062 0.61693 1.18492 0.111383 1.04539
48.4375 0.654178 1.19869 0.145353 1.12571
48.4688 0.69184 1.21157 0.182085 1.23316
48.5 0.729888 1.22313 0.222337 1.32828
48.5312 0.768259 1.23228 0.263744 1.30164
48.5625 0.806902 1.24099 0.303017 1.20897
48.5938 0.845826 1.25011 0.339244 1.10839
48.625 0.885027 1.25874 0.372212 0.999578
48.6562 0.924517 1.26921 0.4013 0.849165
48.6875 0.964384 1.28256 0.424459 0.626628
48.7188 1.00468 1.29642 0.440763 0.4281
48.75 1.04541 1.31031 0.451629 0.266098
48.7812 1.08658 1.32447 0.45712 0.0827304
48.8125 1.12817 1.3367 0.456828 -0.100371
48.8438 1.17009 1.3455 0.450919 -0.273682
48.875 1.21224 1.35243 0.440276 -0.397509
48.9062 1.2546 1.35798 0.426313 -0.498506
48.9375 1.29709 1.36094 0.409167 -0.588548
48.9688 1.33965 1.36259 0.390619 -0.582682
49 1.38225 1.36417 0.373011 -0.551047
49.0312 1.42489 1.36408 0.355597 -0.569982
49.0625 1.46749 1.36262 0.33729 -0.598768
49.0938 1.51006 1.36143 0.318633 -0.583967
49.125 1.55257 1.35884 0.301543 -0.499557
49.1562 1.59496 1.35454 0.287918 -0.36493
49.1875 1.63723 1.35012 0.279126 -0.196096
49.2188 1.67932 1.3436 0.275328 -0.0558333
49.25 1.72118 1.3351 0.2754 0.0642811
49.2812 1.76277 1.32636 0.279756 0.218711
49.3125 1.80405 1.31519 0.289104 0.379407
49.3438 1.84494 1.30131 0.303587 0.550683
49.375 1.88536 1.28513 0.323721 0.741578
49.4062 1.92522 1.26535 0.350158 0.950908
49.4375 1.96441 1.24241 0.382771 1.12533
49.4688 2.00283 1.21571 0.419962 1.25164
49.5 2.04035 1.18454 0.46087 1.36177
49.5312 2.07683 1.14988 0.504737 1.44449
49.5625 2.11217 1.11112 0.551351 1.54006
49.5938 2.14623 1.06793 0.600428 1.58383
49.625 2.17888 1.02141 0.649537 1.55656
49.6562 2.21004 0.972236 0.698034 1.55408
49.6875 2.23963 0.921929 0.746835 1.567
49.7188 2.26766 0.871984 0.795553 1.5408
49.75 2.29414 0.823029 0.842656 1.47409
49.7812 2.31912 0.775665 0.888311 1.46216
49.8125 2.34264 0.730407 0.934531 1.49464
49.8438 2.36481 0.688697 0.981429 1.50447
49.875 2.38573 0.651092 1.02879 1.53558
49.9062 2.40554 0.617674 1.07813 1.63493
49.9375 2.42439 0.589548 1.13173 1.8048
49.9688 2.44243 0.565604 1.19125 2.00666
