0 0 0 0 0
0.03125 0.000273438 0.0175 8.91642e-38 9.81106e-35
0.0625 0.00109375 0.035 5.76377e-28 2.95196e-25
0.09375 0.00246094 0.0525 2.15525e-22 7.21823e-20
0.125 0.004375 0.07 1.67286e-18 4.12739e-16
0.15625 0.00683594 0.0875 1.49738e-15 2.87591e-13
0.1875 0.00984375 0.105 3.26959e-13 5.06557e-11
0.21875 0.0133984 0.1225 2.67096e-11 3.41948e-09
0.25 0.0175 0.14 1.02522e-09 1.08711e-07
0.28125 0.0221484 0.1575 2.10113e-08 1.84846e-06
0.3125 0.0273437 0.174996 2.60947e-07 1.92359e-05
0.34375 0.0330856 0.192485 2.13072e-06 0.000129329
0.375 0.0393744 0.210017 1.16506e-05 0.00056266
0.40625 0.0462136 0.227724 4.47975e-05 0.00172008
0.4375 0.053608 0.245481 0.000131265 0.00401222
0.46875 0.0615476 0.262421 0.000304493 0.00714991
0.5 0.0699938 0.277971 0.000584133 0.0109571
0.53125 0.0789245 0.293912 0.00101089 0.0167322
0.5625 0.0883937 0.312607 0.00164461 0.0239142
0.59375 0.0984793 0.332884 0.00251289 0.0319258
0.625 0.109196 0.35304 0.00366514 0.0422244
0.65625 0.120568 0.375326 0.00516845 0.0541201
0.6875 0.132673 0.399263 0.00705424 0.0667041
0.71875 0.145475 0.419045 0.00934953 0.0804557
0.75 0.158817 0.434553 0.0121007 0.0958249
0.78125 0.172636 0.449776 0.0153357 0.110935
0.8125 0.186898 0.462204 0.0190238 0.125309
0.84375 0.20148 0.47079 0.0231984 0.142276
0.875 0.216333 0.480062 0.0279096 0.158781
0.90625 0.231481 0.489002 0.0331158 0.174971
0.9375 0.246873 0.496069 0.0388952 0.195302
0.96875 0.262509 0.505139 0.045297 0.213646
1 0.278457 0.515394 0.052237 0.231142
1.03125 0.294713 0.525186 0.0597888 0.252329
1.0625 0.311312 0.537737 0.0679724 0.270681
1.09375 0.328339 0.551955 0.0766985 0.288285
1.125 0.34581 0.566422 0.0860165 0.307992
1.15625 0.363774 0.583869 0.0959198 0.32541
1.1875 0.382317 0.602813 0.106356 0.342838
1.21875 0.401454 0.622316 0.117362 0.361502
1.25 0.421244 0.64467 0.12894 0.379421
1.28125 0.441756 0.668054 0.141081 0.397816
1.3125 0.463003 0.692153 0.153824 0.418055
1.34375 0.485044 0.718763 0.167224 0.439789
1.375 0.507929 0.745836 0.181332 0.463657
1.40625 0.531666 0.773697 0.196233 0.49003
1.4375 0.556309 0.80361 0.211916 0.512592
1.46875 0.581892 0.833707 0.228233 0.53225
1.5 0.608427 0.864908 0.245296 0.562522
1.53125 0.635962 0.897283 0.263582 0.610794
1.5625 0.664494 0.928614 0.283617 0.672239
1.59375 0.694009 0.960671 0.30548 0.72263
1.625 0.724555 0.994488 0.328486 0.746708
1.65625 0.756172 1.02916 0.352156 0.770755
1.6875 0.78889 1.06487 0.376801 0.80693
1.71875 0.822717 1.09975 0.402496 0.835406
1.75 0.857614 1.13371 0.428956 0.858924
1.78125 0.893581 1.16809 0.456316 0.894764
1.8125 0.930595 1.20029 0.485003 0.941922
1.84375 0.96858 1.23087 0.515136 0.984937
1.875 1.00755 1.26405 0.54652 1.02491
1.90625 1.04761 1.29957 0.579361 1.07952
1.9375 1.08878 1.33552 0.614028 1.13796
1.96875 1.13108 1.37143 0.650443 1.19383
2 1.17449 1.4073 0.688788 1.2615
2.03125 1.21903 1.44239 0.729158 1.31756
2.0625 1.2646 1.47383 0.770915 1.35423
2.09375 1.31111 1.50199 0.813836 1.39156
2.125 1.35847 1.52933 0.857521 1.39477
2.15625 1.40666 1.55364 0.900518 1.35367
2.1875 1.45554 1.57511 0.942151 1.31151
2.21875 1.50511 1.59739 0.982269 1.24856
2.25 1.55537 1.6191 1.01976 1.14857
2.28125 1.60629 1.63941 1.05418 1.0582
2.3125 1.65785 1.6607 1.08597 0.973314
2.34375 1.71008 1.6819 1.11479 0.869631
2.375 1.76295 1.70123 1.14042 0.774273
2.40625 1.81639 1.71911 1.16334 0.692631
2.4375 1.87037 1.7348 1.18355 0.597518
2.46875 1.92478 1.74648 1.20059 0.493833
2.5 1.97947 1.75333 1.21459 0.40464
2.53125 2.03431 1.75548 1.22591 0.318734
2.5625 2.08913 1.75192 1.23446 0.229086
2.59375 2.14373 1.74129 1.24033 0.147021
2.625 2.1979 1.72442 1.24347 0.049799
2.65625 2.25145 1.70179 1.24336 -0.0534405
2.6875 2.30419 1.67283 1.24062 -0.112861
2.71875 2.35595 1.6393 1.23662 -0.142522
2.75 2.40661 1.60172 1.23167 -0.173564
2.78125 2.456 1.55834 1.22597 -0.185882
2.8125 2.50396 1.51123 1.22054 -0.151833
2.84375 2.55044 1.46282 1.21712 -0.057861
2.875 2.59537 1.41239 1.21721 0.0623231
2.90625 2.6387 1.36103 1.22077 0.163397
2.9375 2.68043 1.3095 1.22769 0.288782
2.96875 2.72053 1.25674 1.23928 0.455273
3 2.75896 1.20244 1.25607 0.616879
3.03125 2.79566 1.14524 1.27764 0.757456
3.0625 2.83051 1.08479 1.30269 0.830904
3.09375 2.86344 1.02313 1.32891 0.844837
3.125 2.89445 0.961696 1.35569 0.87409
3.15625 2.92354 0.899673 1.38382 0.930495
3.1875 2.95066 0.835289 1.41425 1.02441
3.21875 2.97574 0.769607 1.44804 1.13536
3.25 2.99874 0.702019 1.48482 1.21385
3.28125 3.01955 0.62893 1.52399 1.2983
3.3125 3.03801 0.55178 1.56602 1.38523
3.34375 3.05402 0.472583 1.60987 1.411
3.375 3.06752 0.390987 1.65414 1.43097
3.40625 3.07845 0.308856 1.70011 1.52264
3.4375 3.08683 0.22795 1.74959 1.6421
3.46875 3.09272 0.149647 1.80265 1.75807
3.5 3.09622 0.0743795 1.86023 1.94265
3.53125 3.09739 0.00100448 1.92455 2.1703
3.5625 3.09631 -0.0698713 1.99527 2.3463
3.59375 3.09305 -0.138143 2.07098 2.49734
3.625 3.08768 -0.205863 2.15082 2.5964
3.65625 3.08019 -0.272964 2.23209 2.5889
3.6875 3.07065 -0.337458 2.3119 2.50981
3.71875 3.05912 -0.399681 2.38853 2.3911
3.75 3.04569 -0.459647 2.46135 2.26918
3.78125 3.03045 -0.514226 2.52997 2.11065
3.8125 3.01361 -0.562972 2.59252 1.88575
3.84375 2.99532 -0.606866 2.64789 1.66348
3.875 2.97576 -0.643505 2.69669 1.45974
3.90625 2.95518 -0.67254 2.73904 1.24968
3.9375 2.93378 -0.696244 2.77477 1.03682
3.96875 2.91171 -0.715614 2.8039 0.82911
4 2.88909 -0.731338 2.82674 0.634875
4.03125 2.86603 -0.744287 2.84356 0.438555
4.0625 2.84259 -0.755442 2.85374 0.20324
4.09375 2.81883 -0.764541 2.8555 -0.102817
4.125 2.79483 -0.771813 2.84685 -0.451581
4.15625 2.77059 -0.779403 2.82759 -0.775682
4.1875 2.74612 -0.786399 2.79831 -1.10563
4.21875 2.72145 -0.79228 2.75794 -1.48274
4.25 2.69659 -0.799068 2.7058 -1.84781
4.28125 2.67153 -0.804051 2.64268 -2.19238
4.3125 2.64639 -0.804125 2.56878 -2.53246
4.34375 2.62131 -0.80041 2.48501 -2.81634
4.375 2.5964 -0.793803 2.39349 -3.03098
4.40625 2.57172 -0.785239 2.29613 -3.19178
4.4375 2.54733 -0.775541 2.19446 -3.30905
4.46875 2.52325 -0.765737 2.08973 -3.38561
4.5 2.49945 -0.758045 1.98338 -3.41365
4.53125 2.47585 -0.752204 1.87665 -3.41306
4.5625 2.45243 -0.747251 1.77043 -3.37935
4.59375 2.42913 -0.744081 1.66561 -3.33013
4.625 2.4059 -0.743067 1.56227 -3.27944
4.65625 2.38266 -0.744994 1.46116 -3.18454
4.6875 2.3593 -0.750754 1.36318 -3.09337
4.71875 2.33569 -0.760704 1.26766 -3.01308
4.75 2.31169 -0.776464 1.17568 -2.86164
4.78125 2.2871 -0.798782 1.08883 -2.70763
4.8125 2.26172 -0.826158 1.00559 -2.63037
4.84375 2.23542 -0.857554 0.924249 -2.57339
4.875 2.20807 -0.893453 0.844874 -2.50528
4.90625 2.17955 -0.931905 0.76788 -2.41473
4.9375 2.14984 -0.968984 0.694688 -2.2563
4.96875 2.119 -1.00545 0.627494 -2.03884
5 2.087 -1.04184 0.567317 -1.8143
5.03125 2.05392 -1.07476 0.513971 -1.60113
5.0625 2.01986 -1.10508 0.46723 -1.39016
5.09375 1.98486 -1.13468 0.427063 -1.18177
5.125 1.94897 -1.16146 0.393198 -0.990437
5.15625 1.91229 -1.18594 0.364666 -0.846114
5.1875 1.87484 -1.21092 0.339726 -0.755564
5.21875 1.83661 -1.23553 0.317366 -0.675708
5.25 1.79765 -1.25779 0.297175 -0.627019
5.28125 1.75802 -1.27843 0.27758 -0.630422
5.3125 1.71776 -1.29755 0.258012 -0.615686
5.34375 1.67696 -1.31321 0.239176 -0.593733
5.375 1.63572 -1.32525 0.220779 -0.578759
5.40625 1.59416 -1.3347 0.20372 -0.500517
5.4375 1.55233 -1.342 0.189862 -0.388155
5.46875 1.5103 -1.34737 0.179181 -0.298298
5.5 1.46814 -1.35016 0.171301 -0.201344
5.53125 1.42595 -1.3496 0.166939 -0.0728589
5.5625 1.38383 -1.34532 0.166974 0.0771196
5.59375 1.3419 -1.33823 0.171759 0.226889
5.625 1.3002 -1.33016 0.180866 0.34905
5.65625 1.25878 -1.32047 0.193051 0.42203
5.6875 1.21769 -1.30964 0.20677 0.450102
5.71875 1.1769 -1.30156 0.220882 0.448262
5.75 1.13632 -1.29545 0.234431 0.412512
5.78125 1.09594 -1.28846 0.246288 0.341329
5.8125 1.05577 -1.2827 0.255531 0.247368
5.84375 1.01576 -1.27794 0.261543 0.132939
5.875 0.975925 -1.27129 0.263492 -0.0136232
5.90625 0.936317 -1.26364 0.260581 -0.168754
5.9375 0.896954 -1.25529 0.253552 -0.268009
5.96875 0.85788 -1.24526 0.244517 -0.304145
6 0.819129 -1.23478 0.234582 -0.334719
6.03125 0.780713 -1.22358 0.223396 -0.383521
6.0625 0.74267 -1.2111 0.210481 -0.446012
6.09375 0.705013 -1.19911 0.19526 -0.532253
6.125 0.667726 -1.18704 0.177132 -0.62527
6.15625 0.63085 -1.1725 0.15655 -0.684631
6.1875 0.594466 -1.15591 0.134727 -0.707834
6.21875 0.558616 -1.13826 0.112471 -0.715058
6.25 0.52335 -1.11826 0.0900836 -0.717651
6.28125 0.488753 -1.09568 0.0676046 -0.720953
6.3125 0.454876 -1.07247 0.0451085 -0.71543
6.34375 0.421732 -1.04841 0.0232924 -0.670981
6.375 0.389371 -1.02249 0.00390215 -0.559064
6.40625 0.357818 -0.997278 -0.0112651 -0.410943
6.4375 0.327016 -0.974382 -0.0218341 -0.263645
6.46875 0.296909 -0.952572 -0.0273172 -0.0783391
6.5 0.267459 -0.932796 -0.0264786 0.128761
6.53125 0.238569 -0.916819 -0.0196803 0.301744
6.5625 0.210132 -0.903302 -0.00756769 0.476949
6.59375 0.182115 -0.889606 0.010088 0.64637
6.625 0.154538 -0.875381 0.032284 0.767275
6.65625 0.127394 -0.861957 0.0577462 0.855819
6.6875 0.100668 -0.848335 0.0849592 0.867625
6.71875 0.0743885 -0.833401 0.111019 0.792895
6.75 0.0485796 -0.818363 0.134544 0.715928
6.78125 0.0232564 -0.801819 0.15566 0.627439
6.8125 -0.00150164 -0.782335 0.173065 0.475821
6.84375 -0.0256263 -0.761362 0.184959 0.282154
6.875 -0.0490468 -0.736568 0.190638 0.0809117
6.90625 -0.0716029 -0.70642 0.189866 -0.135492
6.9375 -0.0931856 -0.674843 0.181831 -0.380704
6.96875 -0.113764 -0.641557 0.166419 -0.593194
7 -0.133243 -0.604753 0.145598 -0.729729
7.03125 -0.151558 -0.567515 0.12101 -0.84528
7.0625 -0.168717 -0.530531 0.0926381 -0.971904
7.09375 -0.184702 -0.492303 0.0602373 -1.10091
7.125 -0.199472 -0.452731 0.0240937 -1.2038
7.15625 -0.21298 -0.411546 -0.0143496 -1.24778
7.1875 -0.225184 -0.369313 -0.0536531 -1.26778
7.21875 -0.236037 -0.324594 -0.0935407 -1.28093
7.25 -0.245428 -0.276012 -0.133288 -1.25608
7.28125 -0.253277 -0.226237 -0.171771 -1.20437
7.3125 -0.259558 -0.175484 -0.208399 -1.13624
7.34375 -0.264231 -0.123594 -0.242503 -1.04095
7.375 -0.267296 -0.0728089 -0.273003 -0.901753
7.40625 -0.268782 -0.022181 -0.298282 -0.708901
7.4375 -0.268684 0.0282179 -0.316991 -0.482573
7.46875 -0.267038 0.0769665 -0.327774 -0.193031
7.5 -0.263875 0.125485 -0.328412 0.152527
7.53125 -0.259203 0.173171 -0.31883 0.448243
7.5625 -0.253073 0.218969 -0.300702 0.716139
7.59375 -0.245519 0.264497 -0.273754 1.00717
7.625 -0.236546 0.309619 -0.238427 1.23794
7.65625 -0.226186 0.35318 -0.197155 1.39677
7.6875 -0.214478 0.396099 -0.15141 1.52484
7.71875 -0.201431 0.438735 -0.102474 1.59435
7.75 -0.187091 0.478175 -0.0525714 1.58757
7.78125 -0.1716 0.512502 -0.00382969 1.52609
7.8125 -0.155084 0.544351 0.0426494 1.44733
7.84375 -0.137595 0.574469 0.0863638 1.34132
7.875 -0.119222 0.600836 0.1257 1.16334
7.90625 -0.100058 0.625756 0.158488 0.929935
7.9375 -0.0801031 0.651304 0.183698 0.684024
7.96875 -0.0593632 0.675852 0.201435 0.457231
8 -0.0378618 0.700425 0.212754 0.274252
8.03125 -0.0155805 0.725445 0.218807 0.113089
8.0625 0.00746261 0.749163 0.219734 -0.0539379
8.09375 0.0312518 0.773726 0.215603 -0.206434
8.125 0.0558381 0.799831 0.206878 -0.356608
8.15625 0.0812337 0.825427 0.192844 -0.54667
8.1875 0.107439 0.852025 0.173022 -0.706201
8.21875 0.134499 0.879841 0.149868 -0.762367
8.25 0.162421 0.907076 0.125459 -0.80784
8.28125 0.191184 0.933541 0.0989472 -0.888472
8.3125 0.220744 0.957832 0.0704322 -0.92616
8.34375 0.251028 0.980183 0.0414003 -0.931602
8.375 0.28199 1.00084 0.0122949 -0.924166
8.40625 0.313527 1.01657 -0.0155861 -0.84696
8.4375 0.345493 1.02921 -0.0401459 -0.722406
8.46875 0.377857 1.04195 -0.0605704 -0.577942
8.5 0.410591 1.05261 -0.0756012 -0.37385
8.53125 0.443638 1.06265 -0.0837079 -0.148187
8.5625 0.477027 1.07441 -0.0851492 0.0546427
8.59375 0.510781 1.08563 -0.0800247 0.280838
8.625 0.544879 1.09679 -0.0672949 0.533043
8.65625 0.579339 1.10863 -0.0471432 0.745677
8.6875 0.614158 1.11963 -0.0213595 0.896386
8.71875 0.649315 1.13054 0.00857884 1.01637
8.75 0.684814 1.14117 0.0418234 1.10245
8.78125 0.720627 1.15081 0.076855 1.13134
8.8125 0.756738 1.16022 0.112238 1.1298
8.84375 0.793126 1.16823 0.147013 1.08339
8.875 0.829736 1.17476 0.179159 0.966255
8.90625 0.866558 1.18213 0.207388 0.84401
8.9375 0.903635 1.19099 0.231878 0.716633
8.96875 0.941004 1.2007 0.251714 0.550886
9 0.978676 1.2102 0.26675 0.424336
9.03125 1.01664 1.21964 0.278888 0.356797
9.0625 1.05491 1.22955 0.28898 0.285543
9.09375 1.09347 1.23741 0.29652 0.19329
9.125 1.13222 1.24256 0.300727 0.0693761
9.15625 1.17113 1.24765 0.300521 -0.0852058
9.1875 1.21019 1.25254 0.295427 -0.238022
9.21875 1.2494 1.25659 0.285933 -0.36308
9.25 1.28874 1.26109 0.27321 -0.444229
9.28125 1.32822 1.26603 0.258402 -0.50293
9.3125 1.36786 1.2707 0.241788 -0.558706
9.34375 1.40764 1.2751 0.223658 -0.599658
9.375 1.44755 1.27887 0.204344 -0.634484
9.40625 1.48755 1.28128 0.184539 -0.617473
9.4375 1.52762 1.28241 0.166779 -0.507248
9.46875 1.5677 1.28248 0.153179 -0.360296
9.5 1.60774 1.27998 0.144702 -0.169357
9.53125 1.64766 1.27437 0.14355 0.109513
9.5625 1.68738 1.26741 0.152081 0.43875
9.59375 1.72685 1.25774 0.170769 0.750896
9.625 1.76593 1.24251 0.198763 1.04181
9.65625 1.80445 1.22255 0.236116 1.3496
9.6875 1.8423 1.19866 0.282621 1.61218
9.71875 1.87932 1.16985 0.336145 1.80909
9.75 1.91538 1.13766 0.39565 1.99483
9.78125 1.95042 1.10485 0.459942 2.10028
9.8125 1.98443 1.07209 0.526159 2.13874
9.84375 2.01744 1.04098 0.594268 2.23089
9.875 2.04952 1.01281 0.6656 2.32398
9.90625 2.08076 0.986761 0.738782 2.35363
9.9375 2.11123 0.963989 0.812843 2.3926
9.96875 2.14104 0.944253 0.888466 2.44365
10 2.17026 0.926294 0.965233 2.46745
10.0312 2.19897 0.911338 1.04298 2.51736
10.0625 2.22722 0.896679 1.12293 2.59842
10.0938 2.25499 0.880336 1.2049 2.63787
10.125 2.28226 0.865633 1.28743 2.64184
10.1562 2.30911 0.852116 1.36987 2.62834
10.1875 2.33552 0.838453 1.45121 2.57404
10.2188 2.36153 0.826737 1.53124 2.56547
10.25 2.38721 0.817336 1.61249 2.63889
10.2812 2.41263 0.809477 1.69577 2.68134
10.3125 2.43781 0.802398 1.77987 2.70446
10.3438 2.46278 0.795169 1.86492 2.73264
10.375 2.48752 0.788188 1.9498 2.686
10.4062 2.51205 0.782602 2.03257 2.61872
10.4375 2.53645 0.778772 2.11425 2.61857
10.4688 2.56074 0.776455 2.19637 2.63411
10.5 2.58501 0.777398 2.27867 2.63222
10.5312 2.60938 0.782631 2.36089 2.62691
10.5625 2.63394 0.789439 2.44235 2.57572
10.5938 2.65873 0.797663 2.5213 2.47139
10.625 2.68382 0.808476 2.59658 2.34117
10.6562 2.70926 0.818972 2.66698 2.15074
10.6875 2.73499 0.827965 2.73023 1.88752
10.7188 2.761 0.836056 2.78455 1.58517
10.75 2.78722 0.841557 2.82898 1.2501
10.7812 2.81356 0.844378 2.86197 0.850097
10.8125 2.83996 0.844356 2.88182 0.422989
10.8438 2.86628 0.838744 2.88857 0.0052256
10.875 2.89232 0.826856 2.88156 -0.462185
10.9062 2.91789 0.809032 2.85977 -0.922292
10.9375 2.94281 0.784628 2.82448 -1.33322
10.9688 2.96687 0.753923 2.77651 -1.73249
11 2.98987 0.717245 2.71684 -2.07287
11.0312 3.01165 0.675751 2.64778 -2.33265
11.0625 3.03205 0.629035 2.57211 -2.49133
11.0938 3.05088 0.574298 2.49315 -2.54995
11.125 3.06787 0.512185 2.41303 -2.58156
11.1562 3.08281 0.44289 2.33118 -2.66669
11.1875 3.09547 0.365672 2.24639 -2.74486
11.2188 3.10561 0.282529 2.16094 -2.70851
11.25 3.11307 0.194631 2.0773 -2.65019
11.2812 3.11774 0.1041 1.99518 -2.59926
11.3125 3.11958 0.0132351 1.91543 -2.4982
11.3438 3.11859 -0.075663 1.83894 -2.40337
11.375 3.1149 -0.159268 1.76514 -2.31136
11.4062 3.10869 -0.237619 1.6956 -2.1182
11.4375 3.1001 -0.311683 1.63364 -1.84201
11.4688 3.08927 -0.380618 1.58061 -1.54891
11.5 3.07635 -0.445258 1.537 -1.245
11.5312 3.06144 -0.509788 1.50206 -1.00811
11.5625 3.04448 -0.575303 1.47311 -0.853029
11.5938 3.02549 -0.639743 1.4484 -0.733404
11.625 3.00449 -0.705041 1.42705 -0.632938
11.6562 2.98141 -0.77157 1.40904 -0.514554
11.6875 2.95627 -0.837522 1.39514 -0.37377
11.7188 2.92907 -0.903803 1.38556 -0.243488
11.75 2.89978 -0.970166 1.37988 -0.115344
11.7812 2.86843 -1.03653 1.3789 0.0606578
11.8125 2.83499 -1.10359 1.38355 0.225425
11.8438 2.79946 -1.16996 1.39215 0.316211
11.875 2.76189 -1.23435 1.40321 0.391983
11.9062 2.72234 -1.2969 1.41637 0.440555
11.9375 2.68086 -1.35654 1.43016 0.437277
11.9688 2.63761 -1.41043 1.44376 0.434792
12 2.59277 -1.45842 1.45707 0.407128
12.0312 2.54651 -1.50191 1.46843 0.307924
12.0625 2.49896 -1.54004 1.4758 0.158295
12.0938 2.45031 -1.57292 1.47804 -0.0194727
12.125 2.4007 -1.60134 1.47412 -0.242648
12.1562 2.35028 -1.62467 1.4621 -0.53745
12.1875 2.29921 -1.64314 1.44025 -0.857581
12.2188 2.24763 -1.65703 1.40908 -1.1239
12.25 2.1957 -1.66608 1.37097 -1.29929
12.2812 2.14354 -1.67179 1.32865 -1.40199
12.3125 2.09122 -1.67588 1.28338 -1.49967
12.3438 2.03881 -1.67842 1.23462 -1.62286
12.375 1.98634 -1.67931 1.18228 -1.71405
12.4062 1.93387 -1.67825 1.12862 -1.70032
12.4375 1.88147 -1.67485 1.07706 -1.58747
12.4688 1.82921 -1.66951 1.02989 -1.42528
12.5 1.77716 -1.6613 0.988342 -1.22959
12.5312 1.72542 -1.64937 0.953066 -1.03215
12.5625 1.6741 -1.63525 0.923492 -0.864577
12.5938 1.62325 -1.61829 0.898936 -0.708064
12.625 1.57299 -1.59759 0.878996 -0.574354
12.6562 1.5234 -1.57633 0.862772 -0.463851
12.6875 1.47448 -1.55431 0.850132 -0.346455
12.7188 1.42629 -1.52991 0.840484 -0.28824
12.75 1.37884 -1.50716 0.831179 -0.314272
12.7812 1.33206 -1.4866 0.820912 -0.338919
12.8125 1.28595 -1.46439 0.809927 -0.371304
12.8438 1.24055 -1.44117 0.797202 -0.447397
12.875 1.19589 -1.41685 0.782066 -0.516161
12.9062 1.15203 -1.38904 0.765107 -0.57176
12.9375 1.10911 -1.3577 0.745904 -0.665158
12.9688 1.06722 -1.32225 0.72327 -0.783023
13 1.0265 -1.28345 0.697074 -0.893545
13.0312 0.987016 -1.2434 0.66728 -1.01484
13.0625 0.94882 -1.20056 0.633857 -1.1169
13.0938 0.912002 -1.15585 0.597723 -1.19967
13.125 0.876556 -1.1131 0.558222 -1.33934
13.1562 0.842428 -1.07091 0.513767 -1.50278
13.1875 0.809634 -1.02792 0.464568 -1.64322
13.2188 0.778166 -0.986437 0.411262 -1.76139
13.25 0.747966 -0.946529 0.355249 -1.80805
13.2812 0.718994 -0.908084 0.299171 -1.76812
13.3125 0.691178 -0.872715 0.245386 -1.66812
13.3438 0.664417 -0.840473 0.194844 -1.57333
13.375 0.638612 -0.811719 0.146815 -1.4953
13.4062 0.613637 -0.787363 0.102307 -1.33513
13.4375 0.589375 -0.765561 0.0641367 -1.10216
13.4688 0.565784 -0.74442 0.0337389 -0.835183
13.5 0.542831 -0.724984 0.0124683 -0.522842
13.5312 0.520453 -0.707339 0.000664167 -0.246219
13.5625 0.498618 -0.690204 -0.00374314 -0.0449174
13.5938 0.477299 -0.674612 -0.00246371 0.123314
13.625 0.456439 -0.660446 0.00370104 0.266143
13.6562 0.436024 -0.64612 0.013841 0.37791
13.6875 0.416044 -0.632922 0.0270863 0.467493
13.7188 0.396461 -0.620121 0.0429457 0.544579
13.75 0.377306 -0.605631 0.0607627 0.587622
13.7812 0.358606 -0.59132 0.0791999 0.587207
13.8125 0.340354 -0.576407 0.0973134 0.571132
13.8438 0.322606 -0.55928 0.11479 0.544086
13.875 0.305392 -0.542638 0.131033 0.490776
13.9062 0.288702 -0.524954 0.145302 0.422405
13.9375 0.272617 -0.504283 0.157419 0.349409
13.9688 0.25717 -0.48472 0.166575 0.225154
14 0.242304 -0.466787 0.17112 0.068064
14.0312 0.227996 -0.449042 0.171167 -0.0637797
14.0625 0.214214 -0.433559 0.166688 -0.233741
14.0938 0.200872 -0.420653 0.15634 -0.421584
14.125 0.187902 -0.40976 0.140951 -0.559353
14.1562 0.175252 -0.399746 0.120975 -0.731098
14.1875 0.16293 -0.388712 0.0948594 -0.937127
14.2188 0.150951 -0.378214 0.0630431 -1.08601
14.25 0.139293 -0.367437 0.0277617 -1.16033
14.2812 0.128028 -0.352915 -0.00875604 -1.16513
14.3125 0.117253 -0.336746 -0.0442921 -1.09642
14.3438 0.106976 -0.320906 -0.0766163 -0.966923
14.375 0.0972069 -0.304184 -0.104827 -0.844206
14.4062 0.0879639 -0.287514 -0.129466 -0.726385
14.4375 0.0792273 -0.271771 -0.149562 -0.550177
14.4688 0.0709672 -0.25711 -0.163519 -0.33908
14.5 0.0631451 -0.243583 -0.170252 -0.0802431
14.5312 0.05575 -0.229491 -0.168069 0.217791
14.5625 0.0488087 -0.214822 -0.157392 0.448363
14.5938 0.0423121 -0.201165 -0.140996 0.589889
14.625 0.0362275 -0.188335 -0.120971 0.687677
14.6562 0.0305333 -0.17628 -0.0981554 0.770686
14.6875 0.0251983 -0.165278 -0.0730265 0.832458
14.7188 0.0202033 -0.154315 -0.0463477 0.874676
14.75 0.0155598 -0.142794 -0.0183357 0.915036
14.7812 0.0112831 -0.130782 0.01028 0.904601
14.8125 0.00740294 -0.117142 0.0377688 0.854766
14.8438 0.0039881 -0.101071 0.0638518 0.813984
14.875 0.00109886 -0.0836937 0.0882835 0.741898
14.9062 -0.00122725 -0.0647884 0.109952 0.644505
14.9375 -0.00292519 -0.0436005 0.128557 0.543862
14.9688 -0.00394543 -0.0216249 0.14364 0.415507
15 -0.00425982 0.0020017 0.15415 0.250835
15.0312 -0.00379119 0.0281905 0.158966 0.054216
15.0625 -0.00250612 0.0537943 0.15758 -0.139821
15.0938 -0.000430967 0.0792688 0.150322 -0.326242
15.125 0.00246487 0.106116 0.137028 -0.525306
15.1562 0.00619004 0.132099 0.117674 -0.708328
15.1875 0.0107244 0.158352 0.092974 -0.871593
15.2188 0.016094 0.185117 0.0632231 -1.0298
15.25 0.0222762 0.210421 0.0290997 -1.14124
15.2812 0.0292557 0.236482 -0.00717323 -1.16592
15.3125 0.037041 0.26099 -0.0430201 -1.11746
15.3438 0.0455133 0.280729 -0.0762461 -0.995183
15.375 0.0545877 0.300231 -0.104546 -0.812383
15.4062 0.0642597 0.317853 -0.127288 -0.650787
15.4375 0.0743838 0.329278 -0.14534 -0.497768
15.4688 0.0848253 0.339096 -0.157691 -0.282304
15.5 0.0955739 0.348448 -0.162655 -0.0337707
15.5312 0.106578 0.35568 -0.159656 0.229549
15.5625 0.117815 0.363753 -0.148171 0.503334
15.5938 0.129325 0.373062 -0.128711 0.728431
15.625 0.14115 0.384263 -0.103698 0.854816
15.6562 0.153376 0.398507 -0.0760954 0.906658
15.6875 0.166051 0.412429 -0.0468665 0.969913
15.7188 0.17915 0.426094 -0.0153884 1.03982
15.75 0.1927 0.441279 0.0177309 1.07682
15.7812 0.206724 0.45612 0.0519535 1.11292
15.8125 0.221212 0.471383 0.0867895 1.10224
15.8438 0.236201 0.488025 0.120121 1.02799
15.875 0.251713 0.504746 0.151335 0.975625
15.9062 0.267756 0.522228 0.180991 0.912712
15.9375 0.28436 0.540444 0.207752 0.795408
15.9688 0.301532 0.55851 0.230838 0.686388
16 0.31927 0.576782 0.250557 0.566638
16.0312 0.337585 0.595548 0.265548 0.385184
16.0625 0.356507 0.615735 0.274641 0.202271
16.0938 0.376088 0.637686 0.278411 0.0374343
16.125 0.396377 0.661127 0.276735 -0.146188
16.1562 0.417427 0.686364 0.269564 -0.304026
16.1875 0.439287 0.712804 0.258133 -0.426241
16.2188 0.461995 0.740946 0.242819 -0.554491
16.25 0.485621 0.771332 0.22376 -0.655621
16.2812 0.510209 0.802311 0.202626 -0.682895
16.3125 0.535771 0.833828 0.181967 -0.625969
16.3438 0.56233 0.865972 0.1642 -0.501715
16.375 0.589886 0.897421 0.151215 -0.318865
16.4062 0.618408 0.927804 0.144772 -0.0914531
16.4375 0.647857 0.956659 0.145205 0.11191
16.4688 0.678196 0.985178 0.151704 0.312318
16.5 0.709439 1.01435 0.165565 0.587256
16.5312 0.741575 1.042 0.188796 0.900218
16.5625 0.774562 1.06953 0.221762 1.20787
16.5938 0.808449 1.09956 0.264008 1.48704
16.625 0.843286 1.12991 0.313905 1.69148
16.6562 0.879067 1.16022 0.368809 1.80876
16.6875 0.91581 1.19136 0.426274 1.86276
16.7188 0.953525 1.22235 0.48519 1.91106
16.75 0.992212 1.25366 0.545867 1.97183
16.7812 1.03187 1.28404 0.608283 2.02039
16.8125 1.07245 1.31343 0.671945 2.04704
16.8438 1.114 1.3464 0.735364 1.99354
16.875 1.15664 1.38267 0.795695 1.86428
16.9062 1.20042 1.42012 0.852259 1.76485
16.9375 1.24544 1.46138 0.906122 1.6751
16.9688 1.29179 1.50502 0.956275 1.52677
17 1.33949 1.54777 1.00152 1.37335
17.0312 1.38852 1.5905 1.04221 1.22546
17.0625 1.43888 1.63143 1.07746 1.02064
17.0938 1.49044 1.66829 1.10571 0.787705
17.125 1.54311 1.70225 1.12679 0.560753
17.1562 1.59679 1.73207 1.14052 0.314453
17.1875 1.65131 1.75591 1.14647 0.0704786
17.2188 1.70648 1.77437 1.1452 -0.149302
17.25 1.76214 1.78647 1.1371 -0.371924
17.2812 1.81806 1.79199 1.12201 -0.586189
17.3125 1.87409 1.79309 1.10143 -0.710751
17.3438 1.93008 1.78939 1.07862 -0.740439
17.375 1.98587 1.7804 1.05541 -0.738833
17.4062 2.04133 1.76835 1.03324 -0.663867
17.4375 2.09636 1.75308 1.0145 -0.535604
17.4688 2.15085 1.73374 0.999569 -0.417462
17.5 2.20469 1.71186 0.989228 -0.226622
17.5312 2.25781 1.68717 0.986081 0.0264552
17.5625 2.3101 1.65872 0.990775 0.275642
17.5938 2.36145 1.62709 1.00369 0.555779
17.625 2.41176 1.59166 1.02517 0.801876
17.6562 2.46087 1.551 1.05251 0.930495
17.6875 2.50865 1.50622 1.08263 0.989909
17.7188 2.55498 1.45819 1.11392 1.00447
17.75 2.59973 1.40481 1.14508 0.991112
17.7812 2.64274 1.34774 1.17637 1.02115
17.8125 2.68396 1.2903 1.20909 1.06691
17.8438 2.72337 1.23105 1.2423 1.04607
17.875 2.76088 1.16999 1.27412 0.991736
17.9062 2.79648 1.10839 1.3046 0.965517
17.9375 2.83014 1.04538 1.33481 0.971945
17.9688 2.8618 0.979875 1.36547 0.989841
18 2.89134 0.910546 1.39656 0.996814
18.0312 2.91867 0.838258 1.42726 0.955469
18.0625 2.94373 0.765154 1.45573 0.869236
18.0938 2.9665 0.692076 1.48265 0.876477
18.125 2.98699 0.61949 1.51131 0.958309
18.1562 3.00522 0.547368 1.54252 1.0456
18.1875 3.02121 0.476231 1.5774 1.19766
18.2188 3.03499 0.405584 1.61779 1.3908
18.25 3.04653 0.332895 1.66442 1.59087
18.2812 3.05578 0.259275 1.7167 1.74604
18.3125 3.06275 0.186565 1.77334 1.88126
18.3438 3.06744 0.113679 1.83438 2.02381
18.375 3.06988 0.0430746 1.89973 2.15877
18.4062 3.07018 -0.0235725 1.96911 2.27007
18.4375 3.06844 -0.0872656 2.04057 2.28833
18.4688 3.06477 -0.146511 2.11188 2.28249
18.5 3.05933 -0.200649 2.18368 2.31385
18.5312 3.05228 -0.249667 2.25619 2.32062
18.5625 3.04377 -0.294186 2.32873 2.32828
18.5938 3.03393 -0.335337 2.40187 2.34539
18.625 3.02285 -0.373774 2.47424 2.26725
18.6562 3.01058 -0.411454 2.54309 2.14308
18.6875 2.99713 -0.449331 2.60847 2.03941
18.7188 2.98248 -0.488487 2.67009 1.89967
18.75 2.96658 -0.529171 2.72751 1.78499
18.7812 2.9494 -0.570221 2.78176 1.675
18.8125 2.93092 -0.612709 2.83105 1.46385
18.8438 2.91111 -0.654883 2.87278 1.20387
18.875 2.89002 -0.69449 2.9058 0.895244
18.9062 2.86773 -0.731746 2.92781 0.504377
18.9375 2.84435 -0.763362 2.93738 0.117157
18.9688 2.82009 -0.788237 2.93572 -0.219631
19 2.79515 -0.8069 2.92331 -0.588225
19.0312 2.76976 -0.816025 2.89806 -1.03591
19.0625 2.74423 -0.817011 2.85863 -1.48228
19.0938 2.71875 -0.813193 2.80561 -1.91061
19.125 2.69347 -0.803316 2.73947 -2.31125
19.1562 2.66858 -0.789271 2.66187 -2.64953
19.1875 2.64415 -0.774318 2.57378 -2.99055
19.2188 2.6202 -0.758015 2.47549 -3.28064
19.25 2.59678 -0.740893 2.36995 -3.4619
19.2812 2.5739 -0.722935 2.25939 -3.61093
19.3125 2.55162 -0.703141 2.14485 -3.70355
19.3438 2.52994 -0.684598 2.02914 -3.68295
19.375 2.50879 -0.669753 1.91543 -3.59082
19.4062 2.48806 -0.657383 1.80451 -3.51428
19.4375 2.46766 -0.649725 1.69569 -3.44624
19.4688 2.44736 -0.650322 1.58942 -3.35311
19.5 2.42695 -0.656882 1.486 -3.26751
19.5312 2.40627 -0.667546 1.3854 -3.16439
19.5625 2.38517 -0.683846 1.28859 -3.0274
19.5938 2.36348 -0.704592 1.19627 -2.88216
19.625 2.34109 -0.728896 1.10819 -2.76093
19.6562 2.31788 -0.75783 1.02355 -2.65235
19.6875 2.29369 -0.790969 0.94304 -2.48765
19.7188 2.2684 -0.827623 0.868809 -2.25285
19.75 2.24193 -0.867273 0.802735 -1.97213
19.7812 2.21417 -0.909629 0.745355 -1.70989
19.8125 2.18505 -0.954184 0.695087 -1.52005
19.8438 2.15452 -1.00021 0.649605 -1.40156
19.875 2.12253 -1.04707 0.607 -1.32894
19.9062 2.08908 -1.0934 0.566472 -1.26638
19.9375 2.05421 -1.13847 0.527542 -1.23306
19.9688 2.01796 -1.18068 0.488861 -1.25135
20 1.98046 -1.21814 0.448807 -1.31883
20.0312 1.94187 -1.25138 0.406308 -1.39795
20.0625 1.9023 -1.28035 0.36171 -1.45455
20.0938 1.8619 -1.304 0.315299 -1.51682
20.125 1.82085 -1.32295 0.267263 -1.5444
20.1562 1.77925 -1.33858 0.219727 -1.48512
20.1875 1.73722 -1.35073 0.174937 -1.37663
20.2188 1.69487 -1.35916 0.134064 -1.22981
20.25 1.6523 -1.36528 0.0989084 -1.00451
20.2812 1.60956 -1.36983 0.0721366 -0.700205
20.3125 1.5667 -1.37314 0.0553118 -0.377413
20.3438 1.52374 -1.37587 0.0486286 -0.0451908
20.375 1.48071 -1.37832 0.0528167 0.313898
20.4062 1.43759 -1.38135 0.0677898 0.631189
20.4375 1.39436 -1.38568 0.0914556 0.873114
20.4688 1.35099 -1.39009 0.121799 1.05904
20.5 1.3075 -1.39218 0.156958 1.18122
20.5312 1.264 -1.39178 0.195278 1.27006
20.5625 1.22054 -1.38949 0.236279 1.34931
20.5938 1.1772 -1.38354 0.278828 1.35402
20.625 1.1341 -1.37403 0.319606 1.23992
20.6562 1.09134 -1.36279 0.355906 1.08285
20.6875 1.04894 -1.35077 0.387075 0.901934
20.7188 1.00691 -1.33899 0.411552 0.659353
20.75 0.965265 -1.32583 0.428683 0.450123
20.7812 0.924071 -1.31031 0.440088 0.274433
20.8125 0.883373 -1.29429 0.445062 0.0320178
20.8438 0.8432 -1.27622 0.441712 -0.248954
20.875 0.803645 -1.25497 0.429239 -0.555075
20.9062 0.764766 -1.23336 0.406899 -0.869777
20.9375 0.726566 -1.21116 0.375519 -1.12656
20.9688 0.689091 -1.18696 0.337086 -1.3271
21 0.652385 -1.16231 0.29271 -1.51439
21.0312 0.616441 -1.13814 0.242297 -1.71167
21.0625 0.581251 -1.11402 0.186164 -1.868
21.0938 0.546811 -1.09031 0.126414 -1.94373
21.125 0.513087 -1.06845 0.0654295 -1.94465
21.1562 0.48001 -1.04862 0.00603854 -1.83615
21.1875 0.447546 -1.02912 -0.0482694 -1.62693
21.2188 0.415681 -1.01056 -0.094999 -1.35407
21.25 0.384366 -0.993688 -0.132329 -1.02738
21.2812 0.353578 -0.976647 -0.158804 -0.660295
21.3125 0.323322 -0.960012 -0.173098 -0.246038
21.3438 0.293564 -0.944568 -0.173763 0.206916
21.375 0.264291 -0.928867 -0.160244 0.651482
21.4062 0.235495 -0.914492 -0.133799 1.02608
21.4375 0.207118 -0.901615 -0.0969003 1.32724
21.4688 0.179157 -0.887816 -0.0512711 1.58306
21.5 0.151612 -0.875568 0.000998398 1.74065
21.5312 0.124412 -0.865088 0.0562257 1.77647
21.5625 0.0975749 -0.851973 0.111157 1.72839
21.5938 0.0711774 -0.837561 0.163814 1.63739
21.625 0.0452257 -0.823087 0.212983 1.49222
21.6562 0.0197637 -0.80607 0.255512 1.20529
21.6875 -0.0051454 -0.788154 0.287676 0.858648
21.7188 -0.0294862 -0.769146 0.30979 0.561251
21.75 -0.0531755 -0.746429 0.322581 0.253953
21.7812 -0.0761218 -0.721967 0.325904 -0.0320301
21.8125 -0.0982645 -0.694103 0.320881 -0.293183
21.8438 -0.119419 -0.658481 0.307064 -0.598014
21.875 -0.13936 -0.617049 0.283351 -0.920308
21.9062 -0.157943 -0.571529 0.249358 -1.25989
21.9375 -0.175029 -0.521205 0.204551 -1.60153
21.9688 -0.190489 -0.467991 0.150109 -1.86499
22 -0.20427 -0.413971 0.0889232 -2.04304
22.0312 -0.216362 -0.359982 0.0224286 -2.21546
22.0625 -0.226776 -0.306589 -0.0492608 -2.35684
22.0938 -0.235528 -0.253645 -0.123478 -2.37205
22.125 -0.242645 -0.202255 -0.196693 -2.30584
22.1562 -0.248198 -0.153482 -0.266869 -2.16664
22.1875 -0.252248 -0.105861 -0.330711 -1.89879
22.2188 -0.254829 -0.0597335 -0.384697 -1.5496
22.25 -0.25601 -0.0161588 -0.427347 -1.17659
22.2812 -0.255845 0.0267027 -0.457738 -0.754991
22.3125 -0.254347 0.0689114 -0.473683 -0.258434
22.3438 -0.251557 0.10945 -0.474189 0.213365
22.375 -0.247518 0.148879 -0.460851 0.642239
22.4062 -0.242263 0.18725 -0.433622 1.10294
22.4375 -0.23582 0.225062 -0.392512 1.50948
22.4688 -0.228203 0.262196 -0.340412 1.81128
22.5 -0.219447 0.298156 -0.279972 2.04604
22.5312 -0.20956 0.334863 -0.213347 2.20379
22.5625 -0.198506 0.372537 -0.143073 2.28151
22.5938 -0.186284 0.409609 -0.0714859 2.28782
22.625 -0.172896 0.44761 -0.000971451 2.20936
22.6562 -0.158292 0.487101 0.0657908 2.05696
22.6875 -0.142456 0.526305 0.127563 1.89635
22.7188 -0.125401 0.565174 0.183772 1.68398
22.75 -0.10715 0.602352 0.23194 1.39685
22.7812 -0.0877811 0.637082 0.271746 1.16527
22.8125 -0.06733 0.671857 0.305065 0.959611
22.8438 -0.0458036 0.705316 0.330866 0.676843
22.875 -0.0232782 0.736113 0.346498 0.310125
22.9062 0.000211698 0.767481 0.34961 -0.11442
22.9375 0.0246882 0.798664 0.339598 -0.518784
22.9688 0.0500979 0.827112 0.317482 -0.894758
23 0.0763609 0.853354 0.283962 -1.24052
23.0312 0.1034 0.876544 0.240751 -1.51374
23.0625 0.131114 0.896904 0.189789 -1.74321
23.0938 0.159451 0.916599 0.132154 -1.93832
23.125 0.188389 0.935135 0.0691676 -2.08151
23.1562 0.217887 0.952798 0.00321855 -2.11268
23.1875 0.247951 0.971489 -0.0610739 -1.97691
23.2188 0.278604 0.990008 -0.119244 -1.73397
23.25 0.309803 1.00637 -0.168759 -1.42443
23.2812 0.341486 1.02124 -0.207802 -1.07088
23.3125 0.373624 1.03534 -0.235535 -0.699392
23.3438 0.406169 1.04695 -0.251039 -0.284969
23.375 0.439021 1.05514 -0.253116 0.150549
23.4062 0.472102 1.0619 -0.24192 0.560112
23.4375 0.505372 1.06686 -0.218485 0.933085
23.4688 0.538743 1.06839 -0.18418 1.2493
23.5 0.572136 1.06891 -0.141433 1.46937
23.5312 0.605557 1.06996 -0.0931354 1.61492
23.5625 0.638999 1.07016 -0.0408053 1.72654
23.5938 0.672445 1.07072 0.0140226 1.77015
23.625 0.705944 1.07354 0.0694437 1.77605
23.6562 0.739555 1.07769 0.124773 1.75285
23.6875 0.773308 1.08275 0.177971 1.63928
23.7188 0.807245 1.08945 0.227121 1.51188
23.75 0.841414 1.09759 0.272563 1.38983
23.7812 0.875856 1.10687 0.313296 1.20702
23.8125 0.910593 1.11618 0.347653 0.989587
23.8438 0.945614 1.12531 0.37508 0.765353
23.875 0.980945 1.1362 0.395355 0.525306
23.9062 1.01664 1.14858 0.407067 0.207604
23.9375 1.05273 1.16133 0.407637 -0.173341
23.9688 1.08923 1.17483 0.396454 -0.53718
24 1.12616 1.18824 0.374471 -0.858891
24.0312 1.16349 1.20096 0.343756 -1.09109
24.0625 1.20121 1.21221 0.306742 -1.27923
24.0938 1.23922 1.2203 0.263715 -1.46884
24.125 1.27745 1.22648 0.215908 -1.56934
24.1562 1.31588 1.23285 0.166893 -1.55104
24.1875 1.3545 1.2385 0.119864 -1.44349
24.2188 1.39327 1.24264 0.0779756 -1.21079
24.25 1.43216 1.24623 0.0458098 -0.829633
24.2812 1.47115 1.24842 0.0264267 -0.416049
24.3125 1.51015 1.24755 0.0195657 -0.0204061
24.3438 1.54909 1.24413 0.0255372 0.406129
24.375 1.58789 1.23854 0.044757 0.817196
24.4062 1.62648 1.23109 0.0763344 1.20231
24.4375 1.66482 1.22285 0.119749 1.57016
24.4688 1.70289 1.21318 0.173867 1.882
24.5 1.74063 1.20195 0.236696 2.12948
24.5312 1.77801 1.19031 0.306451 2.32713
24.5625 1.81501 1.17715 0.381537 2.46632
24.5938 1.85155 1.16128 0.459875 2.53902
24.625 1.88757 1.14362 0.539879 2.57491
24.6562 1.92301 1.12421 0.620173 2.55252
24.6875 1.9578 1.10176 0.699013 2.49232
24.7188 1.99185 1.07682 0.775788 2.4122
24.75 2.0251 1.05123 0.848952 2.26022
24.7812 2.05754 1.02517 0.917069 2.10805
24.8125 2.08917 0.998949 0.981234 2.00232
24.8438 2.12 0.97463 1.04218 1.89613
24.875 2.15012 0.953362 1.09969 1.78492
24.9062 2.1796 0.933917 1.15378 1.67779
24.9375 2.2085 0.916064 1.20462 1.57733
24.9688 2.2369 0.901901 1.25249 1.48941
25 2.26489 0.889383 1.29796 1.42661
25.0312 2.29246 0.874858 1.3424 1.43561
25.0625 2.31957 0.860591 1.38891 1.55587
25.0938 2.34625 0.846778 1.43978 1.69213
25.125 2.37247 0.83143 1.49432 1.8022
25.1562 2.39823 0.81704 1.55328 1.98918
25.1875 2.42355 0.803846 1.61948 2.25574
25.2188 2.44848 0.791874 1.6948 2.57602
25.25 2.47309 0.783833 1.78109 2.94949
25.2812 2.49749 0.777875 1.87868 3.28016
25.3125 2.52171 0.7728 1.98509 3.51837
25.3438 2.54583 0.77187 2.09798 3.69374
25.375 2.57001 0.775822 2.2147 3.75247
25.4062 2.59437 0.784369 2.3314 3.70881
25.4375 2.61909 0.798872 2.44629 3.63711
25.4688 2.64436 0.819092 2.5576 3.46059
25.5 2.67033 0.84343 2.66097 3.13374
25.5312 2.69709 0.869554 2.75257 2.7198
25.5625 2.72466 0.894385 2.83053 2.26265
25.5938 2.75296 0.916595 2.89339 1.7497
25.625 2.78191 0.935152 2.93943 1.19427
25.6562 2.81134 0.947198 2.96794 0.627972
25.6875 2.84103 0.951597 2.97853 0.0509407
25.7188 2.87073 0.947663 2.97155 -0.48808
25.75 2.90015 0.933272 2.94841 -0.990483
25.7812 2.92895 0.90822 2.90988 -1.46804
25.8125 2.95679 0.87159 2.85719 -1.8985
25.8438 2.9833 0.823188 2.7913 -2.31995
25.875 3.00815 0.765428 2.71225 -2.7335
25.9062 3.03104 0.698124 2.62101 -3.09748
25.9375 3.0517 0.623024 2.51887 -3.43858
25.9688 3.06994 0.544103 2.40655 -3.73218
26 3.08568 0.46267 2.2873 -3.86884
26.0312 3.09885 0.380304 2.16654 -3.83298
26.0625 3.10946 0.298907 2.04941 -3.63923
26.0938 3.11755 0.219415 1.94005 -3.35509
26.125 3.12318 0.14081 1.83976 -3.05869
26.1562 3.12636 0.0629531 1.74981 -2.67665
26.1875 3.12713 -0.0134655 1.67345 -2.2045
26.2188 3.12551 -0.0906423 1.612 -1.73031
26.25 3.12146 -0.168085 1.56525 -1.26597
26.2812 3.11501 -0.24461 1.53197 -0.88709
26.3125 3.10617 -0.320802 1.50846 -0.633032
26.3438 3.09499 -0.394314 1.49183 -0.436592
26.375 3.08155 -0.465539 1.48092 -0.262991
26.4062 3.0659 -0.536223 1.47542 -0.0884626
26.4375 3.04808 -0.603595 1.47539 0.0847857
26.4688 3.0282 -0.668942 1.48041 0.226685
26.5 3.00624 -0.736663 1.48879 0.299741
26.5312 2.98215 -0.804976 1.4989 0.348085
26.5625 2.95594 -0.87257 1.51061 0.40432
26.5938 2.92761 -0.940659 1.52476 0.516163
26.625 2.89716 -1.00769 1.54355 0.686098
26.6562 2.86464 -1.0732 1.56692 0.794325
26.6875 2.8301 -1.13719 1.59263 0.850449
26.7188 2.79359 -1.19929 1.62025 0.916808
26.75 2.75515 -1.26052 1.6493 0.9215
26.7812 2.71483 -1.31934 1.67632 0.787067
26.8125 2.67274 -1.37407 1.69751 0.552996
26.8438 2.629 -1.424 1.70941 0.181028
26.875 2.58381 -1.46695 1.70765 -0.298778
26.9062 2.53738 -1.50362 1.69087 -0.774953
26.9375 2.4899 -1.53427 1.6588 -1.2859
26.9688 2.44157 -1.55737 1.61058 -1.78715
27 2.39261 -1.57542 1.54828 -2.18062
27.0312 2.34314 -1.58993 1.4754 -2.46653
27.0625 2.29329 -1.59954 1.39536 -2.63274
27.0938 2.24321 -1.60573 1.31234 -2.66019
27.125 2.19295 -1.61071 1.22997 -2.60012
27.1562 2.14256 -1.61381 1.15086 -2.43805
27.1875 2.09211 -1.61476 1.07939 -2.10972
27.2188 2.04164 -1.61531 1.02018 -1.66765
27.25 1.99115 -1.61551 0.97571 -1.1754
27.2812 1.94068 -1.61506 0.94616 -0.736929
27.3125 1.8902 -1.61549 0.928068 -0.442714
27.3438 1.8397 -1.61658 0.917694 -0.227052
27.375 1.78917 -1.61749 0.913594 -0.0405183
27.4062 1.7386 -1.61881 0.914744 0.104939
27.4375 1.688 -1.61915 0.91936 0.175937
27.4688 1.63743 -1.61692 0.92509 0.187216
27.5 1.58697 -1.61258 0.931037 0.190499
27.5312 1.53669 -1.604 0.936441 0.144321
27.5625 1.48678 -1.58934 0.93975 0.0705563
27.5938 1.4374 -1.57067 0.941257 0.0317217
27.625 1.38867 -1.54707 0.942002 0.0200414
27.6562 1.34078 -1.51675 0.942631 0.0162857
27.6875 1.29391 -1.48244 0.942318 -0.0501368
27.7188 1.24815 -1.44615 0.939027 -0.16076
27.75 1.20354 -1.40836 0.93221 -0.283246
27.7812 1.16014 -1.36904 0.920457 -0.483232
27.8125 1.118 -1.32734 0.901383 -0.746264
27.8438 1.07719 -1.28467 0.872951 -1.09142
27.875 1.03772 -1.24108 0.832349 -1.5101
27.9062 0.999647 -1.19522 0.778822 -1.91186
27.9375 0.963018 -1.14929 0.712737 -2.32165
27.9688 0.927796 -1.10529 0.633928 -2.70791
28 0.893913 -1.06365 0.544887 -2.96463
28.0312 0.861295 -1.02415 0.450231 -3.06957
28.0625 0.829889 -0.986162 0.35436 -3.04781
28.0938 0.799625 -0.951413 0.260871 -2.91529
28.125 0.770399 -0.919108 0.173524 -2.65518
28.1562 0.742181 -0.887024 0.0957087 -2.31809
28.1875 0.71493 -0.857632 0.0292679 -1.91631
28.2188 0.688557 -0.83031 -0.0226942 -1.39161
28.25 0.663036 -0.803248 -0.0574077 -0.836928
28.2812 0.638322 -0.778963 -0.0756474 -0.340326
28.3125 0.614337 -0.756008 -0.079391 0.0842773
28.3438 0.591067 -0.733744 -0.0717425 0.38234
28.375 0.568437 -0.715136 -0.0565281 0.583473
28.4062 0.546361 -0.697529 -0.0353666 0.772157
28.4375 0.524846 -0.679643 -0.00836764 0.948704
28.4688 0.50386 -0.663746 0.0231451 1.05317
28.5 0.483363 -0.647886 0.0567335 1.08991
28.5312 0.463376 -0.631304 0.0909426 1.09194
28.5625 0.443897 -0.615496 0.124354 1.03856
28.5938 0.424902 -0.600199 0.155891 0.987689
28.625 0.406383 -0.58508 0.186445 0.965593
28.6562 0.388335 -0.570052 0.215697 0.897882
28.6875 0.370739 -0.556376 0.242452 0.817701
28.7188 0.353552 -0.543438 0.266772 0.730282
28.75 0.336794 -0.528911 0.287193 0.561457
28.7812 0.320485 -0.515247 0.30118 0.326784
28.8125 0.304579 -0.502584 0.307234 0.053413
28.8438 0.289095 -0.488128 0.303918 -0.277415
28.875 0.274074 -0.473133 0.289128 -0.679727
28.9062 0.259548 -0.455918 0.261113 -1.11203
28.9375 0.245601 -0.436895 0.219969 -1.51368
28.9688 0.23221 -0.42056 0.167059 -1.86112
29 0.219324 -0.403713 0.104591 -2.11926
29.0312 0.206976 -0.38728 0.0357006 -2.27226
29.0625 0.195049 -0.37695 -0.0361576 -2.3022
29.0938 0.183404 -0.368069 -0.106559 -2.17976
29.125 0.17205 -0.358926 -0.17126 -1.94734
29.1562 0.160937 -0.352701 -0.227425 -1.63263
29.1875 0.150008 -0.34657 -0.272402 -1.23336
29.2188 0.139272 -0.340829 -0.303859 -0.770714
29.25 0.128691 -0.336307 -0.320088 -0.263163
29.2812 0.11827 -0.330449 -0.320333 0.241328
29.3125 0.108027 -0.325484 -0.305707 0.679019
29.3438 0.0979192 -0.321121 -0.279087 1.00384
29.375 0.0879879 -0.314109 -0.244182 1.21356
29.4062 0.0782898 -0.306718 -0.204079 1.34237
29.4375 0.0688207 -0.298956 -0.160702 1.43235
29.4688 0.0596351 -0.288513 -0.114407 1.53228
29.5 0.0508046 -0.276411 -0.0652965 1.5968
29.5312 0.0423843 -0.261944 -0.0155943 1.57211
29.5625 0.0344637 -0.244639 0.0325608 1.50574
29.5938 0.0271086 -0.225848 0.0781389 1.40445
29.625 0.0203675 -0.205272 0.12021 1.29274
29.6562 0.0142927 -0.18338 0.159373 1.21763
29.6875 0.00891563 -0.160555 0.196107 1.1241
29.7188 0.00426868 -0.136763 0.228968 0.96955
29.75 0.000371867 -0.112482 0.256272 0.773155
29.7812 -0.00274258 -0.0864892 0.276995 0.545908
29.8125 -0.00502149 -0.0593531 0.289612 0.245158
29.8438 -0.00645094 -0.0319401 0.29147 -0.132557
29.875 -0.00699727 -0.00278008 0.281297 -0.518993
29.9062 -0.00663109 0.025825 0.258627 -0.942193
29.9375 -0.0054005 0.0530193 0.222136 -1.38715
29.9688 -0.00329357 0.0821811 0.172733 -1.76133
30 -0.000269875 0.11078 0.112716 -2.06779
30.0312 0.00358971 0.135784 0.0447696 -2.25238
30.0625 0.00820691 0.159679 -0.0263063 -2.27422
30.0938 0.0135567 0.182288 -0.0963253 -2.19146
30.125 0.0195718 0.202353 -0.162083 -1.99493
30.1562 0.026194 0.221416 -0.219613 -1.66589
30.1875 0.0334087 0.240344 -0.265095 -1.23303
30.2188 0.0412239 0.260067 -0.296441 -0.77512
30.25 0.0496748 0.280817 -0.313486 -0.307853
30.2812 0.0587626 0.300448 -0.31503 0.213305
30.3125 0.0684319 0.318149 -0.300725 0.683452
30.3438 0.0786382 0.334931 -0.273368 1.05602
30.375 0.0893491 0.350115 -0.235511 1.34656
30.4062 0.100483 0.361818 -0.190856 1.48779
30.4375 0.111938 0.371254 -0.143171 1.56529
30.4688 0.12369 0.380904 -0.0929454 1.64476
30.5 0.13573 0.389222 -0.0408296 1.68588
30.5312 0.147999 0.395973 0.0123704 1.71723
30.5625 0.160498 0.404377 0.065942 1.69639
30.5938 0.173285 0.414051 0.117548 1.59825
30.625 0.186384 0.424637 0.165638 1.47935
30.6562 0.199855 0.437951 0.210139 1.37375
30.6875 0.21377 0.452709 0.251876 1.30075
30.7188 0.228166 0.469082 0.29123 1.20897
30.75 0.243124 0.488747 0.326801 1.05791
30.7812 0.258729 0.510108 0.356696 0.84319
30.8125 0.275026 0.533473 0.37877 0.560905
30.8438 0.292105 0.559996 0.391403 0.24209
30.875 0.310038 0.587779 0.393366 -0.126349
30.9062 0.328852 0.616609 0.383135 -0.529056
30.9375 0.348588 0.646405 0.360392 -0.925529
30.9688 0.369237 0.674791 0.325436 -1.30386
31 0.390748 0.701827 0.279856 -1.59378
31.0312 0.413098 0.728483 0.226913 -1.77975
31.0625 0.436264 0.753865 0.169759 -1.85268
31.0938 0.460201 0.777931 0.113035 -1.74745
31.125 0.48487 0.800569 0.0620008 -1.50236
31.1562 0.510215 0.821219 0.0199679 -1.17527
31.1875 0.536194 0.841581 -0.0106687 -0.77277
31.2188 0.562824 0.862854 -0.0275213 -0.293748
31.25 0.590116 0.883669 -0.0285986 0.224012
31.2812 0.618056 0.904811 -0.0139254 0.707621
31.3125 0.646699 0.928865 0.0153939 1.16703
31.3438 0.67612 0.953825 0.058576 1.58145
31.375 0.706294 0.977183 0.112985 1.88092
31.4062 0.737212 1.00215 0.175112 2.08032
31.4375 0.768959 1.02992 0.241959 2.1807
31.4688 0.801592 1.05889 0.310724 2.21915
31.5 0.835179 1.09154 0.381057 2.29024
31.5312 0.869859 1.12854 0.453966 2.36957
31.5625 0.905744 1.16873 0.528511 2.39164
31.5938 0.942951 1.21317 0.603122 2.38189
31.625 0.981582 1.25912 0.677175 2.34954
31.6562 1.02164 1.30511 0.749291 2.25753
31.6875 1.06318 1.35324 0.818339 2.17155
31.7188 1.10621 1.40054 0.885584 2.13266
31.75 1.15068 1.44533 0.950935 2.03183
31.7812 1.19654 1.48966 1.01155 1.83381
31.8125 1.24377 1.53268 1.06458 1.54051
31.8438 1.29232 1.57415 1.10654 1.1289
31.875 1.34215 1.61447 1.13475 0.67681
31.9062 1.3932 1.65291 1.14866 0.205934
31.9375 1.44544 1.68967 1.14715 -0.305159
31.9688 1.49878 1.72343 1.12993 -0.785669
32 1.55311 1.7531 1.09897 -1.17773
32.0312 1.60831 1.77906 1.0576 -1.44894
32.0625 1.66424 1.79969 1.00961 -1.60454
32.0938 1.72073 1.81528 0.958694 -1.6256
32.125 1.77766 1.82695 0.909872 -1.4739
32.1562 1.83486 1.83262 0.867631 -1.21736
32.1875 1.89213 1.83185 0.834616 -0.881974
32.2188 1.94929 1.82523 0.813001 -0.500852
32.25 2.00614 1.81206 0.803246 -0.121323
32.2812 2.06248 1.79322 0.805679 0.277752
32.3125 2.11817 1.76982 0.820163 0.636445
32.3438 2.17304 1.74152 0.844562 0.90918
32.375 2.22696 1.70825 0.875857 1.07669
32.4062 2.27978 1.67216 0.911258 1.18579
32.4375 2.33144 1.63317 0.949477 1.24219
32.4688 2.38181 1.59005 0.987641 1.18974
32.5 2.43081 1.54579 1.0241 1.15452
32.5312 2.47842 1.50108 1.06017 1.1556
32.5625 2.5246 1.45407 1.09663 1.18649
32.5938 2.56927 1.40466 1.13453 1.23317
32.625 2.61236 1.35223 1.17302 1.21978
32.6562 2.65374 1.29586 1.21017 1.14788
32.6875 2.69331 1.23602 1.2445 1.05591
32.7188 2.73096 1.1726 1.27705 1.03781
32.75 2.76656 1.1057 1.30919 1.01005
32.7812 2.80006 1.03846 1.34004 0.968614
32.8125 2.83146 0.970209 1.36978 0.927852
32.8438 2.86066 0.898611 1.39751 0.843313
32.875 2.88762 0.82634 1.42258 0.764277
32.9062 2.9123 0.753488 1.44558 0.715036
32.9375 2.93468 0.678542 1.46752 0.685816
32.9688 2.95471 0.602998 1.48799 0.622818
33 2.97239 0.529015 1.50715 0.621261
33.0312 2.9878 0.457731 1.52773 0.707881
33.0625 3.00104 0.390163 1.55247 0.899932
33.0938 3.01224 0.328068 1.5853 1.21157
33.125 3.0216 0.271281 1.62824 1.53441
33.1562 3.02924 0.218903 1.68141 1.87636
33.1875 3.03532 0.170967 1.74593 2.25455
33.2188 3.03995 0.125003 1.82178 2.58065
33.25 3.04313 0.0786404 1.9058 2.77693
33.2812 3.04487 0.0328436 1.9946 2.89827
33.3125 3.04518 -0.0137747 2.08616 2.94332
33.3438 3.04398 -0.063074 2.17739 2.87947
33.375 3.04122 -0.113439 2.26517 2.72178
33.4062 3.03686 -0.166217 2.34651 2.47443
33.4375 3.0308 -0.222604 2.41984 2.22628
33.4688 3.02295 -0.279284 2.48618 2.02628
33.5 3.01334 -0.335706 2.54684 1.86191
33.5312 3.00197 -0.392168 2.60304 1.74544
33.5625 2.98885 -0.446941 2.65686 1.71604
33.5938 2.97405 -0.500158 2.71097 1.74684
33.625 2.95761 -0.5514 2.76537 1.71975
33.6562 2.93961 -0.600634 2.81786 1.63704
33.6875 2.92009 -0.647899 2.86759 1.54104
33.7188 2.89916 -0.690742 2.91351 1.38141
33.75 2.87697 -0.728964 2.95273 1.10859
33.7812 2.85365 -0.762029 2.98161 0.721505
33.8125 2.82941 -0.788922 2.99655 0.211951
33.8438 2.8044 -0.810479 2.99364 -0.411112
33.875 2.77884 -0.823516 2.97039 -1.08058
33.9062 2.75303 -0.826845 2.92604 -1.75328
33.9375 2.72724 -0.82253 2.86166 -2.34756
33.9688 2.70173 -0.808085 2.78046 -2.83464
34 2.67684 -0.784165 2.68539 -3.23076
34.0312 2.65277 -0.755353 2.58013 -3.47727
34.0625 2.62966 -0.723192 2.46975 -3.56259
34.0938 2.60758 -0.689803 2.35865 -3.53679
34.125 2.58654 -0.657208 2.24896 -3.48132
34.1562 2.56649 -0.626657 2.1416 -3.37516
34.1875 2.54732 -0.600979 2.03873 -3.20569
34.2188 2.52888 -0.579971 1.94091 -3.06451
34.25 2.51104 -0.562761 1.84672 -2.96817
34.2812 2.49364 -0.552115 1.75515 -2.89707
34.3125 2.47645 -0.549164 1.66521 -2.86772
34.3438 2.45924 -0.553494 1.57557 -2.87022
34.375 2.44177 -0.566138 1.48578 -2.88153
34.4062 2.42376 -0.587901 1.39486 -2.94394
34.4375 2.40493 -0.618764 1.30214 -2.97512
34.4688 2.38501 -0.657298 1.20955 -2.9508
34.5 2.36379 -0.701231 1.1176 -2.92657
34.5312 2.34114 -0.748789 1.0279 -2.79079
34.5625 2.31697 -0.798193 0.944061 -2.57079
34.5938 2.29124 -0.848695 0.867267 -2.34362
34.625 2.26393 -0.899248 0.797554 -2.11985
34.6562 2.23506 -0.948541 0.734671 -1.90643
34.6875 2.20465 -0.997035 0.678103 -1.72187
34.7188 2.17277 -1.04304 0.626676 -1.57165
34.75 2.13949 -1.08648 0.579537 -1.46115
34.7812 2.10486 -1.12961 0.533724 -1.49788
34.8125 2.06892 -1.17025 0.484907 -1.63261
34.8438 2.03174 -1.20908 0.431362 -1.80149
34.875 1.99334 -1.24826 0.371979 -1.99968
34.9062 1.95375 -1.28489 0.306548 -2.18328
34.9375 1.91308 -1.3177 0.236134 -2.30537
34.9688 1.87143 -1.34723 0.163969 -2.28688
35 1.82892 -1.37237 0.0948679 -2.10676
35.0312 1.7857 -1.39354 0.0341441 -1.75499
35.0625 1.74186 -1.41158 -0.0138952 -1.30971
35.0938 1.69753 -1.42485 -0.0466983 -0.766362
35.125 1.65285 -1.43435 -0.0607116 -0.12792
35.1562 1.6079 -1.44139 -0.0552208 0.470494
35.1875 1.56281 -1.44346 -0.0313914 1.05586
35.2188 1.51773 -1.44166 0.0103579 1.6003
35.25 1.47272 -1.43831 0.0674184 2.03115
35.2812 1.42786 -1.4329 0.135804 2.31611
35.3125 1.38318 -1.42649 0.21022 2.41745
35.3438 1.3387 -1.41957 0.285334 2.36788
35.375 1.29446 -1.41218 0.357037 2.20705
35.4062 1.25043 -1.40576 0.422572 1.97401
35.4375 1.2066 -1.39919 0.479281 1.63738
35.4688 1.16301 -1.39013 0.524526 1.26621
35.5 1.11973 -1.37955 0.55912 0.952796
35.5312 1.07679 -1.36826 0.583908 0.630751
35.5625 1.03425 -1.35356 0.598856 0.336196
35.5938 0.992236 -1.33519 0.605273 0.0728613
35.625 0.950807 -1.31634 0.603219 -0.204145
35.6562 0.909973 -1.29674 0.592601 -0.478079
35.6875 0.869778 -1.27559 0.572764 -0.802929
35.7188 0.830246 -1.25446 0.54204 -1.16299
35.75 0.791389 -1.23191 0.50025 -1.50916
35.7812 0.753279 -1.20694 0.447841 -1.84305
35.8125 0.715959 -1.1814 0.385026 -2.18228
35.8438 0.679459 -1.15427 0.311007 -2.55757
35.875 0.643827 -1.12632 0.225783 -2.87519
35.9062 0.609042 -1.10016 0.1329 -3.04508
35.9375 0.575073 -1.07369 0.0368673 -3.07714
35.9688 0.54193 -1.04794 -0.0576683 -2.94266
36 0.509541 -1.02525 -0.145241 -2.63513
36.0312 0.477851 -1.0029 -0.220624 -2.15868
36.0625 0.446839 -0.982622 -0.278214 -1.50052
36.0938 0.416384 -0.967217 -0.313455 -0.752063
36.125 0.386361 -0.954624 -0.325483 -0.0230725
36.1562 0.356682 -0.945559 -0.314949 0.699598
36.1875 0.327232 -0.939456 -0.281918 1.40129
36.2188 0.297959 -0.934287 -0.228897 1.96176
36.25 0.268811 -0.931508 -0.160934 2.3689
36.2812 0.239742 -0.928537 -0.0818774 2.67062
36.3125 0.210799 -0.92375 0.00424858 2.80833
36.3438 0.181995 -0.919865 0.0916179 2.75433
36.375 0.153329 -0.914038 0.174836 2.5506
36.4062 0.124906 -0.904642 0.250065 2.25557
36.4375 0.0968114 -0.892827 0.31564 1.94079
36.4688 0.0691607 -0.875845 0.371096 1.59851
36.5 0.0421144 -0.854675 0.414779 1.18716
36.5312 0.0157798 -0.829788 0.445185 0.766198
36.5625 -0.00967427 -0.798262 0.463377 0.407588
36.5938 -0.0340814 -0.76372 0.470737 0.0567495
36.625 -0.0573969 -0.728 0.466415 -0.337691
36.6562 -0.0795409 -0.688671 0.449759 -0.722376
36.6875 -0.100425 -0.647888 0.421532 -1.08378
36.7188 -0.120032 -0.606888 0.381844 -1.46066
36.75 -0.138348 -0.565201 0.330003 -1.85932
36.7812 -0.155346 -0.522309 0.265696 -2.25176
36.8125 -0.170957 -0.476288 0.189671 -2.60785
36.8438 -0.185095 -0.428419 0.102902 -2.9443
36.875 -0.197725 -0.379648 0.00585799 -3.25779
36.9062 -0.208805 -0.329361 -0.099686 -3.47377
36.9375 -0.218321 -0.279994 -0.209566 -3.53017
36.9688 -0.226326 -0.232591 -0.318563 -3.41708
37 -0.232872 -0.186653 -0.421194 -3.11757
37.0312 -0.238011 -0.142456 -0.511352 -2.62415
37.0625 -0.241784 -0.0991318 -0.583833 -1.99654
37.0938 -0.244217 -0.0567839 -0.634941 -1.25412
37.125 -0.245345 -0.015447 -0.661287 -0.427466
37.1562 -0.245175 0.0264043 -0.662007 0.370335
37.1875 -0.243701 0.067717 -0.638811 1.10352
37.2188 -0.240954 0.108222 -0.593943 1.74933
37.25 -0.23691 0.151107 -0.530618 2.28831
37.2812 -0.231492 0.195578 -0.451891 2.72863
37.3125 -0.224687 0.240181 -0.362019 2.98712
37.3438 -0.216461 0.286423 -0.267069 3.07013
37.375 -0.206799 0.331507 -0.170936 3.0705
37.4062 -0.195761 0.374911 -0.0761617 2.97599
37.4375 -0.183366 0.418053 0.0139753 2.77947
37.4688 -0.169683 0.456799 0.097061 2.53517
37.5 -0.15483 0.494213 0.172444 2.29052
37.5312 -0.138772 0.533243 0.240089 2.032
37.5625 -0.121549 0.568344 0.298824 1.71675
37.5938 -0.103253 0.603173 0.346972 1.36321
37.625 -0.0838253 0.639993 0.38422 1.02619
37.6562 -0.0632878 0.674012 0.411251 0.698849
37.6875 -0.0416893 0.708739 0.427067 0.295885
37.7188 -0.0189891 0.743565 0.429005 -0.17379
37.75 0.00474924 0.775591 0.416509 -0.620513
37.7812 0.0295109 0.809605 0.39021 -1.06746
37.8125 0.0553385 0.842555 0.349571 -1.53332
37.8438 0.0821206 0.871161 0.294494 -1.98988
37.875 0.109794 0.900059 0.225463 -2.41697
37.9062 0.138352 0.926848 0.14472 -2.72478
37.9375 0.167663 0.948317 0.0565098 -2.9056
37.9688 0.197584 0.965874 -0.0358434 -2.97857
38 0.227973 0.978047 -0.127215 -2.82505
38.0312 0.258662 0.985511 -0.210244 -2.46791
38.0625 0.289535 0.989693 -0.280587 -2.01924
38.0938 0.320479 0.990373 -0.335247 -1.45994
38.125 0.351432 0.990783 -0.371113 -0.831345
38.1562 0.382407 0.991487 -0.386976 -0.177274
38.1875 0.413385 0.991019 -0.381862 0.501888
38.2188 0.444355 0.991249 -0.356559 1.09359
38.25 0.475342 0.99187 -0.31493 1.55304
38.2812 0.506344 0.992292 -0.260402 1.92176
38.3125 0.537371 0.993617 -0.195859 2.19253
38.3438 0.568454 0.995927 -0.124354 2.36641
38.375 0.599637 1.00018 -0.049307 2.41275
38.4062 0.630977 1.00555 0.0252531 2.34799
38.4375 0.662478 1.01043 0.0970318 2.23872
38.4688 0.694138 1.01607 0.164531 2.07107
38.5 0.725992 1.02262 0.226161 1.87268
38.5312 0.758053 1.02935 0.281464 1.66161
38.5625 0.790336 1.03706 0.329733 1.42798
38.5938 0.822889 1.04668 0.370973 1.21335
38.625 0.855773 1.05807 0.405151 0.961459
38.6562 0.889019 1.06956 0.430608 0.670735
38.6875 0.922614 1.0805 0.447584 0.420497
38.7188 0.956551 1.09146 0.456495 0.134826
38.75 0.990822 1.10163 0.455129 -0.230804
38.7812 1.02539 1.11049 0.441854 -0.619804
38.8125 1.06022 1.11856 0.416419 -1.00443
38.8438 1.0953 1.12691 0.379586 -1.34245
38.875 1.13067 1.13657 0.33296 -1.63966
38.9062 1.16634 1.14666 0.277172 -1.92478
38.9375 1.20233 1.15683 0.213712 -2.10987
38.9688 1.23867 1.16925 0.147172 -2.12082
39 1.27543 1.18341 0.082609 -1.99076
39.0312 1.31262 1.19686 0.0241533 -1.72402
39.0625 1.35023 1.21028 -0.0233375 -1.28746
39.0938 1.38827 1.22386 -0.0549629 -0.722845
39.125 1.42671 1.23663 -0.0680035 -0.105856
39.1562 1.46556 1.24927 -0.0612263 0.543165
39.1875 1.50477 1.26008 -0.0342015 1.17802
39.2188 1.54427 1.26736 0.0117419 1.75203
39.25 1.58396 1.27168 0.0745255 2.24775
39.2812 1.62369 1.26992 0.15061 2.59203
39.3125 1.66324 1.26045 0.234902 2.78207
39.3438 1.70242 1.24626 0.323339 2.85901
39.375 1.74108 1.22734 0.412345 2.81741
39.4062 1.77908 1.20388 0.498206 2.65878
39.4375 1.81632 1.17939 0.57758 2.41328
39.4688 1.85279 1.15488 0.649015 2.16231
39.5 1.88849 1.12958 0.712922 1.93127
39.5312 1.9234 1.10481 0.770238 1.7495
39.5625 1.95756 1.08217 0.822803 1.61414
39.5938 1.99105 1.06157 0.87077 1.45417
39.625 2.02392 1.04226 0.914348 1.35348
39.6562 2.05621 1.02398 0.956171 1.32428
39.6875 2.08792 1.00566 0.996657 1.25869
39.7188 2.11904 0.985776 1.03478 1.18706
39.75 2.14952 0.964192 1.07125 1.14965
39.7812 2.17928 0.940118 1.10637 1.08944
39.8125 2.20825 0.914372 1.13909 1.00873
39.8438 2.23644 0.889771 1.16998 0.978181
39.875 2.26386 0.864538 1.20078 1.00369
39.9062 2.29047 0.839073 1.23376 1.12756
39.9375 2.31634 0.817406 1.27208 1.32758
39.9688 2.34157 0.797066 1.31683 1.54771
40 2.36616 0.777453 1.37044 1.91617
40.0312 2.39021 0.762313 1.43803 2.41845
40.0625 2.41385 0.750811 1.52178 2.94498
40.0938 2.43718 0.744019 1.62235 3.4925
40.125 2.46042 0.743947 1.73982 4.01932
40.1562 2.48373 0.748893 1.87304 4.49171
40.1875 2.50731 0.761841 2.01889 4.80868
40.2188 2.53145 0.784012 2.17173 4.95094
40.25 2.55635 0.81021 2.32692 4.95187
40.2812 2.58213 0.840839 2.47909 4.75647
40.3125 2.60895 0.87577 2.62266 4.40676
40.3438 2.63686 0.910232 2.7525 3.86942
40.375 2.66583 0.943856 2.86327 3.21581
40.4062 2.69582 0.974463 2.95341 2.54311
40.4375 2.72666 0.99864 3.02099 1.7621
40.4688 2.75816 1.01603 3.06293 0.92348
40.5 2.79006 1.02308 3.07936 0.14481
40.5312 2.82198 1.01821 3.07303 -0.538191
40.5625 2.8536 1.00353 3.04593 -1.19779
40.5938 2.88461 0.979778 2.99819 -1.85312
40.625 2.91475 0.947887 2.93052 -2.46814
40.6562 2.94378 0.909052 2.8451 -2.97113
40.6875 2.9715 0.86436 2.74644 -3.32611
40.7188 2.99772 0.812364 2.63778 -3.61852
40.75 3.02219 0.752103 2.52139 -3.80879
40.7812 3.04466 0.685088 2.40066 -3.9117
40.8125 3.06493 0.610522 2.27721 -3.98065
40.8438 3.08274 0.528834 2.15276 -3.96801
40.875 3.09792 0.441829 2.03017 -3.86246
40.9062 3.11031 0.350245 1.91226 -3.67017
40.9375 3.11979 0.256598 1.80159 -3.39896
40.9688 3.12636 0.163788 1.70089 -3.02651
41 3.13005 0.0733557 1.61367 -2.53714
41.0312 3.13099 -0.0123229 1.54329 -1.95371
41.0625 3.12936 -0.0904798 1.4922 -1.31038
41.0938 3.12539 -0.163111 1.46143 -0.663472
41.125 3.11921 -0.231933 1.45028 -0.0594444
41.1562 3.11095 -0.295828 1.45688 0.463678
41.1875 3.10073 -0.358773 1.47779 0.848457
41.2188 3.08851 -0.423456 1.50829 1.07801
41.25 3.07426 -0.488645 1.54365 1.16314
41.2812 3.05795 -0.555495 1.57998 1.15032
41.3125 3.03952 -0.624498 1.61483 1.06972
41.3438 3.0189 -0.695229 1.64655 0.964526
41.375 2.99605 -0.767081 1.67562 0.900537
41.4062 2.97096 -0.838682 1.70278 0.836059
41.4375 2.94364 -0.910032 1.72811 0.791908
41.4688 2.91408 -0.98133 1.75228 0.746951
41.5 2.88231 -1.0519 1.77432 0.663468
41.5312 2.84837 -1.11988 1.79418 0.613991
41.5625 2.81237 -1.18271 1.81249 0.542224
41.5938 2.7745 -1.2406 1.82651 0.325757
41.625 2.73489 -1.29298 1.83123 -0.0420632
41.6562 2.69378 -1.3372 1.82331 -0.467027
41.6875 2.65138 -1.37566 1.802 -0.897243
41.7188 2.60784 -1.40991 1.76714 -1.33791
41.75 2.56332 -1.43795 1.7179 -1.82374
41.7812 2.51801 -1.46139 1.65272 -2.34636
41.8125 2.47203 -1.48073 1.57204 -2.7949
41.8438 2.42551 -1.49573 1.47973 -3.08573
41.875 2.37856 -1.50948 1.38064 -3.23336
41.9062 2.33118 -1.5229 1.27939 -3.21295
41.9375 2.28338 -1.5366 1.18188 -3.00297
41.9688 2.23511 -1.55279 1.09267 -2.69338
42 2.18631 -1.57028 1.01478 -2.26754
42.0312 2.13697 -1.58743 0.952126 -1.73204
42.0625 2.08709 -1.6049 0.90688 -1.15802
42.0938 2.03667 -1.62171 0.879979 -0.567273
42.125 1.98577 -1.63577 0.870598 -0.0515277
42.1562 1.93447 -1.647 0.875734 0.366616
42.1875 1.88286 -1.65495 0.892653 0.701662
42.2188 1.83108 -1.65825 0.918682 0.948363
42.25 1.77927 -1.65662 0.950541 1.06198
42.2812 1.7276 -1.64982 0.983511 1.03601
42.3125 1.6762 -1.63901 1.01531 1.00156
42.3438 1.62518 -1.62574 1.04556 0.915598
42.375 1.57462 -1.60975 1.07158 0.744247
42.4062 1.52459 -1.59228 1.09203 0.561403
42.4375 1.47511 -1.5744 1.10626 0.345626
42.4688 1.42621 -1.55482 1.11387 0.148658
42.5 1.37796 -1.53223 1.11558 -0.0467473
42.5312 1.33048 -1.50592 1.11048 -0.282904
42.5625 1.28388 -1.47608 1.09784 -0.530194
42.5938 1.23828 -1.4415 1.07676 -0.830082
42.625 1.19386 -1.40032 1.04521 -1.20308
42.6562 1.15081 -1.35438 1.00063 -1.66119
42.6875 1.10923 -1.306 0.941518 -2.10677
42.7188 1.0692 -1.25556 0.869943 -2.46684
42.75 1.03077 -1.2039 0.787209 -2.83243
42.7812 0.993964 -1.15179 0.692968 -3.19449
42.8125 0.958769 -1.10111 0.587851 -3.52475
42.8438 0.925117 -1.05292 0.473988 -3.72716
42.875 0.892956 -1.00547 0.357282 -3.71131
42.9062 0.862244 -0.961083 0.243365 -3.55955
42.9375 0.832823 -0.922654 0.136546 -3.24323
42.9688 0.804542 -0.887849 0.0424832 -2.75595
43 0.777289 -0.857244 -0.0346656 -2.16554
43.0312 0.750916 -0.83111 -0.0920143 -1.49782
43.0625 0.725331 -0.80653 -0.128258 -0.822999
43.0938 0.700482 -0.784303 -0.143345 -0.141371
43.125 0.676296 -0.76354 -0.137611 0.488865
43.1562 0.652765 -0.742595 -0.114276 0.981977
43.1875 0.629855 -0.724183 -0.0775784 1.3428
43.2188 0.607489 -0.707174 -0.0319845 1.55179
43.25 0.585666 -0.689528 0.0184075 1.66135
43.2812 0.564372 -0.673684 0.0707893 1.6677
43.3125 0.543551 -0.658691 0.121335 1.55623
43.3438 0.523219 -0.642458 0.167995 1.43267
43.375 0.503391 -0.626731 0.210826 1.30542
43.4062 0.484043 -0.611451 0.249561 1.17618
43.4375 0.465187 -0.595223 0.284372 1.04808
43.4688 0.446843 -0.578779 0.314778 0.895816
43.5 0.429019 -0.56176 0.340377 0.74213
43.5312 0.411749 -0.54333 0.361 0.574847
43.5625 0.395057 -0.525131 0.376141 0.387865
43.5938 0.378924 -0.507329 0.384248 0.107661
43.625 0.363352 -0.489487 0.381707 -0.277969
43.6562 0.34829 -0.475419 0.366765 -0.683535
43.6875 0.333594 -0.465397 0.338154 -1.16151
43.7188 0.319198 -0.456184 0.294117 -1.64375
43.75 0.305036 -0.451338 0.236316 -2.04833
43.7812 0.290935 -0.451452 0.166235 -2.43137
43.8125 0.276825 -0.451441 0.0852343 -2.73484
43.8438 0.262713 -0.45192 -0.00384173 -2.95491
43.875 0.248586 -0.451725 -0.0981869 -3.04857
43.9062 0.234513 -0.448676 -0.191649 -2.8892
43.9375 0.220545 -0.445219 -0.276498 -2.51173
43.9688 0.206721 -0.438681 -0.347075 -1.98585
44 0.193161 -0.429171 -0.399873 -1.38691
44.0312 0.179871 -0.421735 -0.43328 -0.740087
44.0625 0.166817 -0.413128 -0.445548 -0.0429934
44.0938 0.154075 -0.402332 -0.436393 0.617279
44.125 0.141658 -0.392456 -0.407669 1.20964
44.1562 0.129565 -0.38107 -0.36177 1.70705
44.1875 0.117847 -0.369099 -0.302439 2.06589
44.2188 0.106486 -0.35789 -0.234258 2.26997
44.25 0.0954951 -0.345437 -0.16222 2.31897
44.2812 0.0848773 -0.334595 -0.0902753 2.27349
44.3125 0.0745741 -0.32445 -0.0208924 2.156
44.3438 0.0646313 -0.311599 0.0441183 2.00372
44.375 0.0550948 -0.298885 0.104175 1.8328
44.4062 0.0459666 -0.284634 0.158302 1.6336
44.4375 0.0373491 -0.266477 0.206978 1.49381
44.4688 0.0293209 -0.247153 0.251712 1.35862
44.5 0.0219325 -0.225 0.291252 1.16858
44.5312 0.0152915 -0.19979 0.324739 0.970164
44.5625 0.00945762 -0.173163 0.351164 0.708458
44.5938 0.0045109 -0.142767 0.368661 0.409529
44.625 0.00055157 -0.110721 0.37613 0.0463706
44.6562 -0.00241172 -0.0786788 0.370006 -0.455559
44.6875 -0.00433925 -0.0443982 0.347353 -0.992361
44.7188 -0.0051956 -0.0108641 0.308002 -1.52642
44.75 -0.0050393 0.0208332 0.252324 -2.02313
44.7812 -0.00388524 0.0530876 0.182543 -2.42979
44.8125 -0.00173209 0.0844073 0.101212 -2.75964
44.8438 0.00137578 0.114359 0.0114302 -2.96211
44.875 0.00540291 0.143039 -0.0825626 -3.03252
44.9062 0.0102928 0.169675 -0.176416 -2.93932
44.9375 0.0160051 0.195925 -0.263949 -2.628
44.9688 0.0225237 0.220711 -0.338659 -2.12135
45 0.0297547 0.241388 -0.394641 -1.43978
45.0312 0.0375792 0.259026 -0.428321 -0.724732
45.0625 0.0459211 0.274399 -0.440583 -0.0643038
45.0938 0.0546927 0.286307 -0.432288 0.594916
45.125 0.0637739 0.294359 -0.403839 1.21322
45.1562 0.0730755 0.301023 -0.357401 1.74065
45.1875 0.0826016 0.308833 -0.296563 2.12332
45.2188 0.0923796 0.316932 -0.226499 2.33641
45.25 0.102419 0.325998 -0.151801 2.42535
45.2812 0.11278 0.337331 -0.0760644 2.40628
45.3125 0.123508 0.349313 -0.00208975 2.31965
45.3438 0.134627 0.362745 0.0682993 2.17529
45.375 0.146196 0.377656 0.133657 2.01337
45.4062 0.158226 0.392346 0.194668 1.89475
45.4375 0.170746 0.409553 0.251718 1.74671
45.4688 0.183843 0.428501 0.303662 1.5837
45.5 0.197507 0.445838 0.35113 1.45495
45.5312 0.211721 0.464272 0.394086 1.28116
45.5625 0.226529 0.483115 0.430474 1.03829
45.5938 0.241885 0.499292 0.458375 0.735895
45.625 0.257739 0.515648 0.475679 0.35948
45.6562 0.27412 0.532605 0.480235 -0.075199
45.6875 0.291016 0.548774 0.47055 -0.552885
45.7188 0.308433 0.566187 0.445041 -1.08901
45.75 0.326412 0.584446 0.402467 -1.62295
45.7812 0.344963 0.603115 0.345012 -2.0298
45.8125 0.364131 0.623938 0.276699 -2.33044
45.8438 0.383969 0.645705 0.200295 -2.53718
45.875 0.404494 0.668261 0.119736 -2.59461
45.9062 0.425762 0.693177 0.0395126 -2.51376
45.9375 0.447817 0.718053 -0.0351878 -2.22718
45.9688 0.470625 0.741615 -0.097644 -1.7483
46 0.494176 0.76586 -0.14334 -1.15515
46.0312 0.51849 0.790054 -0.168381 -0.43045
46.0625 0.543541 0.813053 -0.170156 0.305234
46.0938 0.569301 0.835527 -0.150108 0.968244
46.125 0.595758 0.857685 -0.110291 1.56448
46.1562 0.622921 0.8812 -0.0534513 2.05938
46.1875 0.650862 0.907371 0.0179575 2.50289
46.2188 0.679646 0.935118 0.101677 2.82052
46.25 0.709343 0.96636 0.19198 2.93076
46.2812 0.740105 1.00318 0.283759 2.93108
46.3125 0.772067 1.04253 0.374421 2.86109
46.3438 0.805274 1.08301 0.462347 2.76797
46.375 0.839776 1.12534 0.547417 2.67152
46.4062 0.87561 1.16804 0.628948 2.54543
46.4375 0.912789 1.21175 0.70687 2.44939
46.4688 0.951363 1.25715 0.782114 2.35931
46.5 0.991376 1.30418 0.853697 2.21321
46.5312 1.03292 1.35508 0.920085 2.03101
46.5625 1.07609 1.40823 0.98021 1.8075
46.5938 1.12093 1.46161 1.03238 1.52047
46.625 1.16746 1.5167 1.07454 1.16551
46.6562 1.21572 1.57095 1.10435 0.728258
46.6875 1.26562 1.62238 1.11941 0.231234
46.7188 1.31709 1.67144 1.1189 -0.260622
46.75 1.37003 1.71549 1.10314 -0.750142
46.7812 1.42425 1.75363 1.07215 -1.22219
46.8125 1.47957 1.78538 1.02794 -1.58369
46.8438 1.53574 1.80858 0.974651 -1.80535
46.875 1.59253 1.82447 0.916193 -1.92272
46.9062 1.64971 1.83411 0.855203 -1.96635
46.9375 1.70709 1.83693 0.794736 -1.87191
46.9688 1.76446 1.83422 0.740258 -1.58647
47 1.82168 1.82744 0.696963 -1.16529
47.0312 1.87864 1.81732 0.668558 -0.638365
47.0625 1.93523 1.80377 0.657375 -0.0816027
47.0938 1.99135 1.78787 0.663015 0.436602
47.125 2.04697 1.77157 0.684283 0.914005
47.1562 2.10204 1.75231 0.719026 1.28754
47.1875 2.15644 1.72886 0.763662 1.56009
47.2188 2.21008 1.70376 0.816285 1.80184
47.25 2.26288 1.67453 0.87521 1.94123
47.2812 2.31468 1.63951 0.935779 1.91241
47.3125 2.36531 1.60011 0.993871 1.79627
47.3438 2.41461 1.55376 1.0475 1.63042
47.375 2.46235 1.50092 1.09602 1.48627
47.4062 2.50838 1.44436 1.14085 1.37984
47.4375 2.55256 1.38222 1.18162 1.22062
47.4688 2.59474 1.31684 1.2172 1.06689
47.5 2.63489 1.2534 1.24929 1.00427
47.5312 2.67307 1.18948 1.28075 1.01415
47.5625 2.70922 1.12429 1.31257 1.01914
47.5938 2.74335 1.06054 1.34436 1.01261
47.625 2.77548 0.995237 1.37519 0.943915
47.6562 2.80554 0.92851 1.4026 0.806103
47.6875 2.83353 0.862637 1.42545 0.651542
47.7188 2.85946 0.797036 1.44286 0.456847
47.75 2.88337 0.734262 1.45411 0.273241
47.7812 2.90538 0.67461 1.461 0.189907
47.8125 2.92555 0.617001 1.46719 0.217998
47.8438 2.94397 0.562347 1.47526 0.314861
47.875 2.96072 0.509758 1.48841 0.550055
47.9062 2.97585 0.458364 1.51009 0.830893
47.9375 2.98937 0.407352 1.54019 1.10518
47.9688 3.00131 0.356636 1.58007 1.45851
48 3.01167 0.306275 1.63171 1.85031
48.0312 3.02043 0.254119 1.69594 2.25816
48.0625 3.02754 0.200843 1.77189 2.57556
48.0938 3.03299 0.147683 1.85508 2.72365
48.125 3.03675 0.0931119 1.94101 2.76529
48.1562 3.0388 0.0383215 2.02747 2.7605
48.1875 3.03915 -0.0163867 2.11288 2.69301
48.2188 3.03777 -0.072269 2.19516 2.56764
48.25 3.03463 -0.1284 2.27329 2.43456
48.2812 3.02973 -0.185863 2.34753 2.32078
48.3125 3.02299 -0.245478 2.41853 2.22643
48.3438 3.01437 -0.306451 2.48705 2.16852
48.375 3.00381 -0.370292 2.55484 2.18317
48.4062 2.99119 -0.437341 2.62409 2.25161
48.4375 2.97647 -0.50508 2.6952 2.28441
48.4688 2.95964 -0.571839 2.76557 2.19879
48.5 2.94074 -0.63696 2.83181 2.03751
48.5312 2.91987 -0.698132 2.89295 1.87063
48.5625 2.89719 -0.751612 2.94761 1.59892
48.5938 2.873 -0.794501 2.99114 1.16734
48.625 2.84766 -0.825524 3.01989 0.663677
48.6562 2.82154 -0.843686 3.03169 0.0740692
48.6875 2.79508 -0.846973 3.02377 -0.584723
48.7188 2.76876 -0.836037 2.9953 -1.2322
48.75 2.74293 -0.815147 2.94733 -1.82295
48.7812 2.71788 -0.787042 2.88246 -2.3128
48.8125 2.69379 -0.754241 2.80347 -2.73546
48.8438 2.67076 -0.719907 2.71206 -3.10065
48.875 2.64881 -0.684866 2.61084 -3.35625
48.9062 2.62795 -0.650204 2.50358 -3.48873
48.9375 2.60816 -0.61653 2.39401 -3.50537
48.9688 2.58942 -0.583096 2.28553 -3.42219
49 2.57169 -0.552055 2.18097 -3.25787
49.0312 2.55486 -0.525594 2.08247 -3.04323
49.0625 2.53879 -0.504189 1.99028 -2.8758
49.0938 2.52328 -0.489416 1.90125 -2.84502
49.125 2.50812 -0.482009 1.81162 -2.89415
49.1562 2.49307 -0.483027 1.72046 -2.9405
49.1875 2.47784 -0.49302 1.62731 -3.03399
49.2188 2.46219 -0.509812 1.53033 -3.17248
49.25 2.44589 -0.534847 1.4294 -3.28107
49.2812 2.42866 -0.568951 1.32548 -3.36365
49.3125 2.41028 -0.607805 1.22012 -3.35642
49.3438 2.39062 -0.651641 1.11706 -3.22343
49.375 2.36949 -0.701542 1.01959 -2.99683
49.4062 2.34675 -0.754527 0.930858 -2.67195
49.4375 2.3223 -0.810349 0.852318 -2.37012
49.4688 2.29606 -0.869696 0.781867 -2.14419
49.5 2.26793 -0.93063 0.718402 -1.9148
49.5312 2.23789 -0.991779 0.661915 -1.71504
49.5625 2.20594 -1.05343 0.609747 -1.65091
49.5938 2.17207 -1.11322 0.557367 -1.71566
49.625 2.1364 -1.16925 0.501735 -1.8609
49.6562 2.09903 -1.2218 0.440012 -2.0977
49.6875 2.06011 -1.26795 0.371142 -2.29069
49.7188 2.01985 -1.3077 0.297764 -2.39961
49.75 1.97843 -1.34261 0.221614 -2.45584
49.7812 1.93602 -1.37009 0.146125 -2.34326
49.8125 1.89287 -1.39047 0.0766891 -2.08329
49.8438 1.84916 -1.40669 0.0169493 -1.72216
49.875 1.80499 -1.41871 -0.0297775 -1.24903
49.9062 1.76054 -1.42536 -0.0598389 -0.654841
49.9375 1.71594 -1.42869 -0.0697204 0.0336372
49.9688 1.67126 -1.43088 -0.0570883 0.784386
