0 0 0 0 0
0.03125 0.000382813 0.0245 1.75336e-37 1.92824e-34
0.0625 0.00153125 0.049 1.1297e-27 5.78585e-25
0.09375 0.00344531 0.0735 4.22428e-22 1.41477e-19
0.125 0.006125 0.098 3.2788e-18 8.08968e-16
0.15625 0.00957031 0.1225 2.93486e-15 5.63679e-13
0.1875 0.0137812 0.147 6.40839e-13 9.92852e-11
0.21875 0.0187578 0.1715 5.23509e-11 6.70217e-09
0.25 0.0245 0.196 2.00944e-09 2.13073e-07
0.28125 0.0310078 0.2205 4.11822e-08 3.62298e-06
0.3125 0.0382812 0.244994 5.11457e-07 3.77024e-05
0.34375 0.0463198 0.269479 4.17621e-06 0.000253486
0.375 0.0551242 0.294024 2.28354e-05 0.00110282
0.40625 0.064699 0.318813 8.78036e-05 0.00337139
0.4375 0.0750512 0.343673 0.000257282 0.00786407
0.46875 0.0861666 0.36739 0.000596814 0.014014
0.5 0.0979914 0.38916 0.00114491 0.0214762
0.53125 0.110494 0.411476 0.00198137 0.0327953
0.5625 0.123751 0.437651 0.00322346 0.0468718
0.59375 0.137871 0.466039 0.00492529 0.0625744
0.625 0.152874 0.494259 0.00718367 0.0827583
0.65625 0.168795 0.525463 0.0101301 0.10607
0.6875 0.185743 0.558976 0.0138259 0.130728
0.71875 0.203666 0.586666 0.0183241 0.157665
0.75 0.222345 0.60837 0.023715 0.187757
0.78125 0.24169 0.629667 0.0300531 0.217327
0.8125 0.261657 0.647036 0.0372774 0.245429
0.84375 0.282069 0.659018 0.0454526 0.278578
0.875 0.30286 0.671951 0.0546757 0.31079
0.90625 0.324062 0.68441 0.0648637 0.342332
0.9375 0.345604 0.694247 0.0761683 0.381913
0.96875 0.367485 0.706895 0.0886835 0.417543
1 0.389803 0.72121 0.102242 0.451394
1.03125 0.412551 0.734905 0.116983 0.492336
1.0625 0.435778 0.752499 0.132944 0.527666
1.09375 0.459607 0.772467 0.149944 0.561304
1.125 0.484058 0.792852 0.168075 0.598894
1.15625 0.509208 0.817487 0.18732 0.631978
1.1875 0.535174 0.844308 0.207572 0.664711
1.21875 0.561984 0.872028 0.228892 0.699808
1.25 0.589722 0.90387 0.251291 0.733429
1.28125 0.618491 0.937295 0.274736 0.767503
1.3125 0.648313 0.971887 0.299302 0.805387
1.34375 0.679275 1.01017 0.3251 0.845991
1.375 0.711455 1.04928 0.35221 0.890093
1.40625 0.744868 1.0897 0.380793 0.939273
1.4375 0.779597 1.1332 0.410827 0.980624
1.46875 0.815695 1.17714 0.442014 1.01664
1.5 0.853186 1.22279 0.474599 1.07404
1.53125 0.892141 1.27024 0.509488 1.16419
1.5625 0.93256 1.31644 0.547612 1.27685
1.59375 0.974433 1.36392 0.589045 1.36626
1.625 1.01783 1.41402 0.632438 1.40524
1.65625 1.06282 1.46531 0.676897 1.44482
1.6875 1.10943 1.51796 0.722968 1.50367
1.71875 1.15768 1.56937 0.770663 1.54472
1.75 1.2075 1.61928 0.819433 1.57876
1.78125 1.25889 1.6696 0.869592 1.63568
1.8125 1.31182 1.71706 0.921822 1.70722
1.84375 1.36618 1.76251 0.976177 1.76881
1.875 1.42202 1.81146 1.0323 1.82421
1.90625 1.47943 1.8633 1.09033 1.89168
1.9375 1.53847 1.91506 1.15053 1.9603
1.96875 1.59911 1.96535 1.21297 2.03992
2 1.66129 2.01382 1.27817 2.13047
2.03125 1.72494 2.05963 1.3456 2.1748
2.0625 1.78994 2.09879 1.41379 2.18998
2.09375 1.85605 2.13158 1.48239 2.1911
2.125 1.92314 2.1619 1.54959 2.08883
2.15625 1.99111 2.18713 1.61215 1.91247
2.1875 2.05978 2.20702 1.66917 1.73337
2.21875 2.12905 2.22625 1.71975 1.48948
2.25 2.19889 2.24304 1.7618 1.2027
2.28125 2.26919 2.25526 1.79526 0.94344
2.3125 2.33982 2.26464 1.82076 0.685796
2.34375 2.41068 2.26935 1.83803 0.419339
2.375 2.48157 2.26633 1.84708 0.163807
2.40625 2.55223 2.25425 1.84857 -0.0651968
2.4375 2.62236 2.23218 1.84288 -0.305316
2.46875 2.69162 2.19849 1.82926 -0.561872
2.5 2.75962 2.15111 1.80851 -0.753019
2.53125 2.82594 2.09148 1.78253 -0.911381
2.5625 2.89023 2.02074 1.75161 -1.05931
2.59375 2.9521 1.93758 1.71709 -1.14014
2.625 3.01123 1.84563 1.68062 -1.18961
2.65625 3.0674 1.74796 1.6436 -1.15513
2.6875 3.12042 1.64493 1.60996 -0.982151
2.71875 3.17019 1.53992 1.58252 -0.774563
2.75 3.21666 1.43422 1.56169 -0.552182
2.78125 3.25982 1.32818 1.54857 -0.27614
2.8125 3.29969 1.22377 1.54543 0.094613
2.84375 3.33635 1.12311 1.5554 0.54646
2.875 3.36994 1.02724 1.57895 0.944197
2.90625 3.40056 0.932821 1.61364 1.27127
2.9375 3.42825 0.839383 1.65842 1.59639
2.96875 3.45304 0.747319 1.7134 1.91864
3 3.47492 0.652654 1.7778 2.18875
3.03125 3.49381 0.555998 1.84921 2.36906
3.0625 3.50967 0.45879 1.92558 2.52025
3.09375 3.52248 0.36147 2.00682 2.67891
3.125 3.53228 0.265745 2.09325 2.864
3.15625 3.53908 0.168828 2.18684 3.13895
3.1875 3.54279 0.0677799 2.2894 3.41143
3.21875 3.54328 -0.0367036 2.39891 3.58123
3.25 3.54048 -0.143093 2.51247 3.67563
3.28125 3.53431 -0.252032 2.62811 3.72093
3.3125 3.5247 -0.362491 2.74494 3.75327
3.34375 3.51171 -0.467596 2.86209 3.73122
3.375 3.49555 -0.565942 2.97773 3.6734
3.40625 3.47639 -0.659696 3.09219 3.65688
3.4375 3.4544 -0.74557 3.20587 3.60187
3.46875 3.42987 -0.823772 3.31596 3.42131
3.5 3.40296 -0.897525 3.41856 3.13323
3.53125 3.37381 -0.967313 3.51128 2.7891
3.5625 3.34255 -1.03261 3.59135 2.29945
3.59375 3.30934 -1.09234 3.65297 1.62608
3.625 3.27434 -1.14666 3.69287 0.933847
3.65625 3.23774 -1.19401 3.71145 0.251535
3.6875 3.19982 -1.23105 3.70864 -0.419717
3.71875 3.16091 -1.25775 3.68651 -0.973146
3.75 3.12131 -1.2749 3.64882 -1.43101
3.78125 3.08133 -1.28215 3.59728 -1.86613
3.8125 3.04127 -1.28005 3.53245 -2.27379
3.84375 3.00139 -1.2717 3.45615 -2.59066
3.875 2.96183 -1.25952 3.37137 -2.83141
3.90625 2.92272 -1.24292 3.27908 -3.07581
3.9375 2.88416 -1.22505 3.17948 -3.28883
3.96875 2.84613 -1.20937 3.07394 -3.46449
4 2.80858 -1.19312 2.96275 -3.6564
4.03125 2.77157 -1.1755 2.8452 -3.86936
4.0625 2.73511 -1.15811 2.72091 -4.08174
4.09375 2.6992 -1.13981 2.59037 -4.26844
4.125 2.66388 -1.12057 2.45439 -4.42808
4.15625 2.62916 -1.10193 2.31442 -4.51159
4.1875 2.59501 -1.0837 2.17358 -4.48749
4.21875 2.56144 -1.0644 2.03446 -4.41077
4.25 2.52849 -1.04474 1.89838 -4.28863
4.28125 2.49614 -1.0257 1.76707 -4.10748
4.3125 2.46439 -1.00642 1.64183 -3.90897
4.34375 2.43321 -0.98976 1.52272 -3.71243
4.375 2.40245 -0.980568 1.40997 -3.50224
4.40625 2.37183 -0.980428 1.30357 -3.31724
4.4375 2.34108 -0.988665 1.20176 -3.21483
4.46875 2.30997 -1.00397 1.10171 -3.19979
4.5 2.27825 -1.02724 1.00145 -3.21575
4.53125 2.24569 -1.05767 0.900861 -3.22433
4.5625 2.21211 -1.09167 0.799427 -3.27583
4.59375 2.17742 -1.12926 0.696169 -3.32172
4.625 2.14148 -1.17166 0.592628 -3.29599
4.65625 2.10414 -1.21873 0.490491 -3.23454
4.6875 2.06529 -1.268 0.391113 -3.11466
4.71875 2.02489 -1.31754 0.29625 -2.95202
4.75 1.98292 -1.3686 0.207193 -2.73312
4.78125 1.93938 -1.4172 0.126071 -2.45972
4.8125 1.89441 -1.45964 0.0528611 -2.23321
4.84375 1.8482 -1.49733 -0.0130189 -1.96054
4.875 1.8009 -1.52836 -0.0681241 -1.54848
4.90625 1.75276 -1.55171 -0.109439 -1.09932
4.9375 1.70399 -1.5683 -0.137223 -0.684006
4.96875 1.65481 -1.57784 -0.152362 -0.287811
5 1.60541 -1.58353 -0.155815 0.0481377
5.03125 1.55588 -1.58592 -0.150718 0.261686
5.0625 1.50635 -1.583 -0.139657 0.452847
5.09375 1.45694 -1.57942 -0.122238 0.654008
5.125 1.40764 -1.57566 -0.0997499 0.771127
5.15625 1.35851 -1.56792 -0.0742493 0.867445
5.1875 1.30963 -1.56139 -0.0450218 1.0089
5.21875 1.2609 -1.55675 -0.010921 1.17924
5.25 1.21239 -1.54691 0.0290983 1.38593
5.28125 1.16424 -1.53468 0.0754969 1.57406
5.3125 1.11646 -1.52284 0.126826 1.70219
5.34375 1.06912 -1.50631 0.181322 1.77349
5.375 1.02235 -1.48696 0.236731 1.75846
5.40625 0.976167 -1.4688 0.290668 1.6887
5.4375 0.930566 -1.44931 0.341765 1.56565
5.46875 0.8856 -1.42847 0.38715 1.3166
5.5 0.841283 -1.4077 0.423051 0.971344
5.53125 0.797648 -1.38425 0.447308 0.570017
5.5625 0.754799 -1.35795 0.457921 0.0999245
5.59375 0.712765 -1.33264 0.45337 -0.389056
5.625 0.671483 -1.30967 0.433738 -0.867326
5.65625 0.6309 -1.28777 0.399224 -1.33492
5.6875 0.590984 -1.26729 0.351301 -1.70929
5.71875 0.551658 -1.25021 0.29376 -1.95657
5.75 0.512821 -1.23534 0.229807 -2.12407
5.78125 0.474473 -1.21839 0.161977 -2.19972
5.8125 0.436698 -1.19899 0.093242 -2.18829
5.84375 0.399538 -1.17913 0.0258558 -2.11195
5.875 0.36303 -1.1567 -0.037808 -1.94652
5.90625 0.327285 -1.13053 -0.0948548 -1.68975
5.9375 0.292382 -1.10325 -0.142525 -1.34969
5.96875 0.258341 -1.07513 -0.178969 -0.987257
6 0.225198 -1.04595 -0.204732 -0.668353
6.03125 0.192969 -1.01663 -0.220965 -0.373489
6.0625 0.161669 -0.986485 -0.228397 -0.107881
6.09375 0.131307 -0.956982 -0.227763 0.153594
6.125 0.101846 -0.92837 -0.218376 0.451612
6.15625 0.0733144 -0.897096 -0.199402 0.766328
6.1875 0.0457856 -0.865022 -0.17 1.12416
6.21875 0.0192311 -0.834514 -0.128949 1.49934
6.25 -0.00635493 -0.802674 -0.0766439 1.84415
6.28125 -0.0309375 -0.771016 -0.0139994 2.154
6.3125 -0.0545712 -0.741753 0.0567313 2.34842
6.34375 -0.0772914 -0.712141 0.13158 2.4301
6.375 -0.0990816 -0.68274 0.207953 2.44278
6.40625 -0.119989 -0.655745 0.282935 2.33237
6.4375 -0.140082 -0.630386 0.352386 2.09354
6.46875 -0.159398 -0.605901 0.412627 1.7434
6.5 -0.177944 -0.580794 0.460247 1.28742
6.53125 -0.195683 -0.554325 0.49199 0.726106
6.5625 -0.212567 -0.525473 0.504739 0.0824252
6.59375 -0.228443 -0.48896 0.497043 -0.574973
6.625 -0.243044 -0.444671 0.468644 -1.24558
6.65625 -0.256203 -0.396884 0.419407 -1.89321
6.6875 -0.267786 -0.343225 0.351426 -2.43899
6.71875 -0.277594 -0.284004 0.268079 -2.87535
6.75 -0.285516 -0.222476 0.173362 -3.15475
6.78125 -0.291446 -0.156109 0.0727859 -3.2591
6.8125 -0.295231 -0.0858337 -0.0294549 -3.27587
6.84375 -0.296805 -0.0147525 -0.131301 -3.22633
6.875 -0.296133 0.058184 -0.229821 -3.0573
6.90625 -0.293148 0.132948 -0.321195 -2.77425
6.9375 -0.287839 0.206252 -0.402234 -2.39732
6.96875 -0.280307 0.275152 -0.47028 -1.94964
7 -0.270653 0.342889 -0.523688 -1.46156
7.03125 -0.258872 0.410707 -0.561286 -0.945233
7.0625 -0.245037 0.473888 -0.583385 -0.484428
7.09375 -0.229268 0.535765 -0.592114 -0.0708474
7.125 -0.211514 0.60074 -0.587004 0.413258
7.15625 -0.191733 0.664866 -0.565756 0.945558
7.1875 -0.169969 0.728328 -0.528493 1.42501
7.21875 -0.146184 0.794226 -0.477365 1.84572
7.25 -0.120331 0.860078 -0.412621 2.30847
7.28125 -0.092445 0.9245 -0.333138 2.76323
7.3125 -0.062558 0.987929 -0.24115 3.10922
7.34375 -0.0307381 1.04781 -0.13934 3.39599
7.375 0.00289918 1.10481 -0.0303555 3.54566
7.40625 0.0383077 1.16106 0.080465 3.53005
7.4375 0.0754254 1.21367 0.189732 3.45388
7.46875 0.114126 1.26292 0.295318 3.28296
7.5 0.154347 1.31082 0.393704 2.9954
7.53125 0.196003 1.35428 0.481134 2.57245
7.5625 0.238948 1.3939 0.552809 1.9951
7.59375 0.28311 1.43206 0.605211 1.35503
7.625 0.328411 1.46646 0.637269 0.691866
7.65625 0.374726 1.49733 0.648334 0.020821
7.6875 0.421975 1.5262 0.639321 -0.580536
7.71875 0.47008 1.55185 0.613118 -1.08203
7.75 0.518927 1.57381 0.5724 -1.51388
7.78125 0.568408 1.5925 0.519277 -1.87022
7.8125 0.618455 1.61092 0.456592 -2.12491
7.84375 0.669127 1.63261 0.387415 -2.28753
7.875 0.720506 1.6556 0.31466 -2.35078
7.90625 0.772609 1.67945 0.241582 -2.31
7.9375 0.825516 1.70723 0.171326 -2.16783
7.96875 0.879322 1.73612 0.107329 -1.90955
8 0.934006 1.76364 0.0527589 -1.57853
8.03125 0.98956 1.79193 0.00837462 -1.27474
8.0625 1.04598 1.8186 -0.0278057 -1.05026
8.09375 1.10319 1.84238 -0.0571646 -0.817867
8.125 1.16113 1.86592 -0.0783075 -0.532155
8.15625 1.21977 1.88616 -0.0904612 -0.242008
8.1875 1.27896 1.90062 -0.0925207 0.131389
8.21875 1.33852 1.91101 -0.0813826 0.581839
8.25 1.39833 1.91572 -0.0567388 0.984321
8.28125 1.45818 1.91307 -0.0201433 1.35963
8.3125 1.51782 1.90305 0.0283313 1.7383
8.34375 1.57705 1.88657 0.0875624 2.0285
8.375 1.63569 1.8658 0.153645 2.1852
8.40625 1.69361 1.83992 0.223784 2.3017
8.4375 1.75064 1.8099 0.296973 2.36761
8.46875 1.80675 1.78142 0.371065 2.3719
8.5 1.862 1.75427 0.445241 2.36926
8.53125 1.91636 1.72492 0.518061 2.26859
8.5625 1.96981 1.69589 0.585968 2.06807
8.59375 2.02236 1.66727 0.646891 1.82361
8.625 2.07397 1.63501 0.69945 1.53291
8.65625 2.12453 1.60078 0.742277 1.20123
8.6875 2.17402 1.56597 0.774105 0.829929
8.71875 2.22237 1.52808 0.794018 0.450053
8.75 2.26951 1.48947 0.80337 0.176929
8.78125 2.31548 1.45246 0.80662 0.0429756
8.8125 2.36029 1.41522 0.806155 -0.0708653
8.84375 2.40394 1.37936 0.802943 -0.116167
8.875 2.44654 1.34702 0.799839 -0.0714824
8.90625 2.48815 1.31673 0.799292 0.0530161
8.9375 2.52885 1.28805 0.804083 0.264346
8.96875 2.56866 1.25999 0.816437 0.537426
9 2.60757 1.22945 0.838098 0.84697
9.03125 2.64549 1.1977 0.868976 1.12597
9.0625 2.68244 1.16711 0.908585 1.40992
9.09375 2.71843 1.13571 0.956886 1.68057
9.125 2.75341 1.10312 1.01442 2.02659
9.15625 2.78738 1.07106 1.08508 2.5152
9.1875 2.82035 1.03922 1.17288 3.12811
9.21875 2.85229 1.00383 1.28199 3.86799
9.25 2.88304 0.963391 1.41469 4.61796
9.28125 2.91247 0.919783 1.57006 5.3156
9.3125 2.94047 0.870693 1.74621 5.94764
9.34375 2.96684 0.816335 1.94105 6.50441
9.375 2.99147 0.759928 2.1511 6.90873
9.40625 3.0143 0.700978 2.37129 7.16335
9.4375 3.03527 0.641371 2.59738 7.27666
9.46875 3.05442 0.584556 2.82419 7.21527
9.5 3.07185 0.53163 3.04725 7.04387
9.53125 3.0877 0.483949 3.26301 6.73605
9.5625 3.10218 0.444288 3.46629 6.24199
9.59375 3.11557 0.414661 3.6513 5.57623
9.625 3.12819 0.394594 3.81413 4.84505
9.65625 3.14033 0.3837 3.95442 4.13755
9.6875 3.15228 0.382633 4.07276 3.4344
9.71875 3.16432 0.388994 4.16901 2.7261
9.75 3.1766 0.396603 4.24318 2.02037
9.78125 3.18909 0.402382 4.295 1.28697
9.8125 3.20175 0.40736 4.32283 0.478966
9.84375 3.21453 0.409888 4.32393 -0.422196
9.875 3.22732 0.408951 4.29606 -1.35875
9.90625 3.2401 0.408961 4.23951 -2.251
9.9375 3.25293 0.412837 4.15598 -3.08167
9.96875 3.26592 0.418781 4.0482 -3.79054
10 3.27912 0.426334 3.92049 -4.36708
10.0312 3.2926 0.436635 3.77573 -4.89707
10.0625 3.3064 0.445911 3.61443 -5.41856
10.0938 3.32041 0.449648 3.4385 -5.80397
10.125 3.33443 0.446797 3.25403 -5.97333
10.1562 3.34821 0.432406 3.0665 -6.00676
10.1875 3.36129 0.401924 2.88048 -5.86464
10.2188 3.37317 0.356298 2.70148 -5.58187
10.25 3.38339 0.294622 2.5315 -5.30229
10.2812 3.39142 0.216929 2.37004 -5.02739
10.3125 3.39679 0.124458 2.21766 -4.72014
10.3438 3.39902 0.0151384 2.07509 -4.40574
10.375 3.39759 -0.108918 1.94219 -4.09976
10.4062 3.39209 -0.245051 1.81887 -3.79517
10.4375 3.38213 -0.394088 1.70461 -3.52585
10.4688 3.36737 -0.551648 1.59811 -3.29533
10.5 3.34763 -0.711804 1.49822 -3.10536
10.5312 3.3229 -0.870161 1.40375 -2.94007
10.5625 3.29331 -1.0228 1.31469 -2.75594
10.5938 3.25906 -1.16777 1.23171 -2.55026
10.625 3.22043 -1.3022 1.15584 -2.29176
10.6562 3.17779 -1.42459 1.08982 -1.90333
10.6875 3.13151 -1.53571 1.03869 -1.35234
10.7188 3.08194 -1.63458 1.00516 -0.809152
10.75 3.02948 -1.72101 0.98715 -0.356119
10.7812 2.97449 -1.79613 0.982016 0.0127051
10.8125 2.91734 -1.85993 0.987498 0.341314
10.8438 2.85835 -1.91398 1.00354 0.679
10.875 2.79781 -1.9588 1.02895 0.930305
10.9062 2.73602 -1.99446 1.061 1.11126
10.9375 2.67323 -2.02329 1.09735 1.19438
10.9688 2.60963 -2.04569 1.13479 1.19733
11 2.54544 -2.0612 1.17205 1.1813
11.0312 2.48088 -2.06932 1.20805 1.11357
11.0625 2.41619 -2.06996 1.24123 1.00708
11.0938 2.35158 -2.06417 1.27128 0.931794
11.125 2.28724 -2.05295 1.30097 0.993032
11.1562 2.22331 -2.03815 1.33438 1.15552
11.1875 2.15988 -2.02097 1.37384 1.3774
11.2188 2.09698 -2.00562 1.4199 1.54028
11.25 2.03447 -1.99519 1.46742 1.4562
11.2812 1.97226 -1.98617 1.50858 1.14624
11.3125 1.9103 -1.98061 1.53719 0.658468
11.3438 1.84839 -1.98244 1.54853 0.0542044
11.375 1.78638 -1.98619 1.5397 -0.636907
11.4062 1.72427 -1.98899 1.5078 -1.41134
11.4375 1.66205 -1.99314 1.45165 -2.17436
11.4688 1.59974 -1.99364 1.37248 -2.8821
11.5 1.53754 -1.98554 1.27234 -3.51239
11.5312 1.47568 -1.97381 1.15377 -4.06065
11.5625 1.41421 -1.95897 1.02021 -4.44721
11.5938 1.35333 -1.93649 0.878641 -4.5732
11.625 1.2932 -1.91143 0.736344 -4.50282
11.6562 1.23385 -1.88714 0.599843 -4.18282
11.6875 1.17529 -1.86018 0.477499 -3.62425
11.7188 1.11759 -1.83261 0.373944 -2.99485
11.75 1.06075 -1.80525 0.291167 -2.2919
11.7812 1.00479 -1.77627 0.230324 -1.62492
11.8125 0.949714 -1.7487 0.188186 -1.08286
11.8438 0.895481 -1.72204 0.162683 -0.54801
11.875 0.842103 -1.69412 0.153292 -0.0737128
11.9062 0.789587 -1.66709 0.156752 0.277841
11.9375 0.737914 -1.63971 0.169697 0.534661
11.9688 0.687125 -1.61058 0.189202 0.701265
12 0.637263 -1.58023 0.212867 0.800417
12.0312 0.588394 -1.54681 0.238105 0.795365
12.0625 0.540612 -1.51093 0.261809 0.719106
12.0938 0.494001 -1.47111 0.283265 0.659737
12.125 0.448745 -1.42418 0.3035 0.646733
12.1562 0.405034 -1.37282 0.324677 0.724578
12.1875 0.362989 -1.31702 0.349234 0.841513
12.2188 0.322791 -1.25467 0.376175 0.85704
12.25 0.284619 -1.18767 0.401097 0.71202
12.2812 0.248606 -1.11633 0.419128 0.416274
12.3125 0.214899 -1.04018 0.425424 -0.0376149
12.3438 0.18363 -0.960595 0.415967 -0.567858
12.375 0.154892 -0.878093 0.390132 -1.08767
12.4062 0.12877 -0.79377 0.347431 -1.65263
12.4375 0.105246 -0.712797 0.287192 -2.18581
12.4688 0.0841547 -0.637864 0.211754 -2.63444
12.5 0.0653384 -0.567167 0.123064 -3.0235
12.5312 0.0486275 -0.504017 0.0245226 -3.256
12.5625 0.0337354 -0.450382 -0.0793693 -3.37962
12.5938 0.020415 -0.403093 -0.184955 -3.33161
12.625 0.00847155 -0.362479 -0.284587 -3.00981
12.6562 -0.00229974 -0.327505 -0.371899 -2.56416
12.6875 -0.0120237 -0.295192 -0.443303 -1.97167
12.7188 -0.0207684 -0.264592 -0.493372 -1.21945
12.75 -0.0285519 -0.23327 -0.519614 -0.470622
12.7812 -0.0353398 -0.201233 -0.523549 0.207887
12.8125 -0.0411284 -0.168862 -0.507042 0.845779
12.8438 -0.045845 -0.132136 -0.47096 1.45275
12.875 -0.0493666 -0.0936045 -0.417268 1.9685
12.9062 -0.051733 -0.0581879 -0.348288 2.44601
12.9375 -0.0529866 -0.0214191 -0.265058 2.85269
12.9688 -0.0530561 0.0165449 -0.172256 3.05646
13 -0.0520067 0.0497703 -0.0749437 3.16518
13.0312 -0.0499712 0.0804038 0.0246149 3.17893
13.0625 -0.0469997 0.109039 0.122029 3.03965
13.0938 -0.0432213 0.131737 0.214431 2.87567
13.125 -0.0388139 0.149786 0.301348 2.67266
13.1562 -0.033898 0.164046 0.380774 2.40941
13.1875 -0.0286134 0.173452 0.452396 2.18263
13.2188 -0.0230866 0.179965 0.516999 1.93364
13.25 -0.0173862 0.184426 0.57133 1.50693
13.2812 -0.0115886 0.186261 0.609175 0.891498
13.3125 -0.00575093 0.187545 0.625978 0.168944
13.3438 0.000157267 0.191034 0.618748 -0.645174
13.375 0.00621016 0.196561 0.5855 -1.47057
13.4062 0.0124567 0.203639 0.528281 -2.16435
13.4375 0.0189826 0.214926 0.451615 -2.72664
13.4688 0.0259367 0.23057 0.358663 -3.20839
13.5 0.0334032 0.247362 0.252205 -3.58458
13.5312 0.0414102 0.265414 0.135777 -3.85161
13.5625 0.0500079 0.284963 0.0125407 -4.01026
13.5938 0.0592271 0.305278 -0.112488 -3.9457
13.625 0.0691069 0.327261 -0.231648 -3.65614
13.6562 0.0796783 0.349048 -0.340021 -3.26144
13.6875 0.0909125 0.370076 -0.433547 -2.68524
13.7188 0.10283 0.392953 -0.505997 -1.93855
13.75 0.115471 0.415789 -0.554555 -1.16743
13.7812 0.128804 0.437563 -0.57857 -0.364789
13.8125 0.14283 0.460228 -0.577794 0.396236
13.8438 0.157556 0.481822 -0.554873 1.06245
13.875 0.172926 0.50173 -0.511445 1.71585
13.9062 0.188911 0.521233 -0.448215 2.31459
13.9375 0.20549 0.539681 -0.367835 2.8144
13.9688 0.222647 0.558571 -0.273369 3.2098
14 0.240405 0.577847 -0.16888 3.4487
14.0312 0.258766 0.597797 -0.0595328 3.52449
14.0625 0.277839 0.624221 0.0499662 3.46274
14.0938 0.29784 0.65621 0.155786 3.29566
14.125 0.318862 0.689661 0.255298 3.06615
14.1562 0.34101 0.729203 0.347109 2.80515
14.1875 0.364502 0.774673 0.430249 2.50891
14.2188 0.389423 0.820208 0.503536 2.17609
14.25 0.415779 0.867002 0.565714 1.78786
14.2812 0.443627 0.915171 0.613826 1.26359
14.3125 0.472946 0.960499 0.643063 0.585425
14.3438 0.503615 1.00163 0.649329 -0.195565
14.375 0.5355 1.0382 0.630781 -0.981242
14.4062 0.568455 1.07023 0.589029 -1.67353
14.4375 0.602343 1.09779 0.527182 -2.26689
14.4688 0.637011 1.12012 0.448804 -2.72371
14.5 0.672317 1.13921 0.358084 -3.07451
14.5312 0.708195 1.15662 0.257023 -3.37979
14.5625 0.74458 1.17169 0.148431 -3.53934
14.5938 0.781424 1.1865 0.0374192 -3.54486
14.625 0.818746 1.20215 -0.0715143 -3.39014
14.6562 0.856561 1.21826 -0.171755 -2.9847
14.6875 0.894931 1.23836 -0.256265 -2.40524
14.7188 0.933999 1.26216 -0.320964 -1.71398
14.75 0.973808 1.2855 -0.361932 -0.887805
14.7812 1.01436 1.31064 -0.375771 0.00239949
14.8125 1.05575 1.33815 -0.362252 0.851815
14.8438 1.09797 1.36326 -0.323055 1.65218
14.875 1.14093 1.38628 -0.25934 2.41434
14.9062 1.18459 1.4074 -0.173256 3.0762
14.9375 1.22884 1.42349 -0.0678328 3.66545
14.9688 1.27352 1.4356 0.0553138 4.19756
15 1.31854 1.44471 0.192664 4.55786
15.0312 1.36377 1.44989 0.338243 4.73448
15.0625 1.40913 1.45286 0.487243 4.78108
15.0938 1.45456 1.45403 0.635799 4.70853
15.125 1.49999 1.45326 0.780778 4.56574
15.1562 1.54539 1.45303 0.921238 4.42609
15.1875 1.59079 1.45214 1.05715 4.26035
15.2188 1.63612 1.44847 1.18664 4.01808
15.25 1.68133 1.44572 1.30811 3.75191
15.2812 1.72651 1.44596 1.42012 3.3872
15.3125 1.77173 1.44873 1.51787 2.84713
15.3438 1.81711 1.4561 1.59744 2.2392
15.375 1.8628 1.46927 1.65707 1.56219
15.4062 1.909 1.48907 1.69495 0.88249
15.4375 1.95592 1.51446 1.71465 0.4208
15.4688 2.00368 1.54251 1.72291 0.115312
15.5 2.05238 1.5746 1.72185 -0.178736
15.5312 2.10212 1.60905 1.71267 -0.389042
15.5625 2.1529 1.64001 1.69848 -0.509739
15.5938 2.2046 1.66843 1.68151 -0.556661
15.625 2.25717 1.69552 1.66543 -0.442166
15.6562 2.31052 1.71849 1.65562 -0.159256
15.6875 2.36454 1.73885 1.65715 0.281335
15.7188 2.41921 1.75991 1.674 0.796404
15.75 2.47456 1.78277 1.70653 1.28163
15.7812 2.53065 1.80777 1.75418 1.76691
15.8125 2.58757 1.83504 1.81612 2.17263
15.8438 2.64537 1.86479 1.88847 2.44016
15.875 2.70414 1.89647 1.96789 2.63416
15.9062 2.7639 1.92844 2.05261 2.78109
15.9375 2.82464 1.95776 2.14136 2.89542
15.9688 2.88619 1.97991 2.23353 3.00328
16 2.94825 1.98947 2.32842 3.04253
16.0312 3.01035 1.98168 2.42131 2.86624
16.0625 3.07188 1.95246 2.5063 2.56511
16.0938 3.13209 1.89615 2.58086 2.18451
16.125 3.19009 1.81133 2.64142 1.67724
16.1562 3.24504 1.70131 2.68545 1.14362
16.1875 3.29619 1.56865 2.71323 0.641662
16.2188 3.3429 1.41907 2.72612 0.191953
16.25 3.38479 1.26069 2.72551 -0.231189
16.2812 3.42168 1.10015 2.71148 -0.667197
16.3125 3.45357 0.941818 2.68469 -1.0174
16.3438 3.48061 0.790227 2.64984 -1.19625
16.375 3.50306 0.647907 2.60977 -1.37487
16.4062 3.52119 0.514157 2.56464 -1.48405
16.4375 3.5353 0.390102 2.51874 -1.43802
16.4688 3.54567 0.275749 2.47521 -1.34127
16.5 3.55266 0.173715 2.43538 -1.20561
16.5312 3.55665 0.0832503 2.39958 -1.09083
16.5625 3.55793 -0.000650979 2.36735 -0.960519
16.5938 3.55672 -0.0742626 2.34076 -0.714909
16.625 3.55336 -0.140761 2.32462 -0.284883
16.6562 3.54795 -0.204926 2.32464 0.303156
16.6875 3.54062 -0.262635 2.34394 0.928178
16.7188 3.53155 -0.317836 2.38181 1.47087
16.75 3.52078 -0.370713 2.43389 1.83292
16.7812 3.50843 -0.420119 2.49555 2.11924
16.8125 3.4945 -0.471078 2.56692 2.44625
16.8438 3.47901 -0.519588 2.64725 2.6689
16.875 3.46204 -0.566862 2.73292 2.81785
16.9062 3.44355 -0.616958 2.82389 3.00629
16.9375 3.42348 -0.667471 2.92029 3.14874
16.9688 3.40178 -0.72319 3.01986 3.20965
17 3.37821 -0.786168 3.1192 3.10438
17.0312 3.35255 -0.858037 3.21079 2.71402
17.0625 3.32444 -0.942968 3.28688 2.13051
17.0938 3.29355 -1.03461 3.34229 1.39279
17.125 3.25972 -1.13223 3.37326 0.587804
17.1562 3.2227 -1.23699 3.37849 -0.276752
17.1875 3.18244 -1.33838 3.35416 -1.29988
17.2188 3.13912 -1.4335 3.29698 -2.35602
17.25 3.09293 -1.5207 3.20689 -3.41368
17.2812 3.04424 -1.59243 3.08383 -4.44591
17.3125 2.99355 -1.6493 2.93075 -5.31648
17.3438 2.94132 -1.69093 2.75408 -5.94279
17.375 2.88804 -1.71659 2.56275 -6.24412
17.4062 2.83415 -1.73119 2.36705 -6.23967
17.4375 2.77993 -1.73717 2.17467 -6.0483
17.4688 2.7256 -1.74 1.99052 -5.71477
17.5 2.67118 -1.74336 1.81852 -5.28524
17.5312 2.61666 -1.74599 1.66052 -4.81713
17.5625 2.56201 -1.75238 1.51867 -4.23517
17.5938 2.5071 -1.76115 1.3972 -3.52525
17.625 2.45198 -1.76647 1.29878 -2.76856
17.6562 2.39672 -1.76984 1.22467 -1.9659
17.6875 2.34143 -1.76656 1.1759 -1.16904
17.7188 2.28643 -1.75148 1.15004 -0.515679
17.75 2.23205 -1.72814 1.1423 0.00944825
17.7812 2.17853 -1.69503 1.1502 0.485224
17.8125 2.12621 -1.6526 1.17149 0.858636
17.8438 2.0753 -1.60451 1.20325 1.17313
17.875 2.026 -1.54918 1.24463 1.4616
17.9062 1.97849 -1.49227 1.2931 1.61266
17.9375 1.93271 -1.43739 1.34393 1.62052
17.9688 1.88867 -1.38132 1.39298 1.49082
18 1.8463 -1.33208 1.43507 1.16878
18.0312 1.80531 -1.29254 1.46424 0.677199
18.0625 1.76548 -1.25737 1.47645 0.0911253
18.0938 1.72662 -1.23178 1.46894 -0.588271
18.125 1.68839 -1.21638 1.43911 -1.32014
18.1562 1.65053 -1.20763 1.38675 -2.03011
18.1875 1.61281 -1.20829 1.31163 -2.7938
18.2188 1.57494 -1.21623 1.2113 -3.63216
18.25 1.53672 -1.23116 1.08489 -4.44836
18.2812 1.49793 -1.25174 0.933835 -5.21257
18.3125 1.45851 -1.27027 0.759701 -5.91182
18.3438 1.41855 -1.28791 0.566794 -6.37914
18.375 1.37803 -1.30437 0.364434 -6.52701
18.4062 1.3371 -1.31409 0.161179 -6.44145
18.4375 1.29595 -1.31867 -0.0350282 -6.06272
18.4688 1.25473 -1.31824 -0.215265 -5.44897
18.5 1.21361 -1.31336 -0.374342 -4.70693
18.5312 1.17266 -1.30667 -0.507844 -3.821
18.5625 1.13198 -1.29617 -0.612873 -2.89691
18.5938 1.09167 -1.28393 -0.687771 -1.86837
18.625 1.05173 -1.27215 -0.728625 -0.752328
18.6562 1.01219 -1.2583 -0.736109 0.250416
18.6875 0.973077 -1.24523 -0.714028 1.14615
18.7188 0.934336 -1.23422 -0.666073 1.89058
18.75 0.895943 -1.22307 -0.597622 2.47087
18.7812 0.857867 -1.21442 -0.512576 2.95661
18.8125 0.820011 -1.20866 -0.413927 3.33974
18.8438 0.782308 -1.2047 -0.30477 3.63364
18.875 0.744699 -1.2023 -0.18739 3.87545
18.9062 0.707181 -1.19835 -0.062514 4.11474
18.9375 0.669831 -1.19149 0.068941 4.27338
18.9688 0.632769 -1.1793 0.202837 4.27075
19 0.596196 -1.1606 0.334351 4.11847
19.0312 0.560265 -1.13832 0.458203 3.77415
19.0625 0.525124 -1.10921 0.568318 3.24514
19.0938 0.490999 -1.07468 0.659343 2.55692
19.125 0.457933 -1.04177 0.727143 1.77266
19.1562 0.425915 -1.00669 0.769313 0.905521
19.1875 0.395025 -0.971012 0.782448 -0.0756955
19.2188 0.365154 -0.941718 0.764673 -1.05797
19.25 0.336136 -0.915793 0.715857 -2.08222
19.2812 0.307871 -0.894276 0.634287 -3.1189
19.3125 0.28018 -0.878509 0.523209 -3.95129
19.3438 0.252948 -0.864612 0.389125 -4.60614
19.375 0.226113 -0.853168 0.237527 -5.04522
19.4062 0.199642 -0.840224 0.0774004 -5.14808
19.4375 0.173636 -0.824185 -0.0813678 -4.97486
19.4688 0.148104 -0.810048 -0.231404 -4.59665
19.5 0.123041 -0.792925 -0.366857 -4.04497
19.5312 0.0986008 -0.770943 -0.482774 -3.35898
19.5625 0.0748557 -0.748607 -0.576406 -2.629
19.5938 0.0518513 -0.722774 -0.646203 -1.8146
19.625 0.0297304 -0.692345 -0.688748 -0.908445
19.6562 0.0086292 -0.657013 -0.703909 -0.0783018
19.6875 -0.0112571 -0.614724 -0.694008 0.710683
19.7188 -0.029753 -0.568543 -0.660475 1.40065
19.75 -0.0467456 -0.518007 -0.608835 1.87874
19.7812 -0.0620793 -0.463052 -0.543558 2.29871
19.8125 -0.0756934 -0.408445 -0.465544 2.68347
19.8438 -0.0876016 -0.353399 -0.376108 3.04627
19.875 -0.0977805 -0.298521 -0.274604 3.45417
19.9062 -0.106306 -0.247788 -0.160451 3.84272
19.9375 -0.113291 -0.199464 -0.0351934 4.15685
19.9688 -0.1188 -0.153893 0.0979543 4.33904
20 -0.122951 -0.112111 0.234316 4.35739
20.0312 -0.125818 -0.0717141 0.367894 4.14833
20.0625 -0.127493 -0.0369138 0.491221 3.71602
20.0938 -0.128194 -0.00851034 0.598525 3.12068
20.125 -0.128048 0.0171993 0.684089 2.32588
20.1562 -0.127192 0.0363523 0.74299 1.44077
20.1875 -0.125813 0.0520666 0.773844 0.523888
20.2188 -0.123921 0.0689123 0.775244 -0.434006
20.25 -0.121528 0.0842208 0.747069 -1.365
20.2812 -0.118608 0.103961 0.689997 -2.28366
20.3125 -0.114969 0.12923 0.605192 -3.1225
20.3438 -0.110537 0.154563 0.496366 -3.8121
20.375 -0.105256 0.184619 0.369747 -4.2329
20.4062 -0.0989561 0.218549 0.235227 -4.3379
20.4375 -0.0916124 0.251326 0.100236 -4.27392
20.4688 -0.0832418 0.284451 -0.0293362 -3.97309
20.5 -0.0738533 0.315813 -0.146245 -3.49897
20.5312 -0.0635414 0.343589 -0.247519 -2.96491
20.5625 -0.0524248 0.366853 -0.330211 -2.31629
20.5938 -0.0406757 0.384498 -0.392619 -1.6871
20.625 -0.0283917 0.402038 -0.435202 -1.01506
20.6562 -0.0155472 0.419541 -0.454976 -0.25229
20.6875 -0.00219616 0.435127 -0.452097 0.414871
20.7188 0.0117136 0.456596 -0.42993 0.99459
20.75 0.0264163 0.485134 -0.39073 1.4967
20.7812 0.0420819 0.518597 -0.33755 1.88887
20.8125 0.0589199 0.560449 -0.273696 2.18575
20.8438 0.0771738 0.608601 -0.200996 2.47872
20.875 0.0970277 0.663619 -0.117863 2.84887
20.9062 0.118748 0.727645 -0.023363 3.18353
20.9375 0.142553 0.796586 0.0802921 3.44263
20.9688 0.168608 0.872503 0.191236 3.64065
21 0.197159 0.955357 0.306044 3.67029
21.0312 0.228331 1.03983 0.418319 3.48179
21.0625 0.262178 1.12692 0.521712 3.10304
21.0938 0.298765 1.21398 0.610064 2.51854
21.125 0.337987 1.29503 0.678005 1.83177
21.1562 0.379626 1.36848 0.725318 1.20426
21.1875 0.42342 1.43271 0.752771 0.535207
21.2188 0.469073 1.48769 0.758333 -0.169143
21.25 0.516317 1.53458 0.743144 -0.796469
21.2812 0.564898 1.57336 0.708248 -1.44111
21.3125 0.614598 1.60689 0.653883 -2.00991
21.3438 0.665296 1.63715 0.584291 -2.42702
21.375 0.716882 1.66397 0.503163 -2.73883
21.4062 0.769284 1.68974 0.415775 -2.80381
21.4375 0.82249 1.71541 0.330531 -2.6222
21.4688 0.87651 1.74249 0.253376 -2.2926
21.5 0.93145 1.77449 0.188668 -1.82888
21.5312 0.987455 1.81034 0.140078 -1.26662
21.5625 1.04464 1.85065 0.11035 -0.624642
21.5938 1.10319 1.89734 0.101566 0.0700654
21.625 1.16326 1.94771 0.115271 0.814227
21.6562 1.22497 2.00244 0.152385 1.55068
21.6875 1.28846 2.06126 0.211467 2.22437
21.7188 1.3538 2.12038 0.291186 2.86638
21.75 1.42098 2.17943 0.388692 3.3268
21.7812 1.48996 2.23347 0.496315 3.53022
21.8125 1.56046 2.27643 0.608222 3.61691
21.8438 1.63213 2.30841 0.720928 3.56709
21.875 1.70458 2.32557 0.829631 3.37381
21.9062 1.77727 2.32355 0.930913 3.08878
21.9375 1.84963 2.3052 1.02096 2.64401
21.9688 1.92121 2.2742 1.09465 2.05619
22 1.99166 2.2327 1.14875 1.39603
22.0312 2.06067 2.18282 1.18144 0.693495
22.0625 2.12802 2.12696 1.19222 0.00298039
22.0938 2.19358 2.06856 1.18238 -0.613564
22.125 2.25727 2.00707 1.15553 -1.07393
22.1562 2.31898 1.94165 1.117 -1.37048
22.1875 2.37863 1.87589 1.07088 -1.56813
22.2188 2.4362 1.80796 1.0199 -1.67618
22.25 2.4916 1.7381 0.967634 -1.64022
22.2812 2.54486 1.67093 0.918933 -1.46321
22.3125 2.59604 1.60424 0.876255 -1.27092
22.3438 2.64514 1.5385 0.840013 -1.02761
22.375 2.69222 1.47514 0.813331 -0.668814
22.4062 2.73733 1.41227 0.7985 -0.270902
22.4375 2.78054 1.35377 0.797795 0.25212
22.4688 2.82202 1.30256 0.814889 0.83119
22.5 2.862 1.25713 0.848546 1.30601
22.5312 2.90069 1.22087 0.895825 1.7117
22.5625 2.93843 1.19606 0.955246 2.09381
22.5938 2.97549 1.1764 1.02715 2.51383
22.625 3.012 1.16107 1.11243 2.94453
22.6562 3.0481 1.14867 1.21123 3.37374
22.6875 3.08374 1.13139 1.3224 3.72512
22.7188 3.11877 1.11002 1.44379 4.05006
22.75 3.15302 1.07956 1.57553 4.37085
22.7812 3.18608 1.03408 1.71633 4.63843
22.8125 3.21752 0.975247 1.86555 4.91088
22.8438 3.24682 0.896574 2.02346 5.21017
22.875 3.27336 0.799286 2.19252 5.62403
22.9062 3.29663 0.687403 2.37496 6.04483
22.9375 3.31614 0.559226 2.56954 6.37986
22.9688 3.33149 0.422089 2.77045 6.41593
23 3.34247 0.280019 2.96772 6.18333
23.0312 3.34896 0.135346 3.15484 5.74236
23.0625 3.35103 -0.000116672 3.32369 5.03907
23.0938 3.34911 -0.120502 3.46925 4.26585
23.125 3.34369 -0.222408 3.58903 3.38598
23.1562 3.33551 -0.295358 3.68153 2.56082
23.1875 3.32555 -0.338088 3.75035 1.85367
23.2188 3.31465 -0.354952 3.79817 1.227
23.25 3.30359 -0.350311 3.82829 0.715098
23.2812 3.29287 -0.335012 3.84361 0.279358
23.3125 3.28269 -0.315823 3.84661 -0.077737
23.3438 3.27311 -0.298859 3.83939 -0.366666
23.375 3.2639 -0.29262 3.82509 -0.53116
23.4062 3.25472 -0.295505 3.80653 -0.658344
23.4375 3.24537 -0.304444 3.78406 -0.772509
23.4688 3.23563 -0.319087 3.75865 -0.850956
23.5 3.22542 -0.333948 3.73079 -0.940012
23.5312 3.2148 -0.345196 3.69882 -1.13077
23.5625 3.2039 -0.351284 3.65894 -1.42363
23.5938 3.19291 -0.351284 3.61082 -1.63496
23.625 3.182 -0.345583 3.55719 -1.80731
23.6562 3.17139 -0.331974 3.49688 -2.06405
23.6875 3.1613 -0.313854 3.42808 -2.33603
23.7188 3.15177 -0.296433 3.35066 -2.63199
23.75 3.14276 -0.280416 3.26243 -3.03064
23.7812 3.13416 -0.272365 3.1613 -3.42015
23.8125 3.12561 -0.276628 3.05053 -3.6455
23.8438 3.11673 -0.294076 2.93378 -3.83486
23.875 3.10706 -0.32757 2.81051 -4.05434
23.9062 3.09614 -0.373281 2.67989 -4.33005
23.9375 3.08361 -0.430871 2.53791 -4.77911
23.9688 3.06906 -0.501807 2.38107 -5.2479
24 3.05217 -0.580449 2.21015 -5.69773
24.0312 3.03269 -0.668149 2.02451 -6.18383
24.0625 3.01032 -0.764081 1.82409 -6.63117
24.0938 2.98491 -0.862535 1.61093 -6.99644
24.125 2.95635 -0.966394 1.38764 -7.28262
24.1562 2.92448 -1.07318 1.15682 -7.46052
24.1875 2.88929 -1.17946 0.923938 -7.39897
24.2188 2.85075 -1.28733 0.696861 -7.09773
24.25 2.80887 -1.3919 0.483027 -6.53536
24.2812 2.76382 -1.48978 0.291599 -5.67534
24.3125 2.71582 -1.58097 0.130224 -4.62142
24.3438 2.6651 -1.66345 0.00564089 -3.29378
24.375 2.61197 -1.73485 -0.0726902 -1.69914
24.4062 2.55679 -1.79559 -0.101038 -0.137158
24.4375 2.49983 -1.84821 -0.0824934 1.3042
24.4688 2.44137 -1.89224 -0.0217545 2.52725
24.5 2.38163 -1.92991 0.0715288 3.38506
24.5312 2.32082 -1.95991 0.186609 3.92737
24.5625 2.25927 -1.97811 0.313386 4.13204
24.5938 2.19726 -1.98884 0.442403 4.09838
24.625 2.13508 -1.98848 0.567946 3.91042
24.6562 2.07316 -1.97208 0.685727 3.62282
24.6875 2.01192 -1.94599 0.794232 3.31198
24.7188 1.95163 -1.91127 0.891755 2.91806
24.75 1.89253 -1.87079 0.976601 2.51724
24.7812 1.83469 -1.83109 1.04918 2.13026
24.8125 1.77806 -1.79425 1.11075 1.8409
24.8438 1.72246 -1.76577 1.16602 1.70852
24.875 1.66761 -1.74548 1.21706 1.53898
24.9062 1.6133 -1.73225 1.26089 1.24108
24.9375 1.55921 -1.73126 1.29242 0.733929
24.9688 1.50501 -1.73822 1.30441 0.00637227
25 1.45052 -1.75009 1.29174 -0.82904
25.0312 1.39555 -1.76913 1.25184 -1.73796
25.0625 1.33993 -1.79012 1.18213 -2.74026
25.0938 1.2837 -1.80806 1.07972 -3.82055
25.125 1.22699 -1.82015 0.94355 -4.88066
25.1562 1.17002 -1.82471 0.776393 -5.77388
25.1875 1.11303 -1.82113 0.586295 -6.3279
25.2188 1.0563 -1.80793 0.38455 -6.53321
25.25 1.00011 -1.78736 0.181295 -6.41147
25.2812 0.944646 -1.76153 -0.0117907 -5.88184
25.3125 0.890081 -1.72979 -0.183411 -5.0684
25.3438 0.836564 -1.69513 -0.326248 -4.02684
25.375 0.784142 -1.65965 -0.432237 -2.7235
25.4062 0.732854 -1.62262 -0.495626 -1.33518
25.4375 0.682716 -1.58662 -0.516304 -0.00582586
25.4688 0.63367 -1.5525 -0.497654 1.16616
25.5 0.585683 -1.51877 -0.44556 2.1322
25.5312 0.538727 -1.48681 -0.367108 2.83683
25.5625 0.492741 -1.45635 -0.271249 3.26514
25.5938 0.447714 -1.42506 -0.164235 3.56519
25.625 0.403707 -1.3907 -0.0504173 3.68055
25.6562 0.360831 -1.35308 0.0643865 3.66593
25.6875 0.319146 -1.31468 0.178743 3.63641
25.7188 0.278684 -1.27432 0.28959 3.42804
25.75 0.239529 -1.23142 0.392759 3.19034
25.7812 0.201712 -1.1891 0.48938 2.98155
25.8125 0.1652 -1.14782 0.578366 2.71931
25.8438 0.129967 -1.10707 0.660677 2.56645
25.875 0.0960268 -1.06448 0.738406 2.38343
25.9062 0.0634809 -1.01786 0.807942 2.03876
25.9375 0.0324375 -0.968465 0.863276 1.44711
25.9688 0.00299707 -0.914754 0.895228 0.567322
26 -0.0246808 -0.85615 0.897783 -0.422161
26.0312 -0.0505123 -0.797371 0.866661 -1.60896
26.0625 -0.074532 -0.739987 0.796167 -2.8935
26.0938 -0.09677 -0.683637 0.686745 -4.10268
26.125 -0.117305 -0.631497 0.53994 -5.28056
26.1562 -0.136283 -0.583557 0.358542 -6.28816
26.1875 -0.153806 -0.538519 0.149812 -7.01508
26.2188 -0.169979 -0.496957 -0.075483 -7.32358
26.25 -0.184878 -0.456773 -0.303364 -7.20052
26.2812 -0.198559 -0.419554 -0.521946 -6.7261
26.3125 -0.211122 -0.38409 -0.719539 -5.85608
26.3438 -0.222511 -0.344014 -0.884666 -4.66962
26.375 -0.232601 -0.301665 -1.00922 -3.27633
26.4062 -0.241331 -0.255736 -1.08842 -1.7822
26.4375 -0.248483 -0.200506 -1.12015 -0.247284
26.4688 -0.253793 -0.138427 -1.10479 1.19897
26.5 -0.257065 -0.0696454 -1.04756 2.42628
26.5312 -0.258068 0.00649375 -0.955707 3.40357
26.5625 -0.256609 0.0875605 -0.83793 4.09529
26.5938 -0.252559 0.17195 -0.701172 4.63937
26.625 -0.245865 0.256162 -0.550005 4.98894
26.6562 -0.236575 0.337879 -0.391742 5.12194
26.6875 -0.224791 0.415325 -0.230323 5.19759
26.7188 -0.210696 0.485277 -0.0681608 5.16267
26.75 -0.194561 0.545615 0.091965 5.08205
26.7812 -0.176722 0.593833 0.248233 4.88503
26.8125 -0.157574 0.62992 0.39591 4.56955
26.8438 -0.137441 0.657366 0.534609 4.30512
26.875 -0.116571 0.676899 0.663229 3.88801
26.9062 -0.0952074 0.689654 0.776056 3.31915
26.9375 -0.0734838 0.700755 0.868949 2.57485
26.9688 -0.0513967 0.713062 0.933329 1.49889
27 -0.0289013 0.726895 0.960961 0.252787
27.0312 -0.00595763 0.741468 0.947974 -1.10021
27.0625 0.0174356 0.755731 0.892122 -2.45861
27.0938 0.0412892 0.771165 0.795722 -3.68806
27.125 0.0656351 0.786723 0.663061 -4.77678
27.1562 0.0904454 0.801219 0.498832 -5.70744
27.1875 0.115743 0.818585 0.308487 -6.42296
27.2188 0.141644 0.839402 0.101891 -6.71734
27.25 0.168221 0.861854 -0.106723 -6.56974
27.2812 0.19554 0.887098 -0.304571 -6.01845
27.3125 0.223684 0.914214 -0.478468 -5.05831
27.3438 0.252679 0.941411 -0.618945 -3.91853
27.375 0.28252 0.968326 -0.722355 -2.67836
27.4062 0.313192 0.994687 -0.785239 -1.33733
27.4375 0.344694 1.02161 -0.80586 0.0126145
27.4688 0.377048 1.04896 -0.785471 1.26076
27.5 0.410246 1.07563 -0.72961 2.27431
27.5312 0.444277 1.10246 -0.645438 3.07781
27.5625 0.479153 1.12959 -0.540172 3.60495
27.5938 0.514876 1.15662 -0.422722 3.89122
27.625 0.551432 1.18275 -0.297742 4.088
27.6562 0.588787 1.20806 -0.169108 4.11669
27.6875 0.626954 1.23486 -0.0411528 4.07152
27.7188 0.665964 1.26149 0.0847081 3.96047
27.75 0.705786 1.28727 0.205275 3.75563
27.7812 0.746442 1.31496 0.31996 3.58391
27.8125 0.787956 1.34127 0.428218 3.32438
27.8438 0.830223 1.3631 0.527476 3.03664
27.875 0.873105 1.38049 0.617966 2.73803
27.9062 0.916436 1.3915 0.697502 2.34626
27.9375 0.960004 1.3958 0.764481 1.92426
27.9688 1.00359 1.3925 0.81525 1.27413
28 1.04693 1.37967 0.841895 0.414045
28.0312 1.08974 1.35919 0.840233 -0.539294
28.0625 1.13183 1.33376 0.807321 -1.56573
28.0938 1.17305 1.30323 0.743239 -2.52079
28.125 1.21326 1.27031 0.650401 -3.40619
28.1562 1.25249 1.24121 0.532342 -4.10477
28.1875 1.29092 1.21997 0.396384 -4.56422
28.2188 1.32886 1.21099 0.249491 -4.78064
28.25 1.36674 1.21515 0.101997 -4.58799
28.2812 1.40495 1.23259 -0.0335593 -4.0367
28.3125 1.44394 1.26556 -0.147063 -3.17577
28.3438 1.48413 1.30729 -0.229458 -2.07166
28.375 1.5257 1.35421 -0.275827 -0.896114
28.4062 1.56884 1.40768 -0.286063 0.224324
28.4375 1.61367 1.46096 -0.262804 1.25337
28.4688 1.66014 1.51297 -0.208312 2.21907
28.5 1.70823 1.56407 -0.125763 3.029
28.5312 1.75783 1.60918 -0.0213064 3.61923
28.5625 1.80875 1.64894 0.09816 3.99306
28.5938 1.8608 1.67997 0.22663 4.21017
28.625 1.91361 1.69784 0.360258 4.32612
28.6562 1.96681 1.70518 0.496367 4.38356
28.6875 2.02004 1.6995 0.63441 4.45033
28.7188 2.07287 1.67938 0.774021 4.47689
28.75 2.12489 1.64835 0.91439 4.51782
28.7812 2.17579 1.60746 1.05657 4.56927
28.8125 2.22527 1.55775 1.19884 4.52818
28.8438 2.27308 1.50169 1.34042 4.55578
28.875 2.31908 1.44177 1.48379 4.59723
28.9062 2.36317 1.37947 1.62581 4.47182
28.9375 2.40532 1.31852 1.7631 4.31401
28.9688 2.44562 1.26142 1.89413 4.0309
29 2.48421 1.20973 2.01241 3.50753
29.0312 2.52133 1.16785 2.11188 2.83617
29.0625 2.55727 1.13267 2.18856 2.06617
29.0938 2.59217 1.10244 2.24166 1.34972
29.125 2.62628 1.08196 2.27368 0.708691
29.1562 2.65986 1.06812 2.28696 0.162969
29.1875 2.69308 1.0586 2.28487 -0.288371
29.2188 2.7261 1.0559 2.2701 -0.614177
29.25 2.75914 1.05968 2.2504 -0.582644
29.2812 2.7924 1.07007 2.23654 -0.272148
29.3125 2.82607 1.08553 2.23568 0.261669
29.3438 2.86029 1.10571 2.2552 1.00569
29.375 2.89525 1.13307 2.29862 1.76793
29.4062 2.93116 1.16578 2.36562 2.5212
29.4375 2.96817 1.20403 2.45609 3.26441
29.4688 3.00647 1.2475 2.56931 3.97583
29.5 3.04613 1.29028 2.70377 4.60536
29.5312 3.08708 1.32952 2.85482 5.01489
29.5625 3.12912 1.35806 3.01433 5.15346
29.5938 3.17174 1.36576 3.17465 5.0712
29.625 3.21424 1.3506 3.32896 4.77089
29.6562 3.25589 1.31063 3.47125 4.31456
29.6875 3.2959 1.24667 3.59672 3.67268
29.7188 3.33362 1.16506 3.69816 2.79218
29.75 3.3686 1.07211 3.77072 1.85064
29.7812 3.4006 0.976176 3.81333 0.863964
29.8125 3.42961 0.880545 3.82474 -0.11291
29.8438 3.45567 0.788419 3.80801 -0.939244
29.875 3.47898 0.704286 3.76627 -1.73182
29.9062 3.49972 0.623666 3.70039 -2.47164
29.9375 3.51797 0.544081 3.61159 -3.23422
29.9688 3.53371 0.462419 3.49682 -4.12249
30 3.54677 0.371947 3.35349 -5.06312
30.0312 3.55684 0.270215 3.17978 -6.04426
30.0625 3.56349 0.152834 2.97769 -6.85349
30.0938 3.56624 0.0210738 2.75306 -7.49715
30.125 3.56471 -0.120814 2.51188 -7.87901
30.1562 3.55862 -0.26952 2.26401 -7.93839
30.1875 3.54788 -0.416824 2.01923 -7.65418
30.2188 3.5326 -0.560029 1.7904 -6.92472
30.25 3.51298 -0.693452 1.59029 -5.81287
30.2812 3.48939 -0.814735 1.43174 -4.27098
30.3125 3.46219 -0.923787 1.32545 -2.52599
30.3438 3.43185 -1.01457 1.27331 -0.82993
30.375 3.39893 -1.08998 1.27207 0.725328
30.4062 3.36389 -1.14997 1.31719 2.13952
30.4375 3.32721 -1.19576 1.40415 3.39802
30.4688 3.28926 -1.2308 1.52773 4.47319
30.5 3.2504 -1.25517 1.68009 5.20189
30.5312 3.21084 -1.27721 1.84812 5.48419
30.5625 3.17056 -1.3002 2.01887 5.38277
30.5938 3.12957 -1.32421 2.18166 5.01356
30.625 3.08774 -1.35408 2.33184 4.59079
30.6562 3.04485 -1.39211 2.46712 4.03261
30.6875 3.00063 -1.43935 2.58176 3.27209
30.7188 2.95481 -1.4946 2.66924 2.28241
30.75 2.90713 -1.55803 2.72241 1.11387
30.7812 2.85736 -1.6281 2.73997 0.0377988
30.8125 2.80537 -1.69918 2.72569 -0.953457
30.8438 2.7512 -1.7666 2.68026 -1.9432
30.875 2.69506 -1.82445 2.60572 -2.80113
30.9062 2.63729 -1.8713 2.50622 -3.55898
30.9375 2.57821 -1.90791 2.38389 -4.25784
30.9688 2.51814 -1.93534 2.24069 -4.90235
31 2.45728 -1.95957 2.07787 -5.50555
31.0312 2.39567 -1.98378 1.89759 -6.01906
31.0625 2.33329 -2.00879 1.70232 -6.46336
31.0938 2.2701 -2.03546 1.4952 -6.76098
31.125 2.20608 -2.06162 1.28147 -6.89432
31.1562 2.14127 -2.08531 1.06628 -6.83267
31.1875 2.07578 -2.10511 0.857702 -6.46638
31.2188 2.00978 -2.11742 0.664869 -5.8304
31.25 1.94355 -2.11993 0.496662 -4.87578
31.2812 1.87738 -2.11344 0.363046 -3.65153
31.3125 1.81157 -2.09627 0.268585 -2.40453
31.3438 1.74651 -2.06541 0.212112 -1.21659
31.375 1.68261 -2.02226 0.192241 -0.0609253
31.4062 1.62022 -1.96898 0.207761 1.04314
31.4375 1.55966 -1.90538 0.256716 2.07816
31.4688 1.50121 -1.83436 0.336622 3.00983
31.5 1.44503 -1.76072 0.442348 3.70629
31.5312 1.39118 -1.68582 0.565111 4.10536
31.5625 1.33966 -1.61192 0.696362 4.25306
31.5938 1.29039 -1.54209 0.828241 4.14864
31.625 1.24322 -1.4785 0.954084 3.89303
31.6562 1.19789 -1.42386 1.07083 3.55875
31.6875 1.15414 -1.37713 1.17459 3.04592
31.7188 1.11173 -1.33909 1.25911 2.33399
31.75 1.07032 -1.31348 1.319 1.48481
31.7812 1.02954 -1.29698 1.35188 0.631302
31.8125 0.989203 -1.28572 1.35912 -0.167744
31.8438 0.949146 -1.27825 1.3408 -1.01555
31.875 0.909314 -1.27071 1.29551 -1.88156
31.9062 0.869743 -1.26145 1.22262 -2.80545
31.9375 0.830526 -1.24711 1.11895 -3.83164
31.9688 0.791882 -1.22518 0.984247 -4.76515
32 0.753977 -1.20057 0.821957 -5.61562
32.0312 0.716889 -1.17175 0.63454 -6.33439
32.0625 0.680828 -1.13515 0.429612 -6.73028
32.0938 0.645972 -1.09534 0.216029 -6.91075
32.125 0.61241 -1.05163 0.000406166 -6.82917
32.1562 0.580298 -1.00316 -0.207197 -6.41385
32.1875 0.549714 -0.954253 -0.39818 -5.7646
32.2188 0.520664 -0.904874 -0.563734 -4.76759
32.25 0.493132 -0.858162 -0.693504 -3.5196
32.2812 0.46697 -0.816763 -0.783001 -2.19115
32.3125 0.442063 -0.777755 -0.82932 -0.769609
32.3438 0.418295 -0.744876 -0.832546 0.521307
32.375 0.395434 -0.718879 -0.799103 1.59326
32.4062 0.373348 -0.694971 -0.734266 2.53248
32.4375 0.35195 -0.675445 -0.642406 3.32817
32.4688 0.331103 -0.658705 -0.526675 4.07564
32.5 0.310789 -0.641521 -0.388728 4.71727
32.5312 0.290976 -0.626952 -0.234747 5.08974
32.5625 0.271616 -0.611381 -0.0732963 5.20415
32.5938 0.252805 -0.592295 0.0882872 5.10783
32.625 0.2346 -0.572587 0.244705 4.89042
32.6562 0.217066 -0.548543 0.393105 4.58924
32.6875 0.200361 -0.520364 0.530251 4.16886
32.7188 0.18454 -0.492133 0.652596 3.643
32.75 0.169613 -0.463165 0.756409 2.97084
32.7812 0.15557 -0.436353 0.83649 2.13346
32.8125 0.142286 -0.41476 0.889156 1.23653
32.8438 0.12957 -0.400697 0.913798 0.337294
32.875 0.117139 -0.396157 0.909713 -0.609663
32.9062 0.104767 -0.396066 0.875071 -1.61725
32.9375 0.0923346 -0.400931 0.807744 -2.71087
32.9688 0.079626 -0.413125 0.704735 -3.88077
33 0.0665219 -0.424999 0.566701 -4.91181
33.0312 0.053078 -0.43557 0.400364 -5.69893
33.0625 0.0392988 -0.445744 0.212607 -6.27579
33.0938 0.0252833 -0.450152 0.0115415 -6.5318
33.125 0.011216 -0.449379 -0.192241 -6.46325
33.1562 -0.00272144 -0.440692 -0.389291 -6.08964
33.1875 -0.016203 -0.420594 -0.569032 -5.35974
33.2188 -0.0289502 -0.394484 -0.721719 -4.37956
33.25 -0.0407835 -0.361167 -0.840639 -3.19639
33.2812 -0.0514227 -0.318618 -0.91981 -1.85668
33.3125 -0.0606582 -0.271976 -0.956512 -0.496851
33.3438 -0.0683739 -0.220841 -0.951671 0.781052
33.375 -0.0744079 -0.164752 -0.910057 1.84069
33.4062 -0.0786385 -0.105357 -0.838638 2.7082
33.4375 -0.0809473 -0.0418822 -0.742213 3.43313
33.4688 -0.0812499 0.0223615 -0.625986 3.98475
33.5 -0.0795472 0.0869545 -0.493489 4.49654
33.5312 -0.0757993 0.15267 -0.345619 4.93913
33.5625 -0.0700601 0.213439 -0.1871 5.16901
33.5938 -0.062523 0.268114 -0.0246873 5.19112
33.625 -0.0533685 0.316266 0.135193 5.01264
33.6562 -0.0428673 0.354154 0.28766 4.7414
33.6875 -0.0313123 0.384333 0.431214 4.43291
33.7188 -0.0189254 0.406862 0.563405 4.00265
33.75 -0.0059746 0.420967 0.679726 3.41135
33.7812 0.00735016 0.431448 0.77442 2.61402
33.8125 0.0209607 0.439126 0.841451 1.65961
33.8438 0.0347882 0.446235 0.877445 0.634521
33.875 0.0488923 0.457096 0.88073 -0.423322
33.9062 0.063394 0.471732 0.851458 -1.44187
33.9375 0.0784429 0.492765 0.790594 -2.46316
33.9688 0.0942757 0.521727 0.696829 -3.54187
34 0.111122 0.557645 0.569852 -4.56011
34.0312 0.129198 0.599992 0.414102 -5.36135
34.0625 0.148633 0.64353 0.238166 -5.83855
34.0938 0.169403 0.685704 0.0529756 -5.95627
34.125 0.191484 0.727121 -0.130888 -5.76439
34.1562 0.214791 0.76327 -0.304406 -5.29272
34.1875 0.239115 0.792507 -0.458705 -4.53889
34.2188 0.264285 0.817945 -0.585789 -3.56234
34.25 0.290211 0.840919 -0.679353 -2.39474
34.2812 0.316814 0.861115 -0.734087 -1.10066
34.3125 0.343993 0.877881 -0.748434 0.172957
34.3438 0.37167 0.893593 -0.723741 1.39871
34.375 0.399855 0.910258 -0.662342 2.49398
34.4062 0.428559 0.926927 -0.570549 3.34207
34.4375 0.457823 0.946855 -0.455257 4.01343
34.4688 0.48779 0.971704 -0.321234 4.54023
34.5 0.518597 1.00099 -0.172417 4.98013
34.5312 0.550447 1.03896 -0.0101611 5.3928
34.5625 0.583591 1.08255 0.163167 5.67043
34.5938 0.618124 1.12839 0.342501 5.78041
34.625 0.654194 1.18114 0.522477 5.7011
34.6562 0.691948 1.23425 0.696709 5.4258
34.6875 0.731274 1.28216 0.860676 5.05634
34.7188 0.772087 1.32981 1.01181 4.60069
34.75 0.814334 1.37262 1.14757 4.07996
34.7812 0.857799 1.40836 1.26558 3.43496
34.8125 0.902315 1.43959 1.35934 2.52615
34.8438 0.947672 1.46157 1.42237 1.51011
34.875 0.99359 1.47649 1.45406 0.516607
34.9062 1.0399 1.48566 1.45423 -0.509108
34.9375 1.08635 1.4868 1.42268 -1.49673
34.9688 1.13282 1.4871 1.36132 -2.42631
35 1.1793 1.48729 1.27136 -3.3185
35.0312 1.22578 1.48911 1.15536 -4.07382
35.0625 1.27249 1.50164 1.01901 -4.6089
35.0938 1.31971 1.52174 0.870829 -4.80584
35.125 1.36768 1.55046 0.723122 -4.58319
35.1562 1.41677 1.59326 0.587451 -4.06315
35.1875 1.46734 1.64442 0.471268 -3.33785
35.2188 1.51965 1.70605 0.381029 -2.4047
35.25 1.57411 1.78049 0.322822 -1.29285
35.2812 1.63099 1.86084 0.301742 -0.0400154
35.3125 1.69049 1.94854 0.320504 1.2321
35.3438 1.75284 2.0423 0.37803 2.43914
35.375 1.8181 2.13354 0.472084 3.55653
35.4062 1.88613 2.21877 0.598056 4.46276
35.4375 1.95667 2.29359 0.748499 5.12921
35.4688 2.02933 2.35418 0.916208 5.55999
35.5 2.10364 2.39864 1.09328 5.73799
35.5312 2.17903 2.42249 1.27348 5.77897
35.5625 2.25483 2.42594 1.45275 5.64847
35.5938 2.33045 2.41036 1.62301 5.19525
35.625 2.40527 2.37466 1.77515 4.5166
35.6562 2.47868 2.32136 1.90357 3.67012
35.6875 2.55019 2.25305 2.00309 2.69905
35.7188 2.61939 2.17423 2.07369 1.84984
35.75 2.68602 2.08877 2.11995 1.12211
35.7812 2.74986 1.99623 2.14504 0.514348
35.8125 2.81074 1.90011 2.15356 0.0349922
35.8438 2.86859 1.80083 2.14672 -0.47631
35.875 2.92321 1.69383 2.12466 -0.912177
35.9062 2.97439 1.58048 2.0906 -1.26521
35.9375 3.02195 1.46287 2.04544 -1.62934
35.9688 3.06579 1.34334 1.988 -2.0697
36 3.10597 1.22908 1.91468 -2.633
36.0312 3.14268 1.1216 1.8241 -3.13683
36.0625 3.17617 1.0239 1.72084 -3.43015
36.0938 3.20684 0.942096 1.6126 -3.4479
36.125 3.23518 0.872943 1.50824 -3.19213
36.1562 3.26154 0.816534 1.41493 -2.76049
36.1875 3.28635 0.773481 1.3364 -2.25886
36.2188 3.30997 0.73927 1.27459 -1.66724
36.25 3.33263 0.712488 1.23536 -0.77875
36.2812 3.35454 0.689295 1.2296 0.451206
36.3125 3.37571 0.665614 1.26485 1.81405
36.3438 3.39609 0.637735 1.34377 3.2559
36.375 3.41547 0.600297 1.46935 4.78628
36.4062 3.43348 0.550171 1.64253 6.28779
36.4375 3.44969 0.484702 1.86193 7.74253
36.4688 3.4636 0.402321 2.1245 9.00787
36.5 3.47464 0.301461 2.42109 9.91842
36.5312 3.48228 0.184854 2.74109 10.4974
36.5625 3.48608 0.0563318 3.0718 10.5671
36.5938 3.48568 -0.0830991 3.39548 10.0596
36.625 3.48087 -0.223652 3.69501 9.02052
36.6562 3.47177 -0.357537 3.9544 7.52555
36.6875 3.45867 -0.477273 4.16305 5.79621
36.7188 3.44222 -0.57108 4.31454 3.87378
36.75 3.42323 -0.640463 4.40513 1.94279
36.7812 3.40244 -0.685425 4.43695 0.100147
36.8125 3.38064 -0.707246 4.41218 -1.65309
36.8438 3.35833 -0.720221 4.33666 -3.12695
36.875 3.33565 -0.731172 4.21989 -4.29568
36.9062 3.31258 -0.747214 4.07135 -5.17091
36.9375 3.2888 -0.776477 3.89789 -5.92587
36.9688 3.26391 -0.819198 3.70172 -6.60151
37 3.23742 -0.878943 3.48751 -7.07424
37.0312 3.20885 -0.950289 3.26143 -7.36217
37.0625 3.178 -1.02522 3.03033 -7.36649
37.0938 3.14476 -1.10143 2.80498 -7.00272
37.125 3.10926 -1.16749 2.59467 -6.44345
37.1562 3.07197 -1.21686 2.40294 -5.80772
37.1875 3.03341 -1.24719 2.23362 -4.99684
37.2188 2.99425 -1.25527 2.09184 -4.06766
37.25 2.95513 -1.24622 1.98047 -3.02849
37.2812 2.91652 -1.22176 1.90475 -1.79387
37.3125 2.87892 -1.18352 1.86836 -0.554285
37.3438 2.84261 -1.13975 1.86846 0.532271
37.375 2.80772 -1.09278 1.89981 1.44585
37.4062 2.77432 -1.04489 1.95723 2.20153
37.4375 2.74236 -1.00165 2.03499 2.72494
37.4688 2.71167 -0.962815 2.12448 2.96298
37.5 2.68211 -0.931158 2.21789 2.96891
37.5312 2.65334 -0.911949 2.30606 2.60083
37.5625 2.625 -0.904024 2.37637 1.84521
37.5938 2.5967 -0.909674 2.41826 0.786552
37.625 2.56797 -0.931401 2.42281 -0.527088
37.6562 2.53837 -0.965026 2.38401 -1.97138
37.6875 2.50753 -1.01054 2.29891 -3.47905
37.7188 2.47509 -1.06676 2.16689 -4.95787
37.75 2.4408 -1.12879 1.99014 -6.32671
37.7812 2.40447 -1.19738 1.77422 -7.43437
37.8125 2.36592 -1.27015 1.52929 -8.18335
37.8438 2.32509 -1.34357 1.26646 -8.57057
37.875 2.28195 -1.41699 0.998123 -8.53612
37.9062 2.23659 -1.48426 0.736101 -8.19826
37.9375 2.18925 -1.5451 0.487773 -7.65757
37.9688 2.14006 -1.60208 0.259858 -6.89963
38 2.08922 -1.65 0.0574682 -6.04764
38.0312 2.03701 -1.69073 -0.117376 -5.11875
38.0625 1.9836 -1.72577 -0.260781 -4.04223
38.0938 1.92925 -1.75116 -0.370336 -2.99414
38.125 1.87424 -1.76842 -0.449863 -2.12518
38.1562 1.81884 -1.77448 -0.504722 -1.40736
38.1875 1.76346 -1.76857 -0.538866 -0.786814
38.2188 1.70837 -1.75587 -0.553873 -0.166083
38.25 1.65384 -1.73141 -0.548621 0.513207
38.2812 1.60027 -1.69617 -0.52107 1.26194
38.3125 1.54786 -1.6572 -0.46903 2.08
38.3438 1.49678 -1.61038 -0.390351 2.96496
38.375 1.44728 -1.5578 -0.283635 3.8559
38.4062 1.39942 -1.5046 -0.15025 4.66776
38.4375 1.35326 -1.45 0.00761447 5.4282
38.4688 1.30873 -1.402 0.187791 6.06568
38.5 1.26553 -1.36356 0.383436 6.39515
38.5312 1.22343 -1.33309 0.583791 6.37093
38.5625 1.18202 -1.32036 0.777925 5.98834
38.5938 1.14072 -1.32545 0.953682 5.1913
38.625 1.09906 -1.34293 1.09867 4.03858
38.6562 1.05662 -1.37541 1.20332 2.61839
38.6875 1.01302 -1.41555 1.26048 1.0289
38.7188 0.968146 -1.45652 1.26801 -0.534869
38.75 0.921975 -1.49807 1.22725 -2.07736
38.7812 0.874602 -1.53184 1.13872 -3.55563
38.8125 0.826345 -1.55525 1.00834 -4.73045
38.8438 0.777479 -1.5705 0.846193 -5.60127
38.875 0.728328 -1.5727 0.661642 -6.14687
38.9062 0.679318 -1.56222 0.465562 -6.36193
38.9375 0.63079 -1.54182 0.265768 -6.39732
38.9688 0.583073 -1.51026 0.0679982 -6.22065
39 0.536489 -1.47008 -0.121158 -5.86515
39.0312 0.491245 -1.42485 -0.297168 -5.36899
39.0625 0.447472 -1.3761 -0.454748 -4.69286
39.0938 0.405267 -1.32452 -0.589661 -3.9314
39.125 0.364723 -1.26992 -0.699642 -3.09858
39.1562 0.325908 -1.21424 -0.783981 -2.32843
39.1875 0.288832 -1.15857 -0.846765 -1.69459
39.2188 0.253507 -1.10212 -0.888813 -0.971497
39.25 0.219945 -1.04604 -0.906465 -0.146813
39.2812 0.188106 -0.992164 -0.896517 0.822469
39.3125 0.157894 -0.942146 -0.8528 1.99262
39.3438 0.129189 -0.895226 -0.772222 3.15362
39.375 0.101927 -0.849965 -0.655675 4.31394
39.4062 0.0760267 -0.80835 -0.502827 5.44286
39.4375 0.0513831 -0.768758 -0.317948 6.35011
39.4688 0.027995 -0.727923 -0.107903 7.06233
39.5 0.0058848 -0.68726 0.120694 7.50753
39.5312 -0.0149607 -0.646829 0.357024 7.5464
39.5625 -0.0345495 -0.607126 0.587817 7.14981
39.5938 -0.0529142 -0.567996 0.799413 6.33047
39.625 -0.0700235 -0.526784 0.980436 5.21439
39.6562 -0.0858626 -0.487759 1.12262 3.83866
39.6875 -0.100547 -0.452117 1.2178 2.22505
39.7188 -0.114105 -0.415578 1.26072 0.512723
39.75 -0.126559 -0.382481 1.24935 -1.24279
39.7812 -0.138067 -0.354686 1.18395 -2.90945
39.8125 -0.148765 -0.330907 1.07009 -4.33749
39.8438 -0.158822 -0.313746 0.915108 -5.54261
39.875 -0.168406 -0.299799 0.726952 -6.43498
39.9062 -0.17758 -0.287929 0.516864 -6.95732
39.9375 -0.186428 -0.278092 0.294898 -7.20552
39.9688 -0.194897 -0.262562 0.0694665 -7.17459
40 -0.202772 -0.240688 -0.151058 -6.90791
40.0312 -0.209879 -0.212691 -0.360231 -6.43878
40.0625 -0.215946 -0.173771 -0.550724 -5.71362
40.0938 -0.220655 -0.126467 -0.715594 -4.81766
40.125 -0.223768 -0.0711979 -0.850519 -3.79731
40.1562 -0.225006 -0.006787 -0.9524 -2.73126
40.1875 -0.224131 0.06388 -1.02223 -1.75025
40.2188 -0.220935 0.141907 -1.06178 -0.773587
40.25 -0.215215 0.224347 -1.07042 0.219324
40.2812 -0.206913 0.307103 -1.0476 1.26523
40.3125 -0.19601 0.390616 -0.98923 2.49991
40.3438 -0.18253 0.471302 -0.890709 3.79705
40.375 -0.166603 0.547258 -0.752988 4.99555
40.4062 -0.148387 0.617363 -0.580171 6.03106
40.4375 -0.128096 0.680333 -0.378326 6.85144
40.4688 -0.105899 0.739804 -0.15428 7.44223
40.5 -0.0819162 0.793643 0.083137 7.68386
40.5312 -0.0563836 0.839517 0.321751 7.52513
40.5625 -0.0294721 0.882499 0.549675 6.99954
40.5938 -0.00128316 0.92009 0.755244 6.09551
40.625 0.0279388 0.949067 0.927088 4.84878
40.6562 0.0580044 0.974903 1.05523 3.31374
40.6875 0.0888394 0.997775 1.133 1.66359
40.7188 0.120331 1.01766 1.15967 0.0498493
40.75 0.152461 1.03889 1.13638 -1.53285
40.7812 0.185255 1.05973 1.06505 -3.00102
40.8125 0.218714 1.08265 0.951318 -4.23126
40.8438 0.252995 1.11212 0.803903 -5.14417
40.875 0.288232 1.14292 0.633643 -5.69305
40.9062 0.324451 1.1762 0.451471 -5.91569
40.9375 0.361824 1.21657 0.267119 -5.82876
40.9688 0.400509 1.25939 0.0904773 -5.43089
41 0.44056 1.30461 -0.070396 -4.84861
41.0312 0.482093 1.35391 -0.211826 -4.18784
41.0625 0.525181 1.40373 -0.330767 -3.40037
41.0938 0.569847 1.4554 -0.423262 -2.50957
41.125 0.616152 1.5077 -0.487131 -1.57012
41.1562 0.664038 1.55656 -0.521394 -0.639992
41.1875 0.713434 1.60495 -0.529414 0.0822049
41.2188 0.764343 1.65275 -0.518161 0.62746
41.25 0.816696 1.69748 -0.490347 1.14649
41.2812 0.870438 1.7423 -0.44716 1.61452
41.3125 0.925599 1.78787 -0.388312 2.18542
41.3438 0.982161 1.83177 -0.30893 2.90268
41.375 1.04006 1.87364 -0.207256 3.59645
41.4062 1.09924 1.91323 -0.0845529 4.24269
41.4375 1.1596 1.94909 0.0559102 4.70222
41.4688 1.22099 1.97791 0.207041 4.9495
41.5 1.28311 1.99637 0.364311 5.09214
41.5312 1.34564 2.00317 0.522888 5.01165
41.5625 1.40816 1.99546 0.67505 4.69023
41.5938 1.47017 1.96987 0.813211 4.09595
41.625 1.53108 1.92555 0.927657 3.18778
41.6562 1.59032 1.86316 1.01091 2.1242
41.6875 1.64739 1.7871 1.05932 0.957428
41.7188 1.70191 1.70058 1.07059 -0.220867
41.75 1.75361 1.60858 1.04717 -1.24911
41.7812 1.80251 1.52197 0.994041 -2.12762
41.8125 1.84882 1.44317 0.916223 -2.8067
41.8438 1.89282 1.37566 0.822173 -3.15189
41.875 1.93499 1.3264 0.722616 -3.17511
41.9062 1.9759 1.29453 0.62608 -2.96871
41.9375 2.0161 1.28226 0.539136 -2.56744
41.9688 2.05623 1.288 0.466616 -2.07161
42 2.09674 1.30707 0.409442 -1.58777
42.0312 2.13809 1.34178 0.367858 -1.06488
42.0625 2.1807 1.38649 0.342613 -0.570487
42.0938 2.22477 1.43433 0.330793 -0.200906
42.125 2.2704 1.48616 0.329745 0.132633
42.1562 2.31764 1.53633 0.338916 0.452809
42.1875 2.36634 1.57922 0.358167 0.780387
42.2188 2.41627 1.61515 0.387342 1.07839
42.25 2.46716 1.639 0.425727 1.39715
42.2812 2.51855 1.64761 0.476591 1.89609
42.3125 2.57001 1.6442 0.547046 2.66594
42.3438 2.62113 1.62349 0.646446 3.73577
42.375 2.67127 1.58266 0.781894 4.94019
42.4062 2.71989 1.5265 0.955118 6.1345
42.4375 2.76646 1.45026 1.16368 7.17459
42.4688 2.81034 1.35617 1.40068 7.9438
42.5 2.85111 1.25119 1.65696 8.40852
42.5312 2.88844 1.13663 1.9235 8.609
42.5625 2.92215 1.02124 2.19178 8.49681
42.5938 2.95229 0.908682 2.45075 8.02911
42.625 2.97903 0.804498 2.69088 7.28809
42.6562 3.00273 0.714802 2.90267 6.21937
42.6875 3.0238 0.635296 3.07832 5.01833
42.7188 3.04259 0.570078 3.21542 3.7303
42.75 3.05959 0.519881 3.31053 2.36289
42.7812 3.07519 0.4802 3.36417 1.08583
42.8125 3.08975 0.454085 3.37967 -0.0551883
42.8438 3.10367 0.437994 3.36417 -0.881828
42.875 3.11721 0.430775 3.32706 -1.45879
42.9062 3.13072 0.435258 3.27627 -1.71908
42.9375 3.14447 0.445324 3.22392 -1.58243
42.9688 3.15861 0.461238 3.17917 -1.26223
43 3.17337 0.483207 3.14639 -0.811326
43.0312 3.18879 0.503 3.12988 -0.225513
43.0625 3.20477 0.519101 3.13329 0.452419
43.0938 3.22117 0.529073 3.15802 1.11965
43.125 3.23772 0.528491 3.20239 1.70324
43.1562 3.2541 0.518271 3.26297 2.14156
43.1875 3.26999 0.496942 3.33396 2.36519
43.2188 3.28505 0.465463 3.4086 2.37623
43.25 3.29904 0.429837 3.4804 2.19507
43.2812 3.3119 0.392984 3.54531 1.96476
43.3125 3.32362 0.357149 3.60363 1.77019
43.3438 3.33429 0.327156 3.65583 1.56285
43.375 3.34416 0.306163 3.70008 1.23709
43.4062 3.35352 0.294075 3.73122 0.739034
43.4375 3.36259 0.287415 3.74596 0.195975
43.4688 3.3715 0.282459 3.74171 -0.510774
43.5 3.38024 0.276252 3.71162 -1.44389
43.5312 3.38863 0.257822 3.64999 -2.52176
43.5625 3.39612 0.21735 3.55299 -3.70037
43.5938 3.40195 0.150805 3.41714 -5.03366
43.625 3.40519 0.0506922 3.23614 -6.56493
43.6562 3.40478 -0.0820267 3.00761 -8.03284
43.6875 3.39979 -0.241188 2.7361 -9.30454
43.7188 3.38947 -0.422552 2.42928 -10.2706
43.75 3.37327 -0.615176 2.09846 -10.8217
43.7812 3.351 -0.809969 1.75917 -10.7789
43.8125 3.32268 -1.00108 1.43144 -10.1075
43.8438 3.28857 -1.17901 1.13215 -8.97563
43.875 3.2492 -1.33734 0.874725 -7.44266
43.9062 3.20522 -1.47336 0.66934 -5.67826
43.9375 3.15738 -1.58361 0.521239 -3.77678
43.9688 3.10653 -1.66648 0.434121 -1.8052
44 3.05349 -1.72354 0.40673 0.0135317
44.0312 2.99904 -1.7578 0.43258 1.60355
44.0625 2.94384 -1.77181 0.504228 2.9301
44.0938 2.88848 -1.76929 0.612275 3.92944
44.125 2.83339 -1.75418 0.746079 4.5674
44.1562 2.77893 -1.73069 0.893625 4.8189
44.1875 2.72524 -1.70532 1.04427 4.77442
44.2188 2.67233 -1.6814 1.18883 4.43392
44.25 2.62011 -1.66243 1.32027 3.98551
44.2812 2.56832 -1.65382 1.43892 3.62383
44.3125 2.51665 -1.65437 1.54783 3.36683
44.3438 2.46483 -1.66338 1.65032 3.19687
44.375 2.41259 -1.68108 1.74728 3.00077
44.4062 2.3597 -1.705 1.83749 2.76491
44.4375 2.30598 -1.73399 1.91954 2.48082
44.4688 2.25131 -1.76462 1.99236 2.16881
44.5 2.19566 -1.79803 2.05305 1.66424
44.5312 2.13889 -1.83537 2.09329 0.873755
44.5625 2.08095 -1.87295 2.10564 -0.119543
44.5938 2.02181 -1.91261 2.08338 -1.33943
44.625 1.9614 -1.95312 2.02023 -2.72987
44.6562 1.89976 -1.99199 1.9107 -4.30831
44.6875 1.83692 -2.02927 1.75075 -5.90449
44.7188 1.773 -2.06001 1.54401 -7.28483
44.75 1.70825 -2.08302 1.29853 -8.36076
44.7812 1.64287 -2.10014 1.02642 -8.97101
44.8125 1.57709 -2.10795 0.742823 -9.09932
44.8438 1.51124 -2.10435 0.463089 -8.71743
44.875 1.44567 -2.09047 0.202293 -7.92564
44.9062 1.3807 -2.06579 -0.0296388 -6.86874
44.9375 1.31667 -2.03011 -0.223516 -5.49002
44.9688 1.25392 -1.9844 -0.370865 -3.92444
45 1.19274 -1.93051 -0.467934 -2.27627
45.0312 1.13333 -1.87079 -0.513294 -0.64888
45.0625 1.07587 -1.80544 -0.510508 0.795345
45.0938 1.02052 -1.73669 -0.465433 2.05406
45.125 0.967327 -1.66781 -0.385079 3.03641
45.1562 0.916288 -1.59873 -0.278353 3.76094
45.1875 0.867392 -1.5311 -0.152206 4.26993
45.2188 0.820557 -1.46693 -0.0140709 4.54174
45.25 0.775663 -1.40726 0.130862 4.72946
45.2812 0.732534 -1.35419 0.281105 4.8796
45.3125 0.690952 -1.30816 0.435964 5.04031
45.3438 0.650699 -1.26927 0.59614 5.19404
45.375 0.611543 -1.23796 0.758825 5.1891
45.4062 0.57325 -1.21409 0.918861 5.02166
45.4375 0.535589 -1.19712 1.06963 4.5661
45.4688 0.498391 -1.18398 1.20081 3.78846
45.5 0.461564 -1.17348 1.30414 2.78341
45.5312 0.425035 -1.16396 1.37181 1.50201
45.5625 0.388888 -1.14787 1.39583 0.00664879
45.5938 0.353372 -1.12431 1.37031 -1.67148
45.625 0.318679 -1.09442 1.29002 -3.4751
45.6562 0.285112 -1.05142 1.15321 -5.27231
45.6875 0.253082 -0.997346 0.961707 -6.94764
45.7188 0.222833 -0.937546 0.722207 -8.32083
45.75 0.194563 -0.870671 0.44569 -9.29831
45.7812 0.168444 -0.80106 0.147454 -9.66875
45.8125 0.144492 -0.731815 -0.151769 -9.3976
45.8438 0.122693 -0.664058 -0.435716 -8.70572
45.875 0.102906 -0.603731 -0.690584 -7.5179
45.9062 0.084902 -0.548894 -0.901654 -5.95971
45.9375 0.068583 -0.496188 -1.06211 -4.29423
45.9688 0.0538191 -0.449946 -1.16879 -2.51747
46 0.040416 -0.407961 -1.21944 -0.736022
46.0312 0.0283247 -0.366103 -1.21568 0.960637
46.0625 0.0174947 -0.327748 -1.16099 2.49811
46.0938 0.00782432 -0.29088 -1.06295 3.71751
46.125 -0.000667735 -0.252755 -0.932007 4.61714
46.1562 -0.008009 -0.217641 -0.776855 5.27574
46.1875 -0.0142642 -0.181995 -0.604689 5.70135
46.2188 -0.0193497 -0.143567 -0.422993 5.89601
46.25 -0.0232731 -0.107998 -0.237239 5.98778
46.2812 -0.0260843 -0.0711631 -0.0488023 6.07136
46.3125 -0.0276991 -0.032696 0.142283 6.16346
46.3438 -0.0281952 -9.24411e-05 0.336778 6.28349
46.375 -0.0277377 0.029127 0.534162 6.32487
46.4062 -0.0264174 0.0540326 0.730226 6.18772
46.4375 -0.0244614 0.0696868 0.917976 5.76946
46.4688 -0.0221336 0.0782031 1.08691 4.98355
46.5 -0.0196627 0.0782388 1.22613 3.87442
46.5312 -0.017337 0.0695934 1.32566 2.44332
46.5625 -0.0153484 0.0573164 1.37616 0.754463
46.5938 -0.0137776 0.0429302 1.37079 -1.13237
46.625 -0.0126601 0.0291328 1.30364 -3.1776
46.6562 -0.0119026 0.0203677 1.17258 -5.1895
46.6875 -0.0113225 0.0177904 0.981187 -7.01777
46.7188 -0.010726 0.0214274 0.737643 -8.49471
46.75 -0.00991487 0.0316897 0.455305 -9.49197
46.7812 -0.00866271 0.0497948 0.149985 -9.94788
46.8125 -0.00673128 0.0746804 -0.159611 -9.75641
46.8438 -0.00394896 0.104215 -0.453393 -8.95029
46.875 -0.00015026 0.140152 -0.713487 -7.62079
46.9062 0.00488079 0.18268 -0.926605 -5.99499
46.9375 0.0113039 0.228865 -1.08723 -4.26555
46.9688 0.0192196 0.278461 -1.19188 -2.42277
47 0.0287641 0.333432 -1.23956 -0.660594
47.0312 0.0401233 0.394411 -1.23486 0.944473
47.0625 0.0534477 0.458578 -1.18193 2.40328
47.0938 0.0687935 0.523778 -1.08803 3.55203
47.125 0.0862007 0.590408 -0.962581 4.43941
47.1562 0.105677 0.655346 -0.813574 5.03748
47.1875 0.127104 0.715072 -0.65098 5.33778
47.2188 0.150307 0.768747 -0.480634 5.56133
47.25 0.175062 0.814014 -0.303923 5.73577
47.2812 0.201091 0.85051 -0.122681 5.86044
47.3125 0.228136 0.878935 0.0622873 5.97852
47.3438 0.255921 0.897696 0.25139 6.13513
47.375 0.284161 0.908646 0.445887 6.29656
47.4062 0.312653 0.913756 0.64275 6.25896
47.4375 0.341199 0.912228 0.834443 5.9657
47.4688 0.369634 0.907517 1.01206 5.33167
47.5 0.397928 0.903479 1.1633 4.2885
47.5312 0.426119 0.90125 1.27713 2.95272
47.5625 0.454305 0.903649 1.345 1.34932
47.5938 0.482659 0.912 1.35971 -0.423451
47.625 0.511371 0.926745 1.31773 -2.27692
47.6562 0.540658 0.948666 1.21694 -4.1661
47.6875 0.570702 0.974464 1.05884 -5.91667
47.7188 0.601575 1.00167 0.849997 -7.38948
47.75 0.633325 1.03054 0.601953 -8.39184
47.7812 0.665977 1.05883 0.331323 -8.84057
47.8125 0.699479 1.08508 0.0550524 -8.74181
47.8438 0.733798 1.11165 -0.208679 -8.04508
47.875 0.768982 1.14043 -0.443262 -6.90973
47.9062 0.805092 1.17086 -0.636795 -5.41488
47.9375 0.842185 1.20369 -0.77887 -3.66129
47.9688 0.880366 1.24051 -0.86615 -1.94335
48 0.919742 1.27983 -0.901146 -0.305283
48.0312 0.960381 1.32158 -0.886229 1.23347
48.0625 1.00237 1.36587 -0.826007 2.58912
48.0938 1.04574 1.40969 -0.72656 3.73353
48.125 1.0905 1.45534 -0.595734 4.58927
48.1562 1.13671 1.50196 -0.442395 5.18955
48.1875 1.18429 1.54181 -0.273393 5.59529
48.2188 1.23305 1.57867 -0.0944377 5.83631
48.25 1.28295 1.61457 0.0905863 6.0019
48.2812 1.33386 1.6419 0.281075 6.20435
48.3125 1.38551 1.66351 0.479488 6.50941
48.3438 1.43778 1.68049 0.6883 6.85115
48.375 1.49044 1.68813 0.907106 7.14092
48.4062 1.54321 1.68781 1.13389 7.35974
48.4375 1.59581 1.67624 1.36546 7.41402
48.4688 1.64784 1.65169 1.59288 7.05606
48.5 1.69894 1.61714 1.80159 6.23772
48.5312 1.74879 1.57141 1.97929 5.07821
48.5625 1.79709 1.51937 2.11525 3.57249
48.5938 1.84377 1.46893 2.20069 1.8812
48.625 1.88895 1.42333 2.23182 0.0886954
48.6562 1.93284 1.38796 2.20547 -1.76191
48.6875 1.97587 1.36935 2.12403 -3.40596
48.7188 2.01861 1.36905 1.99472 -4.83885
48.75 2.06162 1.38652 1.82499 -5.93835
48.7812 2.10546 1.42244 1.62987 -6.45034
48.8125 2.15068 1.47393 1.42729 -6.43242
48.8438 2.19771 1.53737 1.23327 -5.89587
48.875 2.24688 1.61091 1.06384 -4.88172
48.9062 2.29844 1.68919 0.931257 -3.56751
48.9375 2.35245 1.76723 0.842529 -2.09465
48.9688 2.40887 1.84273 0.800538 -0.604169
49 2.46753 1.90998 0.803431 0.764066
49.0312 2.52809 1.96324 0.846774 1.98443
49.0625 2.59008 2.00124 0.925556 3.02461
49.0938 2.653 2.02264 1.03396 3.88443
49.125 2.7163 2.02537 1.16586 4.50336
49.1562 2.77939 2.00986 1.31205 4.81462
49.1875 2.84174 1.97798 1.46567 5.00736
49.2188 2.90285 1.9303 1.62418 5.12802
49.25 2.96222 1.86688 1.78679 5.30582
49.2812 3.01938 1.78904 1.95713 5.60234
49.3125 3.0739 1.69807 2.13731 5.94879
49.3438 3.12539 1.59543 2.33055 6.43169
49.375 3.1735 1.48221 2.5383 6.82925
49.4062 3.21791 1.35832 2.75523 7.02034
49.4375 3.25832 1.2274 2.97401 6.91164
49.4688 3.29461 1.09456 3.18219 6.33161
49.5 3.32672 0.960839 3.36495 5.29046
49.5312 3.35471 0.831789 3.50858 3.84403
49.5625 3.3788 0.711591 3.60245 2.13337
49.5938 3.39928 0.600751 3.64069 0.302559
49.625 3.41649 0.502495 3.62074 -1.58974
49.6562 3.43078 0.413586 3.5411 -3.49952
49.6875 3.44243 0.333802 3.40309 -5.30903
49.7188 3.45176 0.264984 3.21173 -6.87035
49.75 3.45906 0.203179 2.97997 -7.84431
49.7812 3.46455 0.149981 2.72832 -8.16134
49.8125 3.46852 0.104818 2.47669 -7.81701
49.8438 3.47115 0.0646114 2.24793 -6.70664
49.875 3.4726 0.028384 2.06318 -5.04766
49.9062 3.47291 -0.00905189 1.93611 -3.03943
49.9375 3.47203 -0.0475536 1.87462 -0.897557
49.9688 3.46991 -0.088981 1.87899 1.15155
