0 0 0 0 0
0.03125 0.00015625 0.01 2.81872e-38 3.14366e-35
0.0625 0.000625 0.02 1.88205e-28 9.63904e-26
0.09375 0.00140625 0.03 7.03754e-23 2.35697e-20
0.125 0.0025 0.04 5.46239e-19 1.34772e-16
0.15625 0.00390625 0.05 4.88939e-16 9.39074e-14
0.1875 0.005625 0.06 1.06762e-13 1.65406e-11
0.21875 0.00765625 0.07 8.72151e-12 1.11656e-09
0.25 0.01 0.08 3.34767e-10 3.54974e-08
0.28125 0.0126563 0.0899999 6.86084e-09 6.03577e-07
0.3125 0.015625 0.0999975 8.5207e-08 6.28108e-06
0.34375 0.0189061 0.109992 6.95742e-07 4.22298e-05
0.375 0.0224997 0.12001 3.80428e-06 0.000183725
0.40625 0.0264078 0.130128 1.46277e-05 0.000561656
0.4375 0.0306332 0.140275 4.28619e-05 0.0013101
0.46875 0.0351701 0.149955 9.94255e-05 0.00233464
0.5 0.0399965 0.158841 0.000190736 0.00357782
0.53125 0.0450997 0.16795 0.000330086 0.00546356
0.5625 0.0505107 0.178633 0.000537013 0.00780871
0.59375 0.0562739 0.190219 0.000820535 0.0104248
0.625 0.0623974 0.201736 0.00119678 0.0137877
0.65625 0.0688957 0.214471 0.00168767 0.0176725
0.6875 0.0758133 0.228148 0.00230347 0.0217824
0.71875 0.0831286 0.239453 0.00305302 0.0262745
0.75 0.0907525 0.248317 0.00395151 0.0312967
0.78125 0.0986489 0.257021 0.00500813 0.0362363
0.8125 0.106799 0.264131 0.00621293 0.0409382
0.84375 0.115132 0.269048 0.00757692 0.0464908
0.875 0.123621 0.27436 0.00911654 0.0518961
0.90625 0.132278 0.279485 0.0108184 0.0572052
0.9375 0.141075 0.283539 0.0127082 0.0638757
0.96875 0.150013 0.288736 0.0148025 0.0699038
1 0.159129 0.294609 0.0170738 0.0756692
1.03125 0.168421 0.300209 0.0195468 0.0826572
1.0625 0.17791 0.307375 0.0222284 0.0887269
1.09375 0.187642 0.315482 0.02509 0.0945803
1.125 0.197627 0.323713 0.0281485 0.101141
1.15625 0.207893 0.333624 0.0314021 0.106959
1.1875 0.218487 0.344366 0.0348344 0.112828
1.21875 0.229418 0.355394 0.0384586 0.11911
1.25 0.240717 0.368015 0.0422757 0.125155
1.28125 0.252424 0.381184 0.0462833 0.131421
1.3125 0.264544 0.394716 0.0504957 0.138267
1.34375 0.27711 0.409632 0.0549303 0.145638
1.375 0.290148 0.424761 0.0596062 0.153802
1.40625 0.303661 0.440281 0.0645523 0.162761
1.4375 0.317678 0.456911 0.0697656 0.17054
1.46875 0.332217 0.473592 0.0751988 0.177332
1.5 0.347284 0.490853 0.0808851 0.187506
1.53125 0.362903 0.508735 0.0869841 0.203916
1.5625 0.379071 0.52595 0.0936817 0.225024
1.59375 0.395779 0.543488 0.101012 0.2427
1.625 0.41305 0.561968 0.108754 0.251745
1.65625 0.430906 0.580923 0.116747 0.260686
1.6875 0.449364 0.600465 0.125099 0.2741
1.71875 0.468429 0.619533 0.133852 0.285344
1.75 0.488079 0.63811 0.14291 0.294646
1.78125 0.508316 0.656962 0.152315 0.308269
1.8125 0.529125 0.674462 0.162226 0.326388
1.84375 0.550457 0.690882 0.172699 0.343261
1.875 0.572321 0.708747 0.183669 0.359451
1.90625 0.594768 0.727968 0.195242 0.382505
1.9375 0.617822 0.747489 0.207599 0.407768
1.96875 0.641489 0.767246 0.220694 0.430524
2 0.665779 0.787431 0.234568 0.458404
2.03125 0.690703 0.807501 0.249334 0.485217
2.0625 0.716228 0.825782 0.264807 0.50455
2.09375 0.742299 0.842674 0.280893 0.525352
2.125 0.768895 0.859371 0.297576 0.539818
2.15625 0.79599 0.87432 0.314462 0.539186
2.1875 0.823525 0.887897 0.33127 0.537285
2.21875 0.851493 0.902181 0.348029 0.533549
2.25 0.879907 0.916086 0.364465 0.51647
2.28125 0.908743 0.929527 0.380306 0.498854
2.3125 0.938017 0.944223 0.395728 0.488241
2.34375 0.967761 0.959393 0.410735 0.470506
2.375 0.997976 0.974416 0.425121 0.451775
2.40625 1.02867 0.990121 0.439102 0.444133
2.4375 1.05986 1.00604 0.452834 0.432875
2.46875 1.09154 1.02126 0.466095 0.416584
2.5 1.12368 1.03587 0.478979 0.409384
2.53125 1.15628 1.04998 0.491678 0.402213
2.5625 1.18929 1.06271 0.504079 0.39217
2.59375 1.22268 1.07363 0.516283 0.389917
2.625 1.25638 1.08315 0.528394 0.382693
2.65625 1.29035 1.09057 0.540057 0.362713
2.6875 1.32452 1.09588 0.551099 0.345399
2.71875 1.35884 1.10041 0.561714 0.334456
2.75 1.39328 1.10326 0.572004 0.323978
2.78125 1.42776 1.10349 0.581964 0.313886
2.8125 1.46223 1.10227 0.591689 0.310185
2.84375 1.49664 1.09954 0.601461 0.316566
2.875 1.53094 1.09527 0.61152 0.327725
2.90625 1.56509 1.09048 0.621983 0.342273
2.9375 1.59908 1.08507 0.632889 0.354846
2.96875 1.6329 1.07947 0.644187 0.37103
3 1.66656 1.07422 0.656358 0.412024
3.03125 1.70003 1.06742 0.669985 0.457232
3.0625 1.73324 1.05832 0.684671 0.478826
3.09375 1.76616 1.04862 0.699734 0.482713
3.125 1.79878 1.03841 0.714669 0.470824
3.15625 1.83105 1.02689 0.729133 0.456214
3.1875 1.86296 1.01508 0.743261 0.447748
3.21875 1.8945 1.00374 0.757001 0.429597
3.25 1.92568 0.991882 0.770125 0.413236
3.28125 1.95648 0.978635 0.78307 0.417965
3.3125 1.98683 0.963759 0.796203 0.418542
3.34375 2.01669 0.946835 0.808925 0.392238
3.375 2.04598 0.927162 0.820707 0.364039
3.40625 2.0746 0.904254 0.831766 0.342459
3.4375 2.10247 0.878669 0.841866 0.299516
3.46875 2.1295 0.851136 0.850403 0.249491
3.5 2.15564 0.821394 0.857751 0.225249
3.53125 2.18082 0.789845 0.864631 0.215836
3.5625 2.205 0.757731 0.871335 0.216631
3.59375 2.22817 0.72485 0.878502 0.248221
3.625 2.25029 0.690494 0.887171 0.309792
3.65625 2.27132 0.655403 0.897913 0.376588
3.6875 2.29124 0.619524 0.910638 0.438333
3.71875 2.31002 0.58154 0.925506 0.518031
3.75 2.32757 0.542155 0.943234 0.617339
3.78125 2.34389 0.502139 0.96401 0.711014
3.8125 2.35894 0.460283 0.987697 0.806169
3.84375 2.37265 0.416932 1.01436 0.896735
3.875 2.38499 0.373319 1.04351 0.967284
3.90625 2.39598 0.329615 1.07495 1.0496
3.9375 2.4056 0.28676 1.10921 1.14035
3.96875 2.41392 0.245564 1.14586 1.19903
4 2.42097 0.205925 1.18396 1.23955
4.03125 2.42681 0.16795 1.22352 1.29636
4.0625 2.43149 0.131957 1.26507 1.3614
4.09375 2.43508 0.0982607 1.30834 1.40159
4.125 2.43765 0.0664233 1.35234 1.411
4.15625 2.43925 0.0365737 1.3964 1.40831
4.1875 2.43997 0.00999591 1.44038 1.40714
4.21875 2.4399 -0.0143576 1.4844 1.4098
4.25 2.43907 -0.0384839 1.52838 1.40201
4.28125 2.4375 -0.0621918 1.57181 1.37429
4.3125 2.43519 -0.0855294 1.61406 1.32566
4.34375 2.43215 -0.108961 1.65436 1.24866
4.375 2.42838 -0.131902 1.69189 1.15176
4.40625 2.42391 -0.153886 1.72635 1.05365
4.4375 2.41878 -0.174286 1.75766 0.947549
4.46875 2.41305 -0.192503 1.78543 0.829255
4.5 2.40677 -0.209222 1.80956 0.716424
4.53125 2.39998 -0.224939 1.83011 0.593619
4.5625 2.39272 -0.239117 1.84633 0.440871
4.59375 2.38505 -0.251873 1.85756 0.277666
4.625 2.37699 -0.263985 1.8636 0.10561
4.65625 2.36856 -0.274904 1.86397 -0.0841287
4.6875 2.35983 -0.283252 1.85827 -0.280277
4.71875 2.35088 -0.289505 1.84651 -0.470464
4.75 2.34175 -0.294458 1.82907 -0.641787
4.78125 2.3325 -0.29685 1.80669 -0.785548
4.8125 2.32322 -0.297119 1.78034 -0.894554
4.84375 2.31393 -0.297605 1.75106 -0.976812
4.875 2.30462 -0.298185 1.71929 -1.05766
4.90625 2.29529 -0.299158 1.68489 -1.1445
4.9375 2.2859 -0.302417 1.64779 -1.22854
4.96875 2.27637 -0.307619 1.60834 -1.29139
5 2.26666 -0.314387 1.56732 -1.33237
5.03125 2.2567 -0.323442 1.52501 -1.37727
5.0625 2.24642 -0.334594 1.48127 -1.41854
5.09375 2.23577 -0.347592 1.43663 -1.43454
5.125 2.22468 -0.361612 1.39165 -1.44634
5.15625 2.21316 -0.375874 1.34611 -1.4678
5.1875 2.20118 -0.390996 1.30012 -1.47062
5.21875 2.18872 -0.406909 1.25452 -1.44339
5.25 2.17575 -0.423171 1.21011 -1.39571
5.28125 2.16226 -0.440552 1.16749 -1.33023
5.3125 2.1482 -0.45962 1.12696 -1.26561
5.34375 2.13352 -0.479909 1.08818 -1.2198
5.375 2.11819 -0.500856 1.0506 -1.18613
5.40625 2.10221 -0.522166 1.01401 -1.15615
5.4375 2.08556 -0.543594 0.978288 -1.13076
5.46875 2.06823 -0.565611 0.943355 -1.10369
5.5 2.0502 -0.588774 0.909351 -1.07411
5.53125 2.03143 -0.612131 0.875918 -1.07261
5.5625 2.01194 -0.634895 0.841986 -1.10044
5.59375 1.99175 -0.657604 0.807269 -1.11847
5.625 1.97085 -0.679632 0.772104 -1.13483
5.65625 1.9493 -0.699177 0.736143 -1.16764
5.6875 1.92717 -0.716534 0.699321 -1.18268
5.71875 1.90452 -0.733205 0.662608 -1.16306
5.75 1.88136 -0.748751 0.626691 -1.1364
5.78125 1.85774 -0.762974 0.591601 -1.10679
5.8125 1.83367 -0.777505 0.557793 -1.05208
5.84375 1.80914 -0.792739 0.526041 -0.979124
5.875 1.78413 -0.807828 0.496551 -0.909909
5.90625 1.75865 -0.822821 0.469046 -0.852467
5.9375 1.7327 -0.838037 0.443218 -0.799212
5.96875 1.70627 -0.853032 0.419343 -0.723277
6 1.67939 -0.867237 0.398287 -0.622002
6.03125 1.65208 -0.880689 0.38055 -0.511406
6.0625 1.62436 -0.893521 0.366479 -0.387574
6.09375 1.59624 -0.906109 0.356189 -0.277325
6.125 1.56772 -0.918895 0.348669 -0.210071
6.15625 1.53881 -0.931352 0.342892 -0.159782
6.1875 1.50951 -0.943593 0.338665 -0.112355
6.21875 1.47983 -0.955926 0.335702 -0.0800214
6.25 1.44978 -0.96693 0.333549 -0.0587446
6.28125 1.41941 -0.976806 0.332003 -0.0404367
6.3125 1.38873 -0.986528 0.330991 -0.0256396
6.34375 1.35778 -0.993963 0.330214 -0.0287282
6.375 1.32664 -0.998671 0.328887 -0.0598411
6.40625 1.29537 -1.00247 0.326406 -0.098027
6.4375 1.26401 -1.00401 0.322798 -0.133971
6.46875 1.23265 -1.00259 0.317881 -0.182648
6.5 1.20135 -1.00043 0.311453 -0.224616
6.53125 1.17013 -0.997909 0.304087 -0.246123
6.5625 1.13899 -0.995025 0.295792 -0.292562
6.59375 1.10794 -0.992383 0.285428 -0.372003
6.625 1.07697 -0.989184 0.272759 -0.433355
6.65625 1.04612 -0.985436 0.258541 -0.476621
6.6875 1.01538 -0.981842 0.242917 -0.522566
6.71875 0.984757 -0.977864 0.226104 -0.548344
6.75 0.954267 -0.973479 0.208892 -0.550973
6.78125 0.923914 -0.969166 0.191811 -0.538445
6.8125 0.893693 -0.964978 0.17556 -0.496766
6.84375 0.863601 -0.96088 0.160903 -0.441527
6.875 0.833646 -0.956057 0.147957 -0.385193
6.90625 0.803862 -0.949931 0.137069 -0.307744
6.9375 0.774283 -0.943062 0.128778 -0.225592
6.96875 0.74493 -0.935299 0.122729 -0.163913
7 0.715844 -0.925887 0.118606 -0.0958891
7.03125 0.687073 -0.915462 0.116975 -0.00701937
7.0625 0.658624 -0.905342 0.118064 0.0729647
7.09375 0.630489 -0.895137 0.121297 0.130775
7.125 0.602688 -0.884101 0.126047 0.169426
7.15625 0.575226 -0.873733 0.131564 0.177808
7.1875 0.548066 -0.86448 0.136854 0.157712
7.21875 0.521206 -0.854316 0.141364 0.131608
7.25 0.494681 -0.843294 0.145163 0.112988
7.28125 0.468503 -0.83195 0.148506 0.101998
7.3125 0.442705 -0.818696 0.151559 0.0926987
7.34375 0.417351 -0.803876 0.154166 0.0705814
7.375 0.392467 -0.788581 0.155706 0.023663
7.40625 0.368079 -0.771926 0.155399 -0.0466223
7.4375 0.344231 -0.754297 0.152654 -0.129558
7.46875 0.320939 -0.736281 0.147414 -0.2022
7.5 0.298226 -0.71721 0.140229 -0.255995
7.53125 0.276116 -0.697882 0.131375 -0.312331
7.5625 0.254609 -0.678422 0.120688 -0.370058
7.59375 0.233726 -0.657977 0.108367 -0.41768
7.625 0.213481 -0.637858 0.0945261 -0.469804
7.65625 0.193855 -0.618122 0.0789808 -0.523566
7.6875 0.174867 -0.596772 0.0619939 -0.55957
7.71875 0.15657 -0.574179 0.0442924 -0.568482
7.75 0.138979 -0.551681 0.0267292 -0.552636
7.78125 0.122089 -0.529214 0.00985062 -0.526462
7.8125 0.105903 -0.506735 -0.00602358 -0.485263
7.84375 0.0904109 -0.484998 -0.0201454 -0.413123
7.875 0.0755746 -0.464782 -0.0315891 -0.317268
7.90625 0.0613511 -0.44561 -0.0400149 -0.224939
7.9375 0.0477187 -0.427003 -0.0458398 -0.149008
7.96875 0.0346526 -0.409362 -0.0492098 -0.0632796
8 0.0221327 -0.391829 -0.049741 0.0260355
8.03125 0.0101657 -0.37416 -0.0479119 0.0871058
8.0625 -0.00126474 -0.357556 -0.0442739 0.149255
8.09375 -0.0121804 -0.340864 -0.0384414 0.222821
8.125 -0.0225593 -0.323396 -0.0306087 0.273276
8.15625 -0.0324036 -0.306826 -0.0216457 0.296049
8.1875 -0.0417341 -0.29006 -0.0124058 0.290799
8.21875 -0.0505124 -0.271536 -0.00357044 0.276931
8.25 -0.0587026 -0.252685 0.00515343 0.284152
8.28125 -0.0663019 -0.233469 0.0141097 0.284608
8.3125 -0.0732773 -0.212701 0.02272 0.266139
8.34375 -0.0795858 -0.190948 0.0308948 0.259448
8.375 -0.0852067 -0.168752 0.038838 0.242944
8.40625 -0.0901363 -0.146903 0.0456295 0.186379
8.4375 -0.0944001 -0.126126 0.0503963 0.119987
8.46875 -0.0980249 -0.105967 0.0531712 0.0563166
8.5 -0.101037 -0.0871565 0.0537824 -0.0181494
8.53125 -0.103489 -0.0698764 0.0521625 -0.081229
8.5625 -0.105402 -0.0524358 0.0489411 -0.123371
8.59375 -0.10677 -0.0353762 0.0443878 -0.170641
8.625 -0.107624 -0.0192931 0.0381314 -0.231002
8.65625 -0.107969 -0.00261772 0.0299552 -0.291154
8.6875 -0.107787 0.0140999 0.0200373 -0.341681
8.71875 -0.1071 0.0297748 0.0087318 -0.379397
8.75 -0.105924 0.0456085 -0.00347609 -0.397875
8.78125 -0.104244 0.0619056 -0.015833 -0.387512
8.8125 -0.10206 0.0776989 -0.0273571 -0.345402
8.84375 -0.0993965 0.0926301 -0.0372538 -0.287553
8.875 -0.0962829 0.106424 -0.0453616 -0.231114
8.90625 -0.0927571 0.119102 -0.0515284 -0.158781
8.9375 -0.0888421 0.13145 -0.055037 -0.0646933
8.96875 -0.0845446 0.143465 -0.0557334 0.0152516
9 -0.0798837 0.154784 -0.0543411 0.0719116
9.03125 -0.074863 0.166803 -0.051214 0.130118
9.0625 -0.0694446 0.180044 -0.0460964 0.198172
9.09375 -0.0636164 0.192799 -0.038896 0.259737
9.125 -0.0573973 0.205327 -0.0301014 0.29932
9.15625 -0.0507771 0.218346 -0.0203731 0.321118
9.1875 -0.0437617 0.230407 -0.010158 0.330392
9.21875 -0.0363831 0.241883 0.000102987 0.322945
9.25 -0.0286387 0.253754 0.0097998 0.294649
9.28125 -0.0205308 0.26501 0.0185033 0.265928
9.3125 -0.0120754 0.276293 0.0268001 0.27078
9.34375 -0.00325183 0.288486 0.0354856 0.280364
9.375 0.00595066 0.300354 0.0438627 0.249243
9.40625 0.0155197 0.312208 0.0508888 0.200629
9.4375 0.0254767 0.325211 0.0563946 0.149561
9.46875 0.0358482 0.33848 0.0599884 0.0763586
9.5 0.0466241 0.351093 0.0610527 -0.00727221
9.53125 0.0577927 0.363829 0.0597096 -0.075338
9.5625 0.0693748 0.377587 0.0564863 -0.130094
9.59375 0.0813954 0.391697 0.0515832 -0.183731
9.625 0.0938553 0.405825 0.0450093 -0.23728
9.65625 0.106771 0.420942 0.0366809 -0.29714
9.6875 0.120166 0.436182 0.0264659 -0.353343
9.71875 0.134017 0.450048 0.0149095 -0.381627
9.75 0.148284 0.462938 0.00275804 -0.395372
9.78125 0.162937 0.47449 -0.00966533 -0.394651
9.8125 0.177917 0.483915 -0.0214926 -0.356552
9.84375 0.193167 0.491922 -0.0317885 -0.30228
9.875 0.208653 0.499054 -0.0403525 -0.243546
9.90625 0.224348 0.505287 -0.0468117 -0.167543
9.9375 0.24022 0.510285 -0.0508372 -0.0923783
9.96875 0.25623 0.514249 -0.0527228 -0.0290579
10 0.272366 0.518645 -0.0525879 0.0396203
10.0312 0.288652 0.523639 -0.0501984 0.111946
10.0625 0.305091 0.528477 -0.0457894 0.166689
10.0938 0.321687 0.533766 -0.0398716 0.213314
10.125 0.338458 0.539662 -0.0323076 0.272199
10.1562 0.355414 0.545439 -0.0229619 0.321433
10.1875 0.372541 0.550566 -0.0125549 0.339557
10.2188 0.389814 0.554731 -0.00200837 0.331645
10.25 0.407207 0.55837 0.00799465 0.307468
10.2812 0.42471 0.561801 0.0172893 0.290229
10.3125 0.442317 0.565057 0.0262544 0.283361
10.3438 0.460029 0.568559 0.0349029 0.269025
10.375 0.477856 0.572435 0.0431372 0.260692
10.4062 0.495813 0.576924 0.0512694 0.257285
10.4375 0.513916 0.581651 0.0588219 0.218011
10.4688 0.53216 0.58586 0.0645465 0.147048
10.5 0.550537 0.590462 0.068157 0.0878418
10.5312 0.569065 0.595136 0.0701797 0.0416678
10.5625 0.587721 0.598757 0.0707007 -0.00881212
10.5938 0.60649 0.602536 0.0697105 -0.0516531
10.625 0.625378 0.606201 0.0676782 -0.0755438
10.6562 0.644372 0.609519 0.0651086 -0.0879616
10.6875 0.663492 0.614398 0.0621797 -0.100425
10.7188 0.682771 0.619248 0.0587653 -0.118092
10.75 0.702183 0.623185 0.0549885 -0.117167
10.7812 0.721739 0.62862 0.051937 -0.0712384
10.8125 0.741468 0.633725 0.0507462 -0.00467135
10.8438 0.761329 0.637402 0.051677 0.0670153
10.875 0.781324 0.642628 0.0552285 0.164597
10.9062 0.801501 0.64863 0.0620341 0.269231
10.9375 0.821859 0.654395 0.0719747 0.367996
10.9688 0.842419 0.661734 0.0851878 0.479069
11 0.863224 0.669626 0.101803 0.580369
11.0312 0.884261 0.676642 0.121313 0.668942
11.0625 0.905512 0.683453 0.143734 0.76643
11.0938 0.926977 0.690309 0.169009 0.845408
11.125 0.948656 0.697075 0.196291 0.898986
11.1562 0.970535 0.703025 0.225212 0.95177
11.1875 0.992586 0.708238 0.255584 0.986273
11.2188 1.01481 0.71402 0.286469 0.985552
11.25 1.03721 0.719953 0.317016 0.968077
11.2812 1.0598 0.725827 0.346857 0.939125
11.3125 1.08259 0.732956 0.375603 0.901372
11.3438 1.10563 0.741764 0.403424 0.884309
11.375 1.12897 0.752537 0.431047 0.882318
11.4062 1.15268 0.765034 0.458287 0.855581
11.4375 1.1768 0.778334 0.484305 0.808394
11.4688 1.20134 0.792512 0.508757 0.754372
11.5 1.22633 0.806698 0.531218 0.678992
11.5312 1.25174 0.819736 0.551066 0.592273
11.5625 1.27755 0.832088 0.568461 0.525915
11.5938 1.30374 0.843631 0.584193 0.483475
11.625 1.33027 0.854295 0.598749 0.44837
11.6562 1.35713 0.864367 0.612217 0.413527
11.6875 1.38428 0.873332 0.624607 0.380573
11.7188 1.41171 0.88185 0.636195 0.365983
11.75 1.4394 0.890256 0.647787 0.379111
11.7812 1.46733 0.89736 0.659957 0.40035
11.8125 1.49547 0.903176 0.67301 0.441866
11.8438 1.52377 0.90784 0.688086 0.529604
11.875 1.5522 0.91119 0.706249 0.631029
11.9062 1.58071 0.913821 0.727347 0.71743
11.9375 1.6093 0.915712 0.751094 0.803445
11.9688 1.63794 0.917163 0.777581 0.890568
12 1.66663 0.918793 0.806609 0.96463
12.0312 1.69536 0.920051 0.837762 1.02848
12.0625 1.72412 0.920432 0.870886 1.09144
12.0938 1.75288 0.919859 0.905918 1.1482
12.125 1.78161 0.918753 0.942377 1.17919
12.1562 1.8103 0.917645 0.979274 1.17895
12.1875 1.83896 0.916251 1.01605 1.17637
12.2188 1.86757 0.914864 1.05272 1.16509
12.25 1.89613 0.913417 1.08844 1.1157
12.2812 1.92464 0.910691 1.12243 1.06228
12.3125 1.95304 0.907062 1.15484 1.00851
12.3438 1.98133 0.902943 1.18518 0.930995
12.375 2.00946 0.896901 1.21315 0.862746
12.4062 2.03736 0.888848 1.23909 0.792059
12.4375 2.065 0.879944 1.26216 0.675861
12.4688 2.09235 0.869772 1.28097 0.525823
12.5 2.11934 0.857296 1.29502 0.374116
12.5312 2.14591 0.843109 1.30437 0.223392
12.5625 2.17203 0.828722 1.309 0.0771953
12.5938 2.1977 0.813891 1.30967 -0.025753
12.625 2.22289 0.798037 1.3078 -0.0901804
12.6562 2.24758 0.7822 1.30422 -0.135466
12.6875 2.27177 0.765669 1.29951 -0.165862
12.7188 2.29541 0.746772 1.29375 -0.202987
12.75 2.31842 0.725528 1.28706 -0.218155
12.7812 2.34072 0.701166 1.28051 -0.198098
12.8125 2.3622 0.673471 1.27467 -0.176095
12.8438 2.38279 0.643603 1.26951 -0.153314
12.875 2.4024 0.611157 1.26517 -0.122864
12.9062 2.42096 0.576489 1.26193 -0.0827133
12.9375 2.43843 0.541537 1.26007 -0.0367241
12.9688 2.45481 0.506246 1.25958 0.00430385
13 2.47006 0.469775 1.26026 0.0383411
13.0312 2.48416 0.43264 1.26201 0.0751151
13.0625 2.49709 0.394539 1.26495 0.110723
13.0938 2.5088 0.354773 1.26882 0.13653
13.125 2.51925 0.31372 1.27357 0.168841
13.1562 2.52839 0.271156 1.27924 0.188387
13.1875 2.53618 0.227361 1.28488 0.167023
13.2188 2.5426 0.182998 1.28966 0.143766
13.25 2.54761 0.137291 1.29427 0.156702
13.2812 2.55116 0.0898779 1.29958 0.181704
13.3125 2.55321 0.0408112 1.30543 0.190456
13.3438 2.5537 -0.00952159 1.3115 0.200143
13.375 2.55261 -0.0602041 1.31813 0.226867
13.4062 2.54993 -0.111032 1.32581 0.265344
13.4375 2.54567 -0.161242 1.33455 0.288887
13.4688 2.53987 -0.210244 1.34356 0.286061
13.5 2.53254 -0.258366 1.35257 0.294654
13.5312 2.52374 -0.304894 1.3621 0.314084
13.5625 2.51351 -0.349259 1.3721 0.325665
13.5938 2.50193 -0.391648 1.38253 0.342922
13.625 2.48906 -0.431488 1.39353 0.359168
13.6562 2.47499 -0.468056 1.40482 0.360744
13.6875 2.45984 -0.501275 1.4159 0.345637
13.7188 2.44369 -0.531632 1.42624 0.314024
13.75 2.42664 -0.559455 1.43545 0.275037
13.7812 2.40877 -0.583735 1.44353 0.24502
13.8125 2.3902 -0.604113 1.45094 0.232232
13.8438 2.37103 -0.622157 1.45824 0.23763
13.875 2.35134 -0.637843 1.46576 0.239281
13.9062 2.3312 -0.650606 1.47275 0.200601
13.9375 2.31068 -0.662733 1.47801 0.134671
13.9688 2.28977 -0.675518 1.48113 0.0620009
14 2.26846 -0.687902 1.48156 -0.0410589
14.0312 2.24678 -0.699915 1.47826 -0.171197
14.0625 2.22472 -0.712004 1.47103 -0.286757
14.0938 2.20228 -0.723659 1.46044 -0.393489
14.125 2.17951 -0.733746 1.4462 -0.520361
14.1562 2.15645 -0.741836 1.42807 -0.633153
14.1875 2.13315 -0.748722 1.40695 -0.717451
14.2188 2.10966 -0.754346 1.38306 -0.815215
14.25 2.08602 -0.759051 1.35604 -0.908663
14.2812 2.06222 -0.764284 1.32674 -0.959951
14.3125 2.03825 -0.769841 1.29624 -0.992076
14.3438 2.0141 -0.77573 1.26466 -1.03044
14.375 1.98975 -0.782631 1.23169 -1.08222
14.4062 1.96519 -0.7893 1.19692 -1.14206
14.4375 1.94043 -0.794942 1.16055 -1.18121
14.4688 1.91551 -0.80028 1.12318 -1.21335
14.5 1.89042 -0.805418 1.08446 -1.2659
14.5312 1.86517 -0.809913 1.04434 -1.2941
14.5625 1.83981 -0.813539 1.00398 -1.28642
14.5938 1.81434 -0.816261 0.963937 -1.27578
14.625 1.7888 -0.817528 0.924406 -1.25093
14.6562 1.76326 -0.817028 0.885842 -1.21758
14.6875 1.73775 -0.815665 0.848309 -1.18277
14.7188 1.71229 -0.813378 0.812102 -1.13175
14.75 1.68693 -0.80992 0.777669 -1.07127
14.7812 1.66167 -0.806736 0.745189 -1.00671
14.8125 1.6365 -0.803736 0.714811 -0.935835
14.8438 1.61144 -0.800118 0.686848 -0.851587
14.875 1.58649 -0.796861 0.661602 -0.766372
14.9062 1.56164 -0.793702 0.63874 -0.700203
14.9375 1.53688 -0.790621 0.617618 -0.655985
14.9688 1.51221 -0.788983 0.597451 -0.637938
15 1.48757 -0.787672 0.577728 -0.622664
15.0312 1.46298 -0.785997 0.558547 -0.607256
15.0625 1.43844 -0.785113 0.539633 -0.602896
15.0938 1.41392 -0.784028 0.521058 -0.582974
15.125 1.38944 -0.782018 0.503106 -0.571825
15.1562 1.36504 -0.780258 0.484929 -0.595094
15.1875 1.34067 -0.779191 0.4659 -0.621418
15.2188 1.31633 -0.778671 0.446108 -0.646225
15.25 1.292 -0.778225 0.425466 -0.674286
15.2812 1.26769 -0.777801 0.404082 -0.692166
15.3125 1.24338 -0.778038 0.382262 -0.704975
15.3438 1.21907 -0.777716 0.359954 -0.722645
15.375 1.1948 -0.775384 0.33725 -0.726775
15.4062 1.17062 -0.771937 0.314612 -0.724656
15.4375 1.14656 -0.767531 0.291662 -0.747652
15.4688 1.12267 -0.76135 0.267967 -0.763066
15.5 1.09899 -0.754302 0.244337 -0.746284
15.5312 1.07552 -0.747599 0.221276 -0.732293
15.5625 1.05225 -0.741657 0.198502 -0.723751
15.5938 1.02916 -0.736704 0.176235 -0.698169
15.625 1.0062 -0.732806 0.154963 -0.663417
15.6562 0.983349 -0.729571 0.134724 -0.632152
15.6875 0.960603 -0.72612 0.115493 -0.597626
15.7188 0.937963 -0.723035 0.0974215 -0.558018
15.75 0.915402 -0.720941 0.0807737 -0.502954
15.7812 0.89291 -0.718366 0.0662693 -0.422988
15.8125 0.870504 -0.71581 0.0542802 -0.346726
15.8438 0.84816 -0.714254 0.0445944 -0.269924
15.875 0.825873 -0.711833 0.037646 -0.173528
15.9062 0.803676 -0.708921 0.0335667 -0.0928272
15.9375 0.781559 -0.706527 0.0316167 -0.0327714
15.9688 0.75953 -0.703103 0.0315325 0.0263267
16 0.737615 -0.699704 0.0330213 0.0632911
16.0312 0.715782 -0.697755 0.0352054 0.0746897
16.0625 0.694007 -0.69576 0.0377499 0.0904366
16.0938 0.672297 -0.69381 0.040909 0.110024
16.125 0.650636 -0.69252 0.0444075 0.110256
16.1562 0.629016 -0.691079 0.0476747 0.0980611
16.1875 0.607442 -0.689803 0.0504269 0.0743802
16.2188 0.585899 -0.688938 0.0520542 0.0270342
16.25 0.564383 -0.688089 0.0521582 -0.0171305
16.2812 0.542889 -0.687599 0.0511754 -0.043961
16.3125 0.521409 -0.687041 0.0495007 -0.0609448
16.3438 0.499962 -0.685296 0.0475413 -0.0629409
16.375 0.478591 -0.682255 0.0454487 -0.0756913
16.4062 0.457329 -0.678412 0.0425667 -0.1095
16.4375 0.4362 -0.673605 0.0387604 -0.130591
16.4688 0.415248 -0.667 0.0344762 -0.145399
16.5 0.394525 -0.659316 0.0295069 -0.174026
16.5312 0.374034 -0.652176 0.0236847 -0.19511
16.5625 0.353767 -0.644677 0.0175306 -0.196438
16.5938 0.333755 -0.63605 0.011457 -0.192425
16.625 0.314008 -0.627888 0.00550027 -0.188384
16.6562 0.29451 -0.619881 -0.000260273 -0.179039
16.6875 0.275283 -0.610331 -0.00558998 -0.160015
16.7188 0.256378 -0.599414 -0.0101168 -0.127675
16.75 0.237832 -0.587298 -0.0135248 -0.0912334
16.7812 0.219686 -0.573889 -0.0158845 -0.0594959
16.8125 0.201967 -0.560172 -0.0170444 -0.0092684
16.8438 0.184671 -0.546802 -0.0161868 0.0650339
16.875 0.167787 -0.533919 -0.0132046 0.119715
16.9062 0.151294 -0.521698 -0.00895993 0.151824
16.9375 0.135174 -0.510105 -0.00355932 0.195877
16.9688 0.119405 -0.499269 0.00315864 0.228133
17 0.103966 -0.48875 0.0103019 0.224955
17.0312 0.0888621 -0.477877 0.0171601 0.21451
17.0625 0.0740956 -0.467299 0.0236571 0.198758
17.0938 0.059652 -0.457043 0.0294449 0.171326
17.125 0.0455392 -0.446013 0.0344387 0.149038
17.1562 0.0317821 -0.434389 0.0386331 0.11494
17.1875 0.0183975 -0.421984 0.0413823 0.0597061
17.2188 0.00542808 -0.407766 0.0424217 0.00783112
17.25 -0.00707847 -0.392633 0.0417925 -0.0510354
17.2812 -0.0191104 -0.377309 0.039169 -0.113855
17.3125 -0.0306482 -0.360905 0.035065 -0.142315
17.3438 -0.0416614 -0.343982 0.0304527 -0.153957
17.375 -0.0521522 -0.327448 0.025314 -0.17556
17.4062 -0.06212 -0.310292 0.019576 -0.189488
17.4375 -0.0715345 -0.292164 0.0134848 -0.20256
17.4688 -0.080383 -0.274248 0.00672566 -0.23226
17.5 -0.0886799 -0.256762 -0.00103274 -0.262163
17.5312 -0.096429 -0.239159 -0.00945795 -0.273567
17.5625 -0.103629 -0.221699 -0.0179544 -0.268219
17.5938 -0.110289 -0.204611 -0.0261169 -0.252232
17.625 -0.116419 -0.187742 -0.0335642 -0.221905
17.6562 -0.122025 -0.170976 -0.0398927 -0.182769
17.6875 -0.127097 -0.153444 -0.0449839 -0.142691
17.7188 -0.131603 -0.134869 -0.0487861 -0.101022
17.75 -0.135528 -0.116392 -0.0513755 -0.0655663
17.7812 -0.138872 -0.0973154 -0.0527783 -0.0199392
17.8125 -0.14159 -0.0764237 -0.0523833 0.0459453
17.8438 -0.143651 -0.0557157 -0.0500921 0.0965211
17.875 -0.145089 -0.0365189 -0.0463968 0.143726
17.9062 -0.145935 -0.0176222 -0.0407992 0.216967
17.9375 -0.146197 0.00062141 -0.0330187 0.273881
17.9688 -0.14591 0.0176467 -0.0241149 0.291706
18 -0.145092 0.0348619 -0.0148465 0.302423
18.0312 -0.143723 0.0528205 -0.00519911 0.313358
18.0625 -0.141788 0.0710298 0.00450447 0.302597
18.0938 -0.139278 0.0897528 0.0134268 0.26552
18.125 -0.136171 0.109177 0.0210641 0.224493
18.1562 -0.132456 0.128494 0.027537 0.189992
18.1875 -0.128149 0.147003 0.0328483 0.147075
18.2188 -0.123271 0.165209 0.0365092 0.0836477
18.25 -0.117823 0.18347 0.0379245 0.00656913
18.2812 -0.111809 0.201291 0.0370642 -0.0572923
18.3125 -0.105246 0.218741 0.0346015 -0.0977478
18.3438 -0.0981389 0.236075 0.031028 -0.129714
18.375 -0.0904943 0.253139 0.0266887 -0.143491
18.4062 -0.0823179 0.270197 0.0222394 -0.142005
18.4375 -0.073601 0.287823 0.0175577 -0.162653
18.4688 -0.0643189 0.306401 0.011931 -0.19632
18.5 -0.0544413 0.325907 0.00544809 -0.216351
18.5312 -0.0439391 0.346433 -0.00149477 -0.225976
18.5625 -0.0327777 0.368011 -0.00845252 -0.215068
18.5938 -0.0209392 0.389553 -0.014783 -0.190159
18.625 -0.00843408 0.410829 -0.0203831 -0.167418
18.6562 0.00474615 0.432815 -0.0250245 -0.124809
18.6875 0.0186136 0.454492 -0.0280114 -0.0667524
18.7188 0.0331375 0.474898 -0.0293201 -0.0183946
18.75 0.0482947 0.495228 -0.0291055 0.0346268
18.7812 0.0640882 0.515409 -0.0270487 0.0967892
18.8125 0.0804936 0.534299 -0.0231645 0.149981
18.8438 0.0974695 0.552009 -0.0176706 0.203869
18.875 0.114986 0.568952 -0.0102441 0.273127
18.9062 0.133023 0.58529 -0.000670251 0.336035
18.9375 0.151557 0.600646 0.0105319 0.378828
18.9688 0.170548 0.614556 0.0229741 0.416842
19 0.189961 0.627952 0.0363827 0.435374
19.0312 0.209802 0.641978 0.0498112 0.420278
19.0625 0.230092 0.656693 0.0626076 0.399664
19.0938 0.250848 0.671719 0.0747839 0.377866
19.125 0.272077 0.687049 0.0861022 0.345625
19.1562 0.293796 0.702967 0.0963865 0.312047
19.1875 0.316005 0.718163 0.105452 0.264631
19.2188 0.338659 0.731458 0.112826 0.208836
19.25 0.361717 0.74425 0.118679 0.166661
19.2812 0.385167 0.756215 0.123013 0.103895
19.3125 0.40896 0.766402 0.124911 0.0195246
19.3438 0.433075 0.777229 0.124709 -0.0229784
19.375 0.457544 0.78866 0.123808 -0.0347825
19.4062 0.482351 0.798793 0.12238 -0.058431
19.4375 0.507473 0.80923 0.120183 -0.0808656
19.4688 0.532932 0.820053 0.117308 -0.105305
19.5 0.558715 0.829913 0.11346 -0.141794
19.5312 0.584804 0.839843 0.108511 -0.17283
19.5625 0.611204 0.84963 0.102791 -0.191144
19.5938 0.637896 0.858533 0.0967386 -0.192446
19.625 0.664857 0.866864 0.091034 -0.168532
19.6562 0.692061 0.873988 0.0863473 -0.131839
19.6875 0.71947 0.880088 0.0826327 -0.108785
19.7188 0.747063 0.885749 0.0795532 -0.0845324
19.75 0.774823 0.890874 0.0776375 -0.0358245
19.7812 0.802744 0.896106 0.0772017 0.00438145
19.8125 0.830827 0.901071 0.0779116 0.0461028
19.8438 0.859054 0.905468 0.0804939 0.123098
19.875 0.887425 0.910297 0.0855306 0.195043
19.9062 0.915941 0.914457 0.0925425 0.254864
19.9375 0.944561 0.917046 0.101603 0.325779
19.9688 0.973253 0.919191 0.112753 0.383261
20 1.002 0.920477 0.125303 0.417389
20.0312 1.03077 0.920132 0.138755 0.442576
20.0625 1.05949 0.918041 0.152861 0.457526
20.0938 1.08813 0.914471 0.167174 0.456722
20.125 1.11665 0.910763 0.181427 0.457527
20.1562 1.14504 0.906041 0.19587 0.466829
20.1875 1.17325 0.899229 0.210516 0.468642
20.2188 1.20124 0.892006 0.225052 0.459425
20.25 1.22899 0.884069 0.239015 0.430622
20.2812 1.25648 0.87498 0.251904 0.39673
20.3125 1.28369 0.866376 0.264056 0.383677
20.3438 1.31063 0.858299 0.275845 0.368117
20.375 1.33734 0.851439 0.287028 0.351601
20.4062 1.36387 0.846625 0.298347 0.38263
20.4375 1.39026 0.842355 0.31128 0.443639
20.4688 1.41652 0.838579 0.325656 0.46845
20.5 1.44268 0.835243 0.340293 0.468156
20.5312 1.46871 0.83044 0.354954 0.469508
20.5625 1.49457 0.824662 0.369581 0.467864
20.5938 1.52025 0.819044 0.384443 0.487617
20.625 1.54575 0.812449 0.40012 0.513781
20.6562 1.57102 0.804868 0.416524 0.539313
20.6875 1.59606 0.797551 0.43416 0.59332
20.7188 1.62087 0.790186 0.453612 0.649455
20.75 1.64543 0.782072 0.474723 0.704217
20.7812 1.66975 0.773994 0.497882 0.781533
20.8125 1.69382 0.766599 0.523663 0.868063
20.8438 1.71765 0.758723 0.552071 0.94958
20.875 1.74123 0.749875 0.583083 1.03753
20.9062 1.76452 0.74083 0.617002 1.13218
20.9375 1.78752 0.730846 0.653648 1.21001
20.9688 1.81018 0.719588 0.692535 1.27766
21 1.83249 0.708179 0.733244 1.31999
21.0312 1.85444 0.696284 0.774575 1.32207
21.0625 1.876 0.683971 0.816019 1.33495
21.0938 1.8972 0.672498 0.858074 1.35274
21.125 1.91804 0.661154 0.90024 1.34308
21.1562 1.93851 0.649437 0.94212 1.34141
21.1875 1.95864 0.638527 0.984214 1.35107
21.2188 1.97843 0.628135 1.02632 1.33955
21.25 1.99789 0.617238 1.06785 1.31971
21.2812 2.017 0.605568 1.10881 1.29949
21.3125 2.03573 0.593461 1.14883 1.25829
21.3438 2.0541 0.581969 1.1874 1.21283
21.375 2.07211 0.57077 1.22491 1.19148
21.4062 2.08977 0.559378 1.2619 1.17293
21.4375 2.10708 0.549021 1.29801 1.13674
21.4688 2.12409 0.539531 1.33303 1.10745
21.5 2.1408 0.530046 1.36723 1.07728
21.5312 2.15722 0.520808 1.39996 1.011
21.5625 2.17336 0.51216 1.43026 0.930193
21.5938 2.18924 0.504884 1.45839 0.876549
21.625 2.20492 0.498796 1.48551 0.865774
21.6562 2.22043 0.493633 1.51271 0.874879
21.6875 2.23579 0.489913 1.54002 0.870051
21.7188 2.25104 0.48573 1.56708 0.863348
21.75 2.26613 0.479804 1.59401 0.858265
21.7812 2.28102 0.472949 1.62042 0.82655
21.8125 2.29567 0.46437 1.64544 0.773098
21.8438 2.31003 0.454146 1.66867 0.712027
21.875 2.32405 0.443214 1.68982 0.639844
21.9062 2.33772 0.431572 1.70854 0.554771
21.9375 2.35103 0.420184 1.72426 0.447857
21.9688 2.36398 0.408921 1.7365 0.338539
22 2.37658 0.397413 1.74558 0.241744
22.0312 2.38883 0.386835 1.75124 0.111444
22.0625 2.40076 0.376253 1.75217 -0.0523858
22.0938 2.41233 0.364254 1.74817 -0.199421
22.125 2.42351 0.351015 1.73984 -0.333837
22.1562 2.43425 0.335907 1.7272 -0.477028
22.1875 2.44448 0.318263 1.70997 -0.626438
22.2188 2.45411 0.297717 1.68796 -0.783634
22.25 2.46306 0.274323 1.66102 -0.937625
22.2812 2.47124 0.248985 1.62956 -1.07247
22.3125 2.47859 0.220948 1.59417 -1.1898
22.3438 2.48501 0.189737 1.55542 -1.28649
22.375 2.49043 0.156798 1.51403 -1.35707
22.4062 2.49479 0.121555 1.47097 -1.39289
22.4375 2.498 0.083548 1.42726 -1.40227
22.4688 2.49999 0.0437307 1.38342 -1.40221
22.5 2.5007 0.000851056 1.33967 -1.39759
22.5312 2.50002 -0.0445774 1.29611 -1.38874
22.5625 2.49791 -0.0903133 1.25305 -1.3645
22.5938 2.49436 -0.137006 1.21094 -1.32701
22.625 2.48934 -0.184333 1.17057 -1.24571
22.6562 2.48285 -0.230894 1.13375 -1.10483
22.6875 2.47492 -0.2766 1.10153 -0.960153
22.7188 2.46557 -0.321661 1.07367 -0.820611
22.75 2.45481 -0.366988 1.05042 -0.66645
22.7812 2.44264 -0.411758 1.03185 -0.527595
22.8125 2.4291 -0.454603 1.01717 -0.411852
22.8438 2.41424 -0.49657 1.00637 -0.274793
22.875 2.39808 -0.537262 1.00005 -0.133089
22.9062 2.38068 -0.575657 0.997776 -0.015535
22.9375 2.3621 -0.613399 0.998879 0.0809827
22.9688 2.34234 -0.651052 1.00242 0.140137
23 2.32143 -0.687567 1.00745 0.178983
23.0312 2.29938 -0.723241 1.01324 0.182434
23.0625 2.27623 -0.757794 1.01833 0.138657
23.0938 2.25204 -0.790032 1.02181 0.0835687
23.125 2.22688 -0.819836 1.02352 0.0263155
23.1562 2.20083 -0.847008 1.02366 -0.0118153
23.1875 2.17398 -0.871291 1.02307 -0.0239143
23.2188 2.1464 -0.893219 1.02208 -0.0443047
23.25 2.11817 -0.912905 1.01995 -0.095726
23.2812 2.08936 -0.930588 1.01609 -0.14825
23.3125 2.06002 -0.947494 1.01083 -0.189135
23.3438 2.03015 -0.964057 1.00401 -0.251784
23.375 1.99977 -0.97977 0.994994 -0.325072
23.4062 1.96892 -0.994957 0.98364 -0.404607
23.4375 1.93759 -1.0099 0.969506 -0.501163
23.4688 1.90581 -1.02345 0.95242 -0.589373
23.5 1.87365 -1.03472 0.932758 -0.669966
23.5312 1.84116 -1.04435 0.910436 -0.759084
23.5625 1.8084 -1.05225 0.885473 -0.833891
23.5938 1.77542 -1.05747 0.858557 -0.886837
23.625 1.74233 -1.06018 0.830176 -0.924469
23.6562 1.70919 -1.06074 0.801359 -0.909029
23.6875 1.67605 -1.05981 0.773759 -0.85732
23.7188 1.64295 -1.05824 0.747589 -0.819333
23.75 1.60992 -1.05536 0.722682 -0.770681
23.7812 1.577 -1.05157 0.699528 -0.712552
23.8125 1.5442 -1.04771 0.678035 -0.662984
23.8438 1.51154 -1.04257 0.658225 -0.602212
23.875 1.47905 -1.0363 0.64048 -0.533549
23.9062 1.44677 -1.02932 0.624862 -0.465777
23.9375 1.41473 -1.02101 0.611428 -0.392565
23.9688 1.38295 -1.01319 0.600352 -0.318359
24 1.3514 -1.00631 0.59116 -0.278938
24.0312 1.32007 -0.998555 0.582424 -0.283812
24.0625 1.28899 -0.991001 0.573509 -0.283007
24.0938 1.25813 -0.983849 0.564805 -0.277073
24.125 1.22751 -0.975284 0.555894 -0.296597
24.1562 1.19718 -0.965876 0.546297 -0.314301
24.1875 1.16714 -0.9566 0.536422 -0.317339
24.2188 1.13739 -0.947361 0.526326 -0.332462
24.25 1.10794 -0.93771 0.515426 -0.367961
24.2812 1.07879 -0.927452 0.503177 -0.418082
24.3125 1.04997 -0.917418 0.489221 -0.474695
24.3438 1.02146 -0.906466 0.473645 -0.51939
24.375 0.993338 -0.893348 0.456812 -0.559876
24.4062 0.965634 -0.879718 0.438443 -0.618101
24.4375 0.938367 -0.864967 0.418239 -0.67143
24.4688 0.911601 -0.847783 0.396655 -0.70961
24.5 0.885386 -0.82996 0.373793 -0.755017
24.5312 0.859731 -0.811809 0.349494 -0.798311
24.5625 0.834655 -0.793047 0.323959 -0.836252
24.5938 0.81016 -0.774802 0.297238 -0.871652
24.625 0.786224 -0.757177 0.269771 -0.880814
24.6562 0.762825 -0.740571 0.242432 -0.86634
24.6875 0.739929 -0.724746 0.215844 -0.829492
24.7188 0.717535 -0.708441 0.191022 -0.753483
24.75 0.695647 -0.692533 0.168851 -0.667642
24.7812 0.674244 -0.677302 0.149117 -0.596695
24.8125 0.653323 -0.661468 0.131611 -0.521675
24.8438 0.632909 -0.644947 0.116606 -0.437889
24.875 0.613021 -0.627728 0.104291 -0.349087
24.9062 0.59368 -0.610158 0.0948552 -0.254546
24.9375 0.574886 -0.592586 0.0883194 -0.165638
24.9688 0.55665 -0.574465 0.0843935 -0.086713
25 0.538975 -0.557026 0.0828659 -0.011725
25.0312 0.521816 -0.541372 0.0835152 0.0484269
25.0625 0.505128 -0.526844 0.0854468 0.0673527
25.0938 0.488872 -0.513839 0.0874018 0.0568338
25.125 0.473001 -0.501901 0.0891504 0.0584173
25.1562 0.457505 -0.489934 0.0911119 0.0652996
25.1875 0.44237 -0.478902 0.0930838 0.0597526
25.2188 0.427564 -0.468724 0.0948604 0.0540233
25.25 0.413074 -0.458735 0.0963352 0.0365642
25.2812 0.398877 -0.450185 0.0969411 0.000756843
25.3125 0.384921 -0.443135 0.0963668 -0.0382405
25.3438 0.371179 -0.436416 0.0943825 -0.0925583
25.375 0.357644 -0.429847 0.0904717 -0.155874
25.4062 0.344311 -0.423465 0.0849141 -0.195713
25.4375 0.331176 -0.417204 0.0782396 -0.235896
25.4688 0.31824 -0.410564 0.0698357 -0.304819
25.5 0.305522 -0.403379 0.0593085 -0.363642
25.5312 0.293021 -0.396859 0.0473736 -0.399073
25.5625 0.280714 -0.390721 0.0342841 -0.440104
25.5938 0.268612 -0.383678 0.0199211 -0.476194
25.625 0.256728 -0.377134 0.00471647 -0.494293
25.6562 0.245028 -0.371664 -0.010769 -0.491653
25.6875 0.233513 -0.365033 -0.0255869 -0.449951
25.7188 0.222222 -0.357692 -0.0386306 -0.383434
25.75 0.211147 -0.351104 -0.0495016 -0.31046
25.7812 0.200292 -0.343212 -0.0578408 -0.220359
25.8125 0.189714 -0.333771 -0.0632506 -0.128361
25.8438 0.17942 -0.325319 -0.066089 -0.0561998
25.875 0.169376 -0.317387 -0.0667978 0.0124824
25.9062 0.159585 -0.309299 -0.0651663 0.0936672
25.9375 0.150034 -0.302166 -0.0609181 0.177513
25.9688 0.140695 -0.295612 -0.0541518 0.253684
26 0.131549 -0.289946 -0.0452427 0.312483
26.0312 0.122559 -0.28552 -0.0348829 0.347301
26.0625 0.113709 -0.280742 -0.0236404 0.371309
26.0938 0.10501 -0.276188 -0.0118219 0.380473
26.125 0.0964375 -0.272449 -0.000216718 0.357473
26.1562 0.0879947 -0.267608 0.0104251 0.325472
26.1875 0.0797255 -0.261467 0.0203382 0.312181
26.2188 0.0716657 -0.254061 0.0300164 0.306252
26.25 0.0638661 -0.244905 0.0393059 0.284344
26.2812 0.0563636 -0.235253 0.0475326 0.238428
26.3125 0.0491656 -0.225322 0.0540189 0.17451
26.3438 0.0422831 -0.215261 0.0583711 0.104128
26.375 0.035701 -0.206125 0.0605716 0.0371017
26.4062 0.0294002 -0.197041 0.0606268 -0.0356784
26.4375 0.023389 -0.187694 0.0582742 -0.113491
26.4688 0.0176694 -0.178257 0.0537526 -0.172381
26.5 0.0122589 -0.167886 0.047522 -0.229521
26.5312 0.00717515 -0.157602 0.0391757 -0.306166
26.5625 0.00240619 -0.14748 0.0285306 -0.370164
26.5938 -0.00202954 -0.13629 0.01633 -0.407551
26.625 -0.00611716 -0.125515 0.00319257 -0.430964
26.6562 -0.0098782 -0.115031 -0.0104075 -0.435788
26.6875 -0.0132895 -0.103067 -0.0238329 -0.420217
26.7188 -0.016317 -0.0907704 -0.0364099 -0.378951
26.75 -0.0189637 -0.0784995 -0.0471036 -0.299609
26.7812 -0.0212108 -0.0651113 -0.0549784 -0.205751
26.8125 -0.0230245 -0.0508925 -0.0601787 -0.130321
26.8438 -0.0243889 -0.0364218 -0.063172 -0.0597823
26.875 -0.0253029 -0.0221132 -0.0638282 0.0175828
26.9062 -0.0257699 -0.00771341 -0.0621869 0.0853816
26.9375 -0.0257856 0.00654431 -0.0585181 0.150836
26.9688 -0.0253802 0.0190803 -0.052646 0.225971
27 -0.0245996 0.0310247 -0.0444388 0.297016
27.0312 -0.0234284 0.0440146 -0.0342866 0.348842
27.0625 -0.0218578 0.0562188 -0.02289 0.37652
27.0938 -0.0199262 0.0674208 -0.0109884 0.381867
27.125 -0.0176345 0.079403 0.000829375 0.373494
27.1562 -0.0149617 0.0915523 0.0123655 0.365044
27.1875 -0.0119221 0.102835 0.0235436 0.346714
27.2188 -0.00854099 0.113497 0.033836 0.31168
27.25 -0.00483046 0.123968 0.0432296 0.294011
27.2812 -0.000794324 0.134282 0.0522514 0.27859
27.3125 0.00355539 0.143972 0.0601752 0.222079
27.3438 0.00819696 0.152989 0.0659681 0.148855
27.375 0.0131092 0.161225 0.0694764 0.0747509
27.4062 0.0182644 0.168655 0.070643 0.0022722
27.4375 0.0236542 0.17643 0.0698372 -0.0516771
27.4688 0.0292985 0.184884 0.0673335 -0.112149
27.5 0.0352182 0.194258 0.0626984 -0.183328
27.5312 0.0414661 0.206057 0.0560858 -0.236514
27.5625 0.0481155 0.219631 0.047997 -0.28164
27.5938 0.0551974 0.233735 0.0384572 -0.328299
27.625 0.0627364 0.248941 0.0276045 -0.3629
27.6562 0.0707576 0.264292 0.0160712 -0.369379
27.6875 0.0792478 0.279081 0.00488447 -0.341707
27.7188 0.088206 0.29432 -0.00508086 -0.293864
27.75 0.0976384 0.309185 -0.0133291 -0.230858
27.7812 0.107525 0.323604 -0.019289 -0.147272
27.8125 0.117874 0.338889 -0.0223813 -0.0493862
27.8438 0.1287 0.353783 -0.022416 0.0441738
27.875 0.139978 0.368078 -0.0199179 0.110803
27.9062 0.151718 0.383474 -0.0156192 0.166059
27.9375 0.163946 0.39895 -0.00930463 0.241161
27.9688 0.176646 0.413862 -0.000560484 0.315445
28 0.189822 0.429625 0.0102469 0.375772
28.0312 0.203503 0.445907 0.0229818 0.439153
28.0625 0.217692 0.46235 0.0374695 0.481649
28.0938 0.232412 0.479936 0.0527265 0.49169
28.125 0.247702 0.498845 0.0681404 0.493993
28.1562 0.2636 0.518682 0.083444 0.482009
28.1875 0.280119 0.53844 0.0981723 0.462126
28.2188 0.297248 0.55791 0.112513 0.457708
28.25 0.315 0.578375 0.126724 0.448642
28.2812 0.333393 0.59843 0.140386 0.424961
28.3125 0.352381 0.616645 0.153321 0.403215
28.3438 0.371942 0.635628 0.165466 0.369821
28.375 0.392119 0.655601 0.176135 0.309353
28.4062 0.412903 0.674422 0.184747 0.243514
28.4375 0.43427 0.693213 0.191535 0.194056
28.4688 0.456236 0.712615 0.197049 0.161258
28.5 0.478806 0.731832 0.201705 0.136467
28.5312 0.501982 0.751544 0.20542 0.0971643
28.5625 0.525783 0.771779 0.207588 0.0415724
28.5938 0.55022 0.79223 0.208228 0.00455225
28.625 0.575299 0.812763 0.208136 -0.00805638
28.6562 0.601007 0.832373 0.207812 -0.0108928
28.6875 0.627312 0.851016 0.207646 0.00416955
28.7188 0.654186 0.868711 0.208313 0.0420585
28.75 0.681595 0.88544 0.210483 0.0999382
28.7812 0.709533 0.902738 0.214706 0.171546
28.8125 0.738022 0.920539 0.221222 0.245303
28.8438 0.767065 0.938286 0.230039 0.319319
28.875 0.796678 0.957201 0.241205 0.395345
28.9062 0.826892 0.976277 0.254683 0.464793
28.9375 0.857682 0.994133 0.270029 0.513619
28.9688 0.889021 1.01154 0.286681 0.553372
29 0.920889 1.02764 0.304811 0.609913
29.0312 0.953226 1.04162 0.324796 0.665445
29.0625 0.985976 1.05408 0.346033 0.687376
29.0938 1.01908 1.06433 0.367419 0.676737
29.125 1.05247 1.07247 0.38806 0.64042
29.1562 1.0861 1.07945 0.4073 0.590689
29.1875 1.11992 1.08474 0.425029 0.544287
29.2188 1.15388 1.08832 0.441244 0.491651
29.25 1.18793 1.09078 0.455759 0.43999
29.2812 1.22204 1.09174 0.468944 0.404833
29.3125 1.25615 1.09134 0.48088 0.354032
29.3438 1.29024 1.09077 0.490882 0.286295
29.375 1.32432 1.09023 0.498851 0.223666
29.4062 1.35837 1.08864 0.504765 0.153979
29.4375 1.39236 1.08673 0.508612 0.0966443
29.4688 1.4263 1.08574 0.511013 0.0582444
29.5 1.46021 1.08351 0.512328 0.0291851
29.5312 1.494 1.07885 0.513122 0.0243197
29.5625 1.52763 1.07382 0.513694 0.0057435
29.5938 1.56111 1.06824 0.513149 -0.0413352
29.625 1.59437 1.06065 0.511392 -0.0636718
29.6562 1.62738 1.0518 0.509569 -0.0494186
29.6875 1.6601 1.04201 0.508333 -0.0308946
29.7188 1.6925 1.03093 0.507686 -0.00574382
29.75 1.72452 1.01857 0.508476 0.0645981
29.7812 1.75614 1.00508 0.511974 0.158604
29.8125 1.78734 0.991613 0.518301 0.247114
29.8438 1.81812 0.97819 0.527621 0.352645
29.875 1.84847 0.963765 0.540358 0.459845
29.9062 1.87835 0.948575 0.556188 0.552329
29.9375 1.90774 0.931771 0.574948 0.650117
29.9688 1.93655 0.912217 0.596791 0.743822
30 1.96473 0.890588 0.621017 0.799704
30.0312 1.9922 0.867079 0.646571 0.836851
30.0625 2.0189 0.841715 0.673459 0.884135
30.0938 2.04479 0.81541 0.701629 0.914045
30.125 2.06986 0.788639 0.730394 0.925846
30.1562 2.09408 0.761013 0.759457 0.933486
30.1875 2.11741 0.73205 0.788771 0.945333
30.2188 2.13982 0.702059 0.818775 0.977561
30.25 2.16128 0.671072 0.849861 1.00981
30.2812 2.18174 0.637996 0.881762 1.03063
30.3125 2.20113 0.60306 0.914182 1.04158
30.3438 2.21942 0.567481 0.946599 1.0278
30.375 2.23659 0.530972 0.978115 0.986036
30.4062 2.25261 0.494282 1.0082 0.94174
30.4375 2.2675 0.458793 1.0371 0.907815
30.4688 2.28129 0.423798 1.06494 0.875346
30.5 2.29399 0.389836 1.09204 0.864037
30.5312 2.30567 0.357966 1.11918 0.874814
30.5625 2.31638 0.327452 1.1467 0.885549
30.5938 2.32616 0.298633 1.17442 0.885641
30.625 2.33506 0.271659 1.202 0.882499
30.6562 2.34315 0.245985 1.22999 0.917322
30.6875 2.35046 0.222171 1.25983 0.998677
30.7188 2.35704 0.199155 1.29265 1.1045
30.75 2.3629 0.175427 1.32889 1.21289
30.7812 2.36801 0.151888 1.36833 1.31012
30.8125 2.3724 0.128917 1.41074 1.4031
30.8438 2.37606 0.105853 1.45589 1.48338
30.875 2.37901 0.0828252 1.50326 1.54394
30.9062 2.38125 0.0606179 1.55194 1.56223
30.9375 2.38282 0.0399493 1.60047 1.54297
30.9688 2.38375 0.0200873 1.64859 1.54017
31 2.38408 0.00116087 1.69656 1.52111
31.0312 2.38386 -0.0146441 1.74307 1.44909
31.0625 2.3832 -0.0274905 1.78699 1.36115
31.0938 2.38216 -0.0386754 1.82792 1.25179
31.125 2.3808 -0.0477258 1.86475 1.09787
31.1562 2.37919 -0.0551331 1.89619 0.910287
31.1875 2.37736 -0.0625487 1.92141 0.700736
31.2188 2.37528 -0.0703164 1.93987 0.480264
31.25 2.37297 -0.0775632 1.95146 0.261682
31.2812 2.37044 -0.0842455 1.95609 0.0305574
31.3125 2.3677 -0.0905824 1.95321 -0.214498
31.3438 2.36479 -0.0956001 1.94284 -0.446719
31.375 2.36174 -0.0997637 1.92524 -0.682519
31.4062 2.35855 -0.104316 1.90016 -0.918827
31.4375 2.35522 -0.108716 1.86822 -1.11905
31.4688 2.35175 -0.113621 1.83047 -1.2938
31.5 2.3481 -0.120522 1.78762 -1.44296
31.5312 2.3442 -0.128999 1.74061 -1.56328
31.5625 2.34002 -0.138901 1.68985 -1.68805
31.5938 2.3355 -0.150384 1.63516 -1.80625
31.625 2.33061 -0.162677 1.57746 -1.87933
31.6562 2.32533 -0.175992 1.51803 -1.92041
31.6875 2.3196 -0.190515 1.45786 -1.91777
31.7188 2.31341 -0.205571 1.39915 -1.82482
31.75 2.30674 -0.222105 1.3443 -1.68564
31.7812 2.29951 -0.240531 1.29355 -1.56718
31.8125 2.29169 -0.260079 1.24619 -1.46399
31.8438 2.28323 -0.281968 1.20216 -1.35062
31.875 2.27405 -0.305993 1.16193 -1.2238
31.9062 2.2641 -0.330676 1.12548 -1.11496
31.9375 2.25336 -0.357593 1.09187 -1.04029
31.9688 2.24173 -0.387092 1.06041 -0.971909
32 2.22916 -0.417443 1.03106 -0.911235
32.0312 2.21563 -0.44847 1.00306 -0.88636
32.0625 2.20112 -0.479994 0.975471 -0.880061
32.0938 2.18563 -0.511665 0.947997 -0.881565
32.125 2.16915 -0.542934 0.92004 -0.913181
32.1562 2.15171 -0.57313 0.890756 -0.959997
32.1875 2.13333 -0.603275 0.860282 -0.985017
32.2188 2.114 -0.63353 0.829483 -0.983096
32.25 2.09374 -0.662464 0.79892 -0.972601
32.2812 2.07261 -0.69018 0.768695 -0.962266
32.3125 2.05061 -0.717503 0.738737 -0.955159
32.3438 2.02777 -0.744482 0.709079 -0.940879
32.375 2.00408 -0.771226 0.679944 -0.926386
32.4062 1.97956 -0.79813 0.650998 -0.92625
32.4375 1.95419 -0.825742 0.622284 -0.906971
32.4688 1.92795 -0.853488 0.594327 -0.886523
32.5 1.90087 -0.879453 0.566689 -0.879501
32.5312 1.87301 -0.903461 0.539923 -0.82275
32.5625 1.84442 -0.925809 0.515584 -0.737427
32.5938 1.81518 -0.94503 0.493451 -0.683878
32.625 1.78539 -0.961245 0.472934 -0.621638
32.6562 1.75512 -0.975653 0.455148 -0.510441
32.6875 1.72443 -0.988005 0.441147 -0.386334
32.7188 1.69339 -0.998472 0.431039 -0.257709
32.75 1.66203 -1.00818 0.425199 -0.116395
32.7812 1.63038 -1.01732 0.4235 0.000947085
32.8125 1.59847 -1.02485 0.424841 0.0785605
32.8438 1.56635 -1.03094 0.427998 0.117037
32.875 1.53404 -1.03672 0.431897 0.13178
32.9062 1.50157 -1.0409 0.436343 0.15467
32.9375 1.469 -1.043 0.441512 0.172329
32.9688 1.43638 -1.04472 0.446786 0.159914
33 1.40372 -1.04561 0.451249 0.122687
33.0312 1.37104 -1.04556 0.454286 0.0687707
33.0625 1.33836 -1.04603 0.455328 -0.00596181
33.0938 1.30567 -1.04598 0.453692 -0.101331
33.125 1.273 -1.04488 0.44891 -0.20497
33.1562 1.24036 -1.04415 0.440928 -0.304261
33.1875 1.20774 -1.04346 0.430024 -0.391504
33.2188 1.17515 -1.04225 0.416557 -0.469089
33.25 1.1426 -1.0406 0.400841 -0.533255
33.2812 1.11012 -1.03825 0.383484 -0.574011
33.3125 1.07772 -1.0354 0.365075 -0.604388
33.3438 1.04542 -1.0312 0.34563 -0.641236
33.375 1.01329 -1.02506 0.325034 -0.674217
33.4062 0.981359 -1.01865 0.303749 -0.683531
33.4375 0.949625 -1.01217 0.282523 -0.67301
33.4688 0.918111 -1.00453 0.26178 -0.65243
33.5 0.88685 -0.996073 0.241944 -0.613829
33.5312 0.855861 -0.987125 0.22352 -0.565364
33.5625 0.825161 -0.977499 0.206599 -0.516437
33.5938 0.79478 -0.966684 0.191396 -0.454267
33.625 0.764752 -0.955147 0.178196 -0.393065
33.6562 0.735073 -0.944473 0.166702 -0.342067
33.6875 0.70572 -0.93403 0.157039 -0.271158
33.7188 0.676703 -0.922998 0.15003 -0.174162
33.75 0.648029 -0.912165 0.146342 -0.0591053
33.7812 0.619701 -0.900629 0.146363 0.0568144
33.8125 0.591755 -0.887705 0.149431 0.130881
33.8438 0.564232 -0.873458 0.154181 0.170996
33.875 0.53719 -0.856852 0.16005 0.201945
33.9062 0.510697 -0.838508 0.166478 0.20368
33.9375 0.484796 -0.818783 0.172602 0.188921
33.9688 0.459545 -0.79711 0.178387 0.181358
34 0.434977 -0.775348 0.183711 0.152703
34.0312 0.411085 -0.753575 0.187474 0.0818692
34.0625 0.38789 -0.730872 0.188609 -0.00993179
34.0938 0.365388 -0.709648 0.186898 -0.098951
34.125 0.343523 -0.68965 0.182353 -0.194685
34.1562 0.322298 -0.668606 0.174595 -0.301719
34.1875 0.301731 -0.647907 0.163669 -0.393149
34.2188 0.281796 -0.62786 0.1503 -0.458354
34.25 0.262499 -0.607075 0.135284 -0.4985
34.2812 0.24385 -0.586627 0.119294 -0.525408
34.3125 0.225826 -0.566915 0.102272 -0.566576
34.3438 0.208423 -0.546831 0.0839612 -0.600073
34.375 0.191649 -0.526816 0.0651135 -0.60352
34.4062 0.175489 -0.507505 0.0461578 -0.612464
34.4375 0.159929 -0.488256 0.0268891 -0.61457
34.4688 0.144976 -0.468755 0.00828682 -0.56881
34.5 0.130624 -0.449991 -0.00853554 -0.51023
34.5312 0.116839 -0.43232 -0.0237579 -0.463875
34.5625 0.10361 -0.414151 -0.0373337 -0.400777
34.5938 0.0909657 -0.395023 -0.0486442 -0.322465
34.625 0.078917 -0.376177 -0.0574895 -0.243347
34.6562 0.0674566 -0.357144 -0.0638026 -0.159647
34.6875 0.0566051 -0.337278 -0.067371 -0.0660359
34.7188 0.0463731 -0.317711 -0.0676746 0.0511548
34.75 0.0367404 -0.298855 -0.0639883 0.185473
34.7812 0.0276922 -0.280244 -0.0561237 0.316956
34.8125 0.0192261 -0.261529 -0.0442444 0.440815
34.8438 0.0113511 -0.242442 -0.0289457 0.528856
34.875 0.00406989 -0.223692 -0.011838 0.557174
34.9062 -0.00263781 -0.20566 0.00554095 0.55287
34.9375 -0.00878315 -0.187628 0.0226623 0.54212
34.9688 -0.0143709 -0.170236 0.039317 0.520993
35 -0.0194423 -0.154617 0.0549924 0.47791
35.0312 -0.0240456 -0.140093 0.068922 0.409824
35.0625 -0.0282059 -0.126368 0.0803974 0.32127
35.0938 -0.031959 -0.114034 0.0887702 0.210855
35.125 -0.0353373 -0.102121 0.0934217 0.0865001
35.1562 -0.0383377 -0.089911 0.0942941 -0.0274196
35.1875 -0.0409613 -0.0780552 0.0918903 -0.124519
35.2188 -0.0432121 -0.0658169 0.0865816 -0.214194
35.25 -0.0450627 -0.0524963 0.0786216 -0.292293
35.2812 -0.0464914 -0.038965 0.0685513 -0.347845
35.3125 -0.0475002 -0.0256587 0.0571397 -0.37943
35.3438 -0.0481045 -0.0132519 0.0448798 -0.407178
35.375 -0.0483425 -0.00212424 0.0314958 -0.451584
35.4062 -0.048242 0.00846453 0.0167415 -0.48758
35.4375 -0.0478264 0.0178342 0.00141979 -0.487803
35.4688 -0.0471416 0.0259349 -0.0136056 -0.4738
35.5 -0.0462006 0.0343719 -0.0281562 -0.454706
35.5312 -0.0449966 0.0425117 -0.0417169 -0.4075
35.5625 -0.0435517 0.0499895 -0.0533847 -0.338233
35.5938 -0.0418621 0.0583212 -0.0629428 -0.275936
35.625 -0.0399031 0.0670032 -0.0707158 -0.220888
35.6562 -0.0376737 0.0758628 -0.076578 -0.150127
35.6875 -0.0351415 0.0865364 -0.0798186 -0.0530898
35.7188 -0.0322548 0.0981641 -0.0797011 0.0622347
35.75 -0.0290139 0.109198 -0.0759275 0.17831
35.7812 -0.0254232 0.12084 -0.0685711 0.293866
35.8125 -0.0214492 0.133536 -0.0574363 0.419241
35.8438 -0.017085 0.145589 -0.0426197 0.520273
35.875 -0.012352 0.157524 -0.0255691 0.561881
35.9062 -0.00721821 0.171368 -0.00785644 0.568591
35.9375 -0.00163438 0.185883 0.00976008 0.554397
35.9688 0.00438919 0.199558 0.026513 0.514826
36 0.010844 0.21371 0.0418919 0.469901
36.0312 0.0177489 0.228079 0.0558351 0.419478
36.0625 0.0250869 0.241409 0.0677979 0.340093
36.0938 0.0328339 0.25438 0.0767378 0.227568
36.125 0.0409798 0.266793 0.0818634 0.100173
36.1562 0.0495004 0.278505 0.0830945 -0.0187361
36.1875 0.05839 0.290455 0.0808641 -0.121412
36.2188 0.0676464 0.301726 0.0756721 -0.207995
36.25 0.077237 0.312023 0.0680521 -0.276698
36.2812 0.0871481 0.322231 0.0585699 -0.32693
36.3125 0.0973641 0.331319 0.0478036 -0.360142
36.3438 0.107843 0.339279 0.0360885 -0.390142
36.375 0.118568 0.346991 0.0234372 -0.41776
36.4062 0.129515 0.35332 0.0101146 -0.433924
36.4375 0.140637 0.358461 -0.00375049 -0.455142
36.4688 0.151924 0.36402 -0.0182602 -0.468245
36.5 0.163394 0.370115 -0.0325485 -0.439289
36.5312 0.175063 0.376826 -0.0454876 -0.38809
36.5625 0.186956 0.384497 -0.0567973 -0.335081
36.5938 0.199104 0.393143 -0.0663623 -0.276059
36.625 0.211535 0.402523 -0.0739669 -0.208178
36.6562 0.224258 0.411584 -0.0791557 -0.120783
36.6875 0.237253 0.420069 -0.0814749 -0.0293073
36.7188 0.250511 0.428439 -0.0810488 0.0585534
36.75 0.264022 0.436055 -0.0774899 0.175453
36.7812 0.277756 0.44282 -0.0698755 0.310979
36.8125 0.291693 0.448994 -0.0583106 0.423524
36.8438 0.305804 0.45392 -0.0437282 0.505721
36.875 0.320055 0.458137 -0.0268853 0.569706
36.9062 0.334441 0.462578 -0.00838117 0.60751
36.9375 0.348965 0.466982 0.0104962 0.591253
36.9688 0.363631 0.471725 0.028245 0.54461
37 0.378458 0.477388 0.0446874 0.509554
37.0312 0.393474 0.483679 0.060029 0.469368
37.0625 0.408688 0.489916 0.0738702 0.414873
37.0938 0.424085 0.495408 0.0857972 0.343733
37.125 0.439653 0.501116 0.0950009 0.2411
37.1562 0.455416 0.507703 0.100834 0.134857
37.1875 0.471373 0.513288 0.103621 0.0457716
37.2188 0.487491 0.518451 0.103843 -0.0278136
37.25 0.503796 0.525351 0.102233 -0.0689209
37.2812 0.520322 0.531999 0.0998104 -0.084437
37.3125 0.537033 0.537505 0.0969452 -0.0995412
37.3438 0.553928 0.543972 0.093635 -0.109902
37.375 0.571029 0.550243 0.0902716 -0.102757
37.4062 0.588306 0.555553 0.0872561 -0.0914087
37.4375 0.605763 0.561893 0.0844721 -0.0868774
37.4688 0.623427 0.568423 0.0819602 -0.0700192
37.5 0.641283 0.574472 0.0803497 -0.0294442
37.5312 0.659346 0.581827 0.0803283 0.0315645
37.5625 0.677658 0.590194 0.0825499 0.1139
37.5938 0.69624 0.599321 0.0875821 0.209008
37.625 0.715132 0.609894 0.0955933 0.30249
37.6562 0.734361 0.62073 0.106396 0.387906
37.6875 0.753929 0.631742 0.119872 0.476835
37.7188 0.773856 0.64369 0.136396 0.583717
37.75 0.794159 0.655673 0.15646 0.700532
37.7812 0.814838 0.66802 0.18012 0.812094
37.8125 0.835929 0.682122 0.207119 0.914919
37.8438 0.857489 0.697977 0.237277 1.01422
37.875 0.879565 0.715056 0.270263 1.08926
37.9062 0.902191 0.733181 0.304768 1.11041
37.9375 0.925401 0.752463 0.339336 1.09986
37.9688 0.949226 0.772336 0.373404 1.0776
38 0.97367 0.792059 0.406432 1.03196
38.0312 0.998731 0.811819 0.437704 0.967413
38.0625 1.0244 0.830763 0.466827 0.896581
38.0938 1.05063 0.847949 0.493806 0.830853
38.125 1.07739 0.863921 0.518633 0.752479
38.1562 1.10461 0.877954 0.540383 0.633475
38.1875 1.13223 0.889881 0.558117 0.504412
38.2188 1.16023 0.901635 0.572274 0.408745
38.25 1.18859 0.913211 0.584057 0.349926
38.2812 1.21729 0.923991 0.594295 0.306372
38.3125 1.24634 0.93482 0.603333 0.275995
38.3438 1.27572 0.945746 0.611817 0.269417
38.375 1.30544 0.956487 0.620109 0.258556
38.4062 1.33549 0.966374 0.627968 0.24801
38.4375 1.36582 0.974784 0.635888 0.26104
38.4688 1.39642 0.983127 0.644205 0.269075
38.5 1.42727 0.991263 0.652778 0.284501
38.5312 1.45835 0.997589 0.662333 0.330931
38.5625 1.48961 1.00333 0.673579 0.390074
38.5938 1.52106 1.00891 0.686814 0.458329
38.625 1.55265 1.01301 0.702241 0.528475
38.6562 1.58436 1.0163 0.719832 0.597482
38.6875 1.61617 1.01902 0.739537 0.66164
38.7188 1.64803 1.02026 0.76108 0.717486
38.75 1.67992 1.02004 0.784549 0.787878
38.7812 1.71178 1.019 0.810413 0.866808
38.8125 1.7436 1.01776 0.838648 0.939129
38.8438 1.77538 1.01586 0.86899 0.998924
38.875 1.80709 1.01329 0.900717 1.02506
38.9062 1.83871 1.01079 0.932721 1.01906
38.9375 1.87025 1.00698 0.964156 0.988132
38.9688 1.90162 1.0008 0.994143 0.925589
39 1.93278 0.992708 1.02175 0.838565
39.0312 1.96365 0.982401 1.04649 0.744928
39.0625 1.99416 0.970077 1.06821 0.64264
39.0938 2.02426 0.956494 1.08653 0.529409
39.125 2.05392 0.941337 1.10141 0.425334
39.1562 2.08308 0.924328 1.11323 0.331935
39.1875 2.11168 0.906203 1.1222 0.243309
39.2188 2.1397 0.886697 1.12848 0.159202
39.25 2.16707 0.864906 1.13239 0.0984601
39.2812 2.19374 0.841748 1.13521 0.0907074
39.3125 2.21967 0.817378 1.13827 0.10346
39.3438 2.2448 0.79057 1.14139 0.0905794
39.375 2.26906 0.761758 1.14367 0.0533871
39.4062 2.2924 0.731659 1.14476 0.0183886
39.4375 2.31478 0.700433 1.1449 -0.0108205
39.4688 2.33617 0.668842 1.14392 -0.0536804
39.5 2.35659 0.637631 1.14166 -0.0850588
39.5312 2.37603 0.606835 1.13901 -0.0790685
39.5625 2.39452 0.57648 1.137 -0.0459128
39.5938 2.41207 0.546772 1.13631 0.00418061
39.625 2.42868 0.516123 1.13737 0.065167
39.6562 2.4443 0.483083 1.14042 0.129106
39.6875 2.45886 0.448728 1.14528 0.179424
39.7188 2.47232 0.412447 1.15166 0.233116
39.75 2.4846 0.372419 1.16023 0.320169
39.7812 2.49557 0.32969 1.17173 0.412633
39.8125 2.50519 0.285272 1.18584 0.489977
39.8438 2.51338 0.238593 1.2025 0.580257
39.875 2.52008 0.19008 1.22221 0.679179
39.9062 2.52525 0.140656 1.24455 0.741007
39.9375 2.52886 0.0903948 1.26805 0.759606
39.9688 2.53089 0.0393698 1.29208 0.782607
40 2.53132 -0.0116869 1.31715 0.82108
40.0312 2.53017 -0.0615538 1.3432 0.842301
40.0625 2.5275 -0.10946 1.36973 0.858346
40.0938 2.52335 -0.155447 1.39702 0.888729
40.125 2.51781 -0.198848 1.42509 0.902148
40.1562 2.51095 -0.239293 1.4531 0.88878
40.1875 2.50287 -0.278175 1.4807 0.878947
40.2188 2.49358 -0.315865 1.50792 0.856929
40.25 2.48315 -0.351008 1.53378 0.792252
40.2812 2.47167 -0.383092 1.55734 0.717519
40.3125 2.45923 -0.412632 1.5788 0.657323
40.3438 2.44592 -0.439154 1.59834 0.589965
40.375 2.43183 -0.461559 1.61537 0.49416
40.4062 2.4171 -0.480883 1.6289 0.368382
40.4375 2.4018 -0.498213 1.63847 0.24849
40.4688 2.38599 -0.51252 1.64464 0.146422
40.5 2.36979 -0.524422 1.64743 0.0285698
40.5312 2.35323 -0.535142 1.64637 -0.0938013
40.5625 2.33636 -0.544209 1.64175 -0.199343
40.5938 2.31922 -0.552625 1.63403 -0.293147
40.625 2.30182 -0.560885 1.6235 -0.381505
40.6562 2.28418 -0.567717 1.6101 -0.476612
40.6875 2.26635 -0.573901 1.59379 -0.564207
40.7188 2.24832 -0.57977 1.57512 -0.625712
40.75 2.23013 -0.584213 1.55501 -0.655938
40.7812 2.21181 -0.587945 1.53438 -0.662018
40.8125 2.19338 -0.591732 1.5136 -0.67023
40.8438 2.17482 -0.596221 1.49224 -0.703648
40.875 2.1561 -0.602124 1.46918 -0.777682
40.9062 2.13718 -0.608677 1.44356 -0.859906
40.9375 2.11805 -0.616131 1.41546 -0.942188
40.9688 2.09866 -0.624715 1.38432 -1.05452
41 2.07901 -0.63315 1.34963 -1.16059
41.0312 2.05909 -0.64113 1.31196 -1.24988
41.0625 2.03895 -0.647973 1.27155 -1.33386
41.0938 2.01861 -0.653268 1.2289 -1.39064
41.125 1.99812 -0.658051 1.18488 -1.4244
41.1562 1.97749 -0.661984 1.13997 -1.44846
41.1875 1.95676 -0.665229 1.09445 -1.46186
41.2188 1.93591 -0.669424 1.0489 -1.44814
41.25 1.91491 -0.674138 1.00407 -1.42206
41.2812 1.89378 -0.678475 0.959969 -1.39926
41.3125 1.8725 -0.683573 0.916797 -1.36091
41.3438 1.85104 -0.689607 0.874978 -1.31575
41.375 1.8294 -0.695766 0.834523 -1.27458
41.4062 1.80754 -0.703417 0.795159 -1.24796
41.4375 1.78541 -0.713446 0.756418 -1.23101
41.4688 1.76294 -0.724342 0.71829 -1.20881
41.5 1.74014 -0.735378 0.680872 -1.18441
41.5312 1.71698 -0.746832 0.644498 -1.13932
41.5625 1.69346 -0.757914 0.609776 -1.08329
41.5938 1.66963 -0.767346 0.576853 -1.01958
41.625 1.64552 -0.775593 0.546433 -0.921986
41.6562 1.62115 -0.783491 0.519345 -0.813172
41.6875 1.59656 -0.790142 0.495416 -0.72157
41.7188 1.57178 -0.795413 0.474141 -0.639143
41.75 1.54685 -0.800073 0.455668 -0.539413
41.7812 1.52179 -0.804234 0.440492 -0.43452
41.8125 1.49659 -0.808039 0.428215 -0.356423
41.8438 1.47129 -0.811293 0.417888 -0.310479
41.875 1.44589 -0.81417 0.408375 -0.305167
41.9062 1.4204 -0.817018 0.398489 -0.331405
41.9375 1.39483 -0.819218 0.38744 -0.378573
41.9688 1.36921 -0.820506 0.374842 -0.42387
42 1.34357 -0.820653 0.36122 -0.446429
42.0312 1.31793 -0.819696 0.346755 -0.484449
42.0625 1.29233 -0.818777 0.330798 -0.5349
42.0938 1.26676 -0.817971 0.313552 -0.565885
42.125 1.24121 -0.816932 0.295513 -0.587797
42.1562 1.21569 -0.816467 0.276919 -0.600044
42.1875 1.19017 -0.816969 0.258095 -0.604615
42.2188 1.16463 -0.818167 0.239106 -0.610665
42.25 1.13904 -0.819409 0.219972 -0.612704
42.2812 1.11342 -0.820228 0.200911 -0.605111
42.3125 1.08777 -0.820863 0.182317 -0.582077
42.3438 1.06212 -0.820542 0.164666 -0.546682
42.375 1.03651 -0.818857 0.148104 -0.515218
42.4062 1.01095 -0.817014 0.132355 -0.493374
42.4375 0.985444 -0.815076 0.117323 -0.466958
42.4688 0.960002 -0.813393 0.103218 -0.436684
42.5 0.934593 -0.812904 0.0899222 -0.415278
42.5312 0.909196 -0.812411 0.0773501 -0.385615
42.5625 0.883818 -0.8119 0.0660768 -0.332986
42.5938 0.858445 -0.811925 0.0565907 -0.274678
42.625 0.833085 -0.810926 0.0488992 -0.216495
42.6562 0.80776 -0.81016 0.0432001 -0.145654
42.6875 0.782433 -0.810836 0.039894 -0.0659794
42.7188 0.757095 -0.810514 0.0389637 0.00324561
42.75 0.731777 -0.810087 0.0398814 0.0528303
42.7812 0.706451 -0.810681 0.0422319 0.099367
42.8125 0.681132 -0.809254 0.0462585 0.160163
42.8438 0.655893 -0.806012 0.0521675 0.213396
42.875 0.630756 -0.802634 0.059169 0.227092
42.9062 0.605746 -0.797599 0.0659483 0.201875
42.9375 0.580927 -0.790616 0.0716113 0.159829
42.9688 0.556342 -0.782683 0.0759768 0.120632
43 0.532015 -0.774176 0.0791659 0.0826572
43.0312 0.507962 -0.765074 0.0810825 0.0398253
43.0625 0.48421 -0.754868 0.0817197 0.00252493
43.0938 0.460782 -0.74472 0.0812708 -0.0324535
43.125 0.437654 -0.735566 0.0795605 -0.0785913
43.1562 0.414809 -0.726546 0.076409 -0.119598
43.1875 0.392237 -0.718268 0.0723929 -0.132643
43.2188 0.369912 -0.710436 0.0682971 -0.128889
43.25 0.347845 -0.701774 0.0642867 -0.129067
43.2812 0.326046 -0.693497 0.0601823 -0.133634
43.3125 0.304502 -0.685067 0.0559737 -0.134687
43.3438 0.283248 -0.67494 0.0518143 -0.131478
43.375 0.26232 -0.664535 0.0476856 -0.134756
43.4062 0.241716 -0.653957 0.0432883 -0.147265
43.4375 0.221457 -0.642599 0.0385005 -0.158844
43.4688 0.201551 -0.631478 0.0333098 -0.175165
43.5 0.181991 -0.620303 0.0274675 -0.198648
43.5312 0.162781 -0.609243 0.0210065 -0.212036
43.5625 0.143907 -0.598593 0.0143857 -0.20939
43.5938 0.125385 -0.586525 0.00804471 -0.194583
43.625 0.107266 -0.572905 0.00233369 -0.169256
43.6562 0.0895886 -0.558161 -0.00243361 -0.134463
43.6875 0.0724057 -0.541166 -0.00603278 -0.0963595
43.7188 0.0557787 -0.522936 -0.00851989 -0.0634531
43.75 0.0397219 -0.504637 -0.00995843 -0.0270872
43.7812 0.0242478 -0.485557 -0.0101646 0.0131476
43.8125 0.00937862 -0.466067 -0.00923457 0.0452299
43.8438 -0.00487899 -0.44631 -0.00733599 0.0766167
43.875 -0.0185071 -0.425791 -0.00452683 0.0998163
43.9062 -0.0314884 -0.40498 -0.00135323 0.0996245
43.9375 -0.0438133 -0.383693 0.0014907 0.0781956
43.9688 -0.0554659 -0.362151 0.00317769 0.0240493
44 -0.0664574 -0.341446 0.00288032 -0.0393177
44.0312 -0.076807 -0.320817 0.00118946 -0.0612133
44.0625 -0.086502 -0.299649 -0.000744852 -0.0645794
44.0938 -0.0955417 -0.279049 -0.00312958 -0.0922259
44.125 -0.103947 -0.25884 -0.00656577 -0.124942
44.1562 -0.111708 -0.237606 -0.0106279 -0.129588
44.1875 -0.118789 -0.215599 -0.0144475 -0.114071
44.2188 -0.125192 -0.19439 -0.0178002 -0.100771
44.25 -0.130941 -0.173344 -0.0206183 -0.0757798
44.2812 -0.136009 -0.150814 -0.0223732 -0.0368947
44.3125 -0.140366 -0.128268 -0.023111 -0.0139733
44.3438 -0.144038 -0.106803 -0.0233612 -0.00199663
44.375 -0.147038 -0.0851173 -0.0232153 0.0111084
44.4062 -0.149366 -0.0641953 -0.0227005 0.0214445
44.4375 -0.151071 -0.0451542 -0.0219274 0.0257984
44.4688 -0.152194 -0.0267567 -0.021311 0.0103843
44.5 -0.152757 -0.00963191 -0.021291 -0.00593605
44.5312 -0.152818 0.0054772 -0.0214321 -0.000476173
44.5625 -0.152415 0.0204219 -0.021293 0.00895354
44.5938 -0.151541 0.0353943 -0.0208329 0.0221298
44.625 -0.150213 0.0495271 -0.0198422 0.0411454
44.6562 -0.148437 0.0644584 -0.0182896 0.0585268
44.6875 -0.146166 0.0810441 -0.016109 0.0821149
44.7188 -0.143366 0.0981919 -0.0131757 0.104251
44.75 -0.140022 0.115979 -0.00964035 0.122684
44.7812 -0.136113 0.13417 -0.00541713 0.148573
44.8125 -0.131644 0.151715 -0.000396734 0.170708
44.8438 -0.126634 0.168951 0.00512972 0.181853
44.875 -0.121085 0.186142 0.0109396 0.189343
44.9062 -0.114998 0.203538 0.016842 0.184993
44.9375 -0.108351 0.222078 0.0222468 0.156974
44.9688 -0.101112 0.241296 0.0264537 0.109734
45 -0.093268 0.260783 0.0289713 0.0498471
45.0312 -0.0848053 0.280896 0.0295617 -0.0103679
45.0625 -0.075716 0.300655 0.0285168 -0.0527847
45.0938 -0.066024 0.31954 0.0264715 -0.075462
45.125 -0.0557469 0.338166 0.0238998 -0.0890251
45.1562 -0.0448931 0.35636 0.0208068 -0.111502
45.1875 -0.0334832 0.373723 0.0168598 -0.139305
45.2188 -0.0215444 0.39023 0.0123977 -0.140064
45.25 -0.00910034 0.406123 0.00842322 -0.111216
45.2812 0.00383418 0.421568 0.00551907 -0.0752063
45.3125 0.0172341 0.435738 0.00358324 -0.052223
45.3438 0.0310531 0.448586 0.00207216 -0.045239
45.375 0.0452754 0.461798 0.000864831 -0.0294329
45.4062 0.0599196 0.475339 0.000255683 -0.012082
45.4375 0.0749715 0.487792 -9.4559e-05 -0.0120459
45.4688 0.090404 0.5 -0.000424772 -0.00619117
45.5 0.106232 0.513136 -0.000369062 0.00925782
45.5312 0.122478 0.526609 7.40083e-06 0.0120587
45.5625 0.139145 0.540096 0.000326687 0.0102837
45.5938 0.15624 0.55409 0.000932977 0.0342669
45.625 0.173786 0.569013 0.00272393 0.0814882
45.6562 0.191807 0.584276 0.00595267 0.123477
45.6875 0.210298 0.599117 0.010434 0.164581
45.7188 0.229254 0.614189 0.0162769 0.208259
45.75 0.248682 0.629006 0.0233121 0.24005
45.7812 0.268552 0.642455 0.0312437 0.267853
45.8125 0.288834 0.655643 0.0400297 0.292871
45.8438 0.30952 0.667865 0.0493973 0.303969
45.875 0.330549 0.677695 0.0588634 0.299123
45.9062 0.351877 0.687493 0.0678929 0.274953
45.9375 0.373523 0.69777 0.0757745 0.224961
45.9688 0.395478 0.707319 0.0817445 0.155776
46 0.417747 0.718339 0.0855284 0.0868862
46.0312 0.44039 0.730768 0.0871081 0.0120521
46.0625 0.463408 0.742233 0.0862706 -0.0620302
46.0938 0.486777 0.753453 0.0836281 -0.100976
46.125 0.510494 0.764132 0.0801082 -0.12544
46.1562 0.534514 0.772868 0.0757042 -0.156016
46.1875 0.558788 0.780561 0.0704687 -0.177558
46.2188 0.583291 0.787483 0.0646089 -0.197981
46.25 0.607994 0.793386 0.058167 -0.210787
46.2812 0.632871 0.798553 0.0517598 -0.193369
46.3125 0.657892 0.802648 0.0463941 -0.147199
46.3438 0.683027 0.805849 0.0424974 -0.107024
46.375 0.708249 0.808141 0.0393424 -0.0987539
46.4062 0.73352 0.808966 0.0363492 -0.0891017
46.4375 0.758798 0.808748 0.0340088 -0.0584691
46.4688 0.784061 0.807975 0.0327262 -0.0241987
46.5 0.809292 0.806702 0.0324216 0.00308607
46.5312 0.834469 0.80439 0.0328695 0.0267932
46.5625 0.85955 0.800629 0.0343064 0.0692432
46.5938 0.88451 0.796974 0.0373519 0.126403
46.625 0.909368 0.793887 0.0422615 0.189938
46.6562 0.934116 0.789753 0.0493975 0.268996
46.6875 0.958727 0.785528 0.0591363 0.354578
46.7188 0.983227 0.782632 0.0715523 0.43893
46.75 1.00764 0.779872 0.0864141 0.509557
46.7812 1.03197 0.777184 0.103373 0.577623
46.8125 1.05623 0.775405 0.122561 0.64768
46.8438 1.08044 0.774398 0.143505 0.687445
46.875 1.10464 0.774335 0.165415 0.715377
46.9062 1.12884 0.774766 0.188134 0.73424
46.9375 1.15306 0.775453 0.211013 0.727644
46.9688 1.17732 0.776982 0.233595 0.716924
47 1.20162 0.778602 0.255619 0.688224
47.0312 1.22598 0.780226 0.276512 0.651297
47.0625 1.25039 0.782342 0.296555 0.633687
47.0938 1.27486 0.783288 0.316108 0.616969
47.125 1.29933 0.782556 0.335203 0.608657
47.1562 1.32376 0.781087 0.354352 0.618064
47.1875 1.34813 0.777932 0.373765 0.622466
47.2188 1.37237 0.773653 0.393215 0.623332
47.25 1.3965 0.770596 0.412817 0.632338
47.2812 1.42054 0.768346 0.432811 0.649913
47.3125 1.44452 0.766644 0.453774 0.698675
47.3438 1.46848 0.76671 0.476758 0.772157
47.375 1.49245 0.767423 0.501768 0.822901
47.4062 1.51644 0.767677 0.527971 0.852826
47.4375 1.54043 0.767988 0.554994 0.874271
47.4688 1.56443 0.768017 0.582443 0.880916
47.5 1.58842 0.767367 0.610116 0.893263
47.5312 1.61239 0.766323 0.63844 0.920009
47.5625 1.63632 0.765401 0.667449 0.931642
47.5938 1.66023 0.764516 0.696459 0.926009
47.625 1.68409 0.762706 0.725695 0.953292
47.6562 1.70789 0.760691 0.75635 1.00847
47.6875 1.73165 0.759608 0.788533 1.04844
47.7188 1.75537 0.758413 0.821869 1.08661
47.75 1.77904 0.756743 0.856478 1.12687
47.7812 1.80267 0.755145 0.892128 1.15181
47.8125 1.82624 0.753404 0.928313 1.1622
47.8438 1.84975 0.751714 0.964718 1.16814
47.875 1.87322 0.749642 1.00136 1.17627
47.9062 1.8966 0.746552 1.03805 1.1664
47.9375 1.91988 0.743602 1.0739 1.12448
47.9688 1.94307 0.74078 1.10825 1.07534
48 1.96616 0.736249 1.14122 1.03468
48.0312 1.98908 0.730542 1.17284 0.98707
48.0625 2.01182 0.72504 1.20289 0.937962
48.0938 2.03438 0.718379 1.23162 0.904288
48.125 2.0567 0.709921 1.2597 0.898468
48.1562 2.07874 0.70098 1.28805 0.916691
48.1875 2.1005 0.690909 1.31684 0.9228
48.2188 2.12191 0.679101 1.34576 0.932103
48.25 2.14294 0.666971 1.37519 0.947977
48.2812 2.16359 0.654752 1.40465 0.932969
48.3125 2.18385 0.641998 1.43353 0.919082
48.3438 2.20371 0.629009 1.46226 0.919246
48.375 2.22316 0.615517 1.49067 0.891328
48.4062 2.24218 0.601484 1.51748 0.817674
48.4375 2.26076 0.587478 1.54143 0.710756
48.4688 2.2789 0.573926 1.56164 0.579328
48.5 2.29664 0.562026 1.57762 0.446998
48.5312 2.31405 0.552311 1.58992 0.344136
48.5625 2.33118 0.543941 1.59919 0.248318
48.5938 2.34806 0.536936 1.60544 0.153166
48.625 2.36474 0.530294 1.60895 0.0748671
48.6562 2.38118 0.521712 1.61031 0.0143152
48.6875 2.39732 0.510805 1.6098 -0.0506429
48.7188 2.41308 0.497312 1.60686 -0.14001
48.75 2.42837 0.480251 1.60104 -0.233185
48.7812 2.44306 0.459818 1.59211 -0.342691
48.8125 2.45707 0.43612 1.57946 -0.466524
48.8438 2.47028 0.408951 1.56308 -0.57973
48.875 2.4826 0.378653 1.54335 -0.679755
48.9062 2.49392 0.345797 1.52083 -0.758754
48.9375 2.50419 0.310967 1.49597 -0.833426
48.9688 2.51333 0.273385 1.46867 -0.913701
49 2.52124 0.232758 1.43898 -0.982669
49.0312 2.52787 0.190881 1.40761 -1.0177
49.0625 2.53316 0.147182 1.3758 -1.01257
49.0938 2.53703 0.100542 1.34457 -0.983795
49.125 2.53943 0.0528595 1.31449 -0.937815
49.1562 2.54033 0.00475521 1.28622 -0.867315
49.1875 2.53971 -0.0444692 1.26049 -0.776367
49.2188 2.53754 -0.094528 1.23786 -0.670461
49.25 2.5338 -0.144785 1.2185 -0.573344
49.2812 2.5285 -0.194497 1.20165 -0.508264
49.3125 2.52165 -0.243712 1.18686 -0.433018
49.3438 2.51328 -0.29232 1.17475 -0.343937
49.375 2.50339 -0.339879 1.16516 -0.273214
49.4062 2.49204 -0.38643 1.1575 -0.220259
49.4375 2.47926 -0.431426 1.1511 -0.194253
49.4688 2.4651 -0.474742 1.1452 -0.182946
49.5 2.44961 -0.516221 1.13977 -0.161495
49.5312 2.43286 -0.555143 1.13532 -0.119281
49.5625 2.41493 -0.592206 1.13258 -0.0534449
49.5938 2.39586 -0.628094 1.13202 0.015417
49.625 2.37569 -0.662482 1.13335 0.0687479
49.6562 2.35447 -0.695345 1.13643 0.132476
49.6875 2.33224 -0.726878 1.14179 0.209707
49.7188 2.30906 -0.756392 1.14934 0.269856
49.75 2.285 -0.782876 1.15849 0.313625
49.7812 2.26015 -0.807128 1.16881 0.345087
49.8125 2.23457 -0.829829 1.17999 0.368788
49.8438 2.20831 -0.850496 1.1916 0.367322
49.875 2.18142 -0.870423 1.20241 0.316118
49.9062 2.15391 -0.890426 1.21088 0.218162
49.9375 2.12579 -0.908928 1.21562 0.0799454
49.9688 2.09712 -0.925618 1.21561 -0.0849173
