0 0 0 0 0
0.03125 0.000117188 0.0075 1.59859e-38 1.7758e-35
0.0625 0.00046875 0.015 1.05865e-28 5.42197e-26
0.09375 0.00105469 0.0225 3.95861e-23 1.3258e-20
0.125 0.001875 0.03 3.0726e-19 7.58092e-17
0.15625 0.00292969 0.0375 2.75028e-16 5.28229e-14
0.1875 0.00421875 0.045 6.00536e-14 9.30411e-12
0.21875 0.00574219 0.0525 4.90585e-12 6.28067e-10
0.25 0.0075 0.06 1.88306e-10 1.99673e-08
0.28125 0.00949219 0.0674999 3.85922e-09 3.39512e-07
0.3125 0.0117187 0.0749982 4.79289e-08 3.53311e-06
0.34375 0.0141795 0.0824937 3.91355e-07 2.37543e-05
0.375 0.0168748 0.0900075 2.13991e-06 0.000103345
0.40625 0.0198058 0.0975959 8.22807e-06 0.000315931
0.4375 0.0229749 0.105206 2.41098e-05 0.00073693
0.46875 0.0263775 0.112466 5.59267e-05 0.00131323
0.5 0.0299974 0.119131 0.000107289 0.00201252
0.53125 0.0338248 0.125962 0.000185673 0.00307325
0.5625 0.037883 0.133975 0.000302069 0.0043924
0.59375 0.0422054 0.142664 0.00046155 0.00586394
0.625 0.0467981 0.151302 0.000673189 0.00775562
0.65625 0.0516718 0.160853 0.000949316 0.00994087
0.6875 0.05686 0.171111 0.00129571 0.0122527
0.71875 0.0623464 0.179589 0.00171734 0.0147798
0.75 0.0680643 0.186238 0.00222276 0.0176052
0.78125 0.0739866 0.192767 0.00281714 0.0203844
0.8125 0.0800994 0.1981 0.0034949 0.0230302
0.84375 0.0863494 0.20179 0.00426224 0.026155
0.875 0.0927158 0.205776 0.00512844 0.0291975
0.90625 0.0992091 0.209622 0.00608594 0.0321865
0.9375 0.105807 0.212666 0.00714932 0.0359425
0.96875 0.112511 0.216566 0.00832777 0.0393379
1 0.119348 0.220972 0.00960601 0.0425872
1.03125 0.126318 0.225173 0.0109979 0.0465265
1.0625 0.133435 0.230547 0.0125075 0.0499499
1.09375 0.140735 0.236624 0.0141186 0.0532552
1.125 0.148224 0.242792 0.0158409 0.0569613
1.15625 0.155923 0.250216 0.0176735 0.0602496
1.1875 0.163869 0.258259 0.0196072 0.0635729
1.21875 0.172066 0.266512 0.0216495 0.0671298
1.25 0.180539 0.275954 0.023801 0.0705541
1.28125 0.189317 0.2858 0.0260606 0.0741118
1.3125 0.198404 0.295912 0.0284364 0.077993
1.34375 0.207823 0.307053 0.0309382 0.0821741
1.375 0.217596 0.318346 0.0335771 0.0868146
1.40625 0.227722 0.329922 0.0363694 0.0918994
1.4375 0.238225 0.342322 0.0393135 0.0963294
1.46875 0.249117 0.35475 0.042383 0.1002
1.5 0.260402 0.367605 0.0455962 0.105962
1.53125 0.272098 0.380917 0.0490435 0.11528
1.5625 0.284203 0.393718 0.0528309 0.127289
1.59375 0.296708 0.406745 0.0569788 0.137388
1.625 0.309632 0.420466 0.0613633 0.142635
1.65625 0.32299 0.434541 0.0658939 0.147812
1.6875 0.336796 0.449053 0.0706316 0.155567
1.71875 0.351052 0.463207 0.0756024 0.162148
1.75 0.365742 0.476997 0.0807525 0.167594
1.78125 0.380867 0.490994 0.0861046 0.175526
1.8125 0.396418 0.50396 0.0917518 0.186079
1.84375 0.412355 0.516085 0.0977257 0.195928
1.875 0.428685 0.52928 0.103992 0.20547
1.90625 0.445446 0.543486 0.110614 0.219133
1.9375 0.462655 0.557913 0.117702 0.234158
1.96875 0.480318 0.572546 0.125228 0.247623
2 0.498443 0.587563 0.133215 0.264128
2.03125 0.51704 0.602537 0.141734 0.280348
2.0625 0.536087 0.616202 0.150686 0.292238
2.09375 0.555543 0.6289 0.160014 0.3051
2.125 0.575394 0.641487 0.169724 0.314969
2.15625 0.595621 0.652739 0.179604 0.316302
2.1875 0.616179 0.662991 0.189489 0.3168
2.21875 0.637065 0.673793 0.199404 0.316889
2.25 0.658287 0.684258 0.209208 0.309448
2.28125 0.679827 0.694387 0.218736 0.301148
2.3125 0.701698 0.705524 0.228086 0.2975
2.34375 0.723926 0.717025 0.237283 0.289981
2.375 0.746511 0.728487 0.246192 0.281088
2.40625 0.769464 0.740642 0.254937 0.27949
2.4375 0.792804 0.753098 0.263641 0.276385
2.46875 0.816528 0.765192 0.272166 0.269673
2.5 0.840627 0.777129 0.28057 0.269279
2.53125 0.865098 0.788952 0.288998 0.269229
2.5625 0.889928 0.799985 0.297364 0.26663
2.59375 0.915087 0.810042 0.305738 0.270368
2.625 0.940549 0.819388 0.314246 0.272629
2.65625 0.966284 0.827357 0.322677 0.266135
2.6875 0.992245 0.834076 0.330896 0.260751
2.71875 1.01841 0.840585 0.339009 0.258523
2.75 1.04477 0.846052 0.347046 0.255945
2.78125 1.07127 0.849892 0.355032 0.255697
2.8125 1.09788 0.852952 0.363059 0.258432
2.84375 1.12457 0.854925 0.371211 0.263887
2.875 1.1513 0.855929 0.379594 0.273348
2.90625 1.17807 0.856748 0.388327 0.285578
2.9375 1.20484 0.857037 0.397405 0.294516
2.96875 1.23163 0.857532 0.406735 0.304169
3 1.25845 0.858806 0.416588 0.329161
3.03125 1.2853 0.859057 0.42736 0.358867
3.0625 1.31213 0.857971 0.43887 0.375723
3.09375 1.33892 0.85682 0.450758 0.383947
3.125 1.36567 0.855221 0.462766 0.382868
3.15625 1.39236 0.85286 0.474655 0.378852
3.1875 1.41898 0.850612 0.486496 0.378483
3.21875 1.44553 0.848919 0.498177 0.366821
3.25 1.47204 0.847491 0.50943 0.356125
3.28125 1.4985 0.845762 0.520633 0.362307
3.3125 1.52489 0.843512 0.53198 0.360585
3.34375 1.55121 0.840692 0.543023 0.345867
3.375 1.57742 0.836498 0.553653 0.335222
3.40625 1.60347 0.830279 0.563927 0.320125
3.4375 1.6293 0.822542 0.57351 0.291308
3.46875 1.65487 0.813472 0.582078 0.257024
3.5 1.68012 0.802456 0.589603 0.225324
3.53125 1.705 0.790018 0.596205 0.197608
3.5625 1.72949 0.777112 0.601969 0.171789
3.59375 1.75356 0.76313 0.607038 0.155476
3.625 1.77717 0.747947 0.611893 0.157925
3.65625 1.80031 0.732475 0.616961 0.165532
3.6875 1.82294 0.715975 0.622175 0.16838
3.71875 1.84504 0.69768 0.627635 0.184905
3.75 1.86654 0.678451 0.633922 0.218731
3.78125 1.88743 0.658089 0.641298 0.253184
3.8125 1.90765 0.635703 0.649831 0.295324
3.84375 1.92714 0.61161 0.659837 0.343977
3.875 1.94586 0.585882 0.671165 0.379088
3.90625 1.96374 0.558415 0.683617 0.422282
3.9375 1.98075 0.530135 0.697801 0.486241
3.96875 1.99687 0.501538 0.713816 0.533941
4 2.01209 0.47249 0.731025 0.568654
4.03125 2.0264 0.443421 0.749549 0.619693
4.0625 2.03981 0.414774 0.769807 0.676159
4.09375 2.05233 0.386534 0.791768 0.728977
4.125 2.06397 0.358506 0.815306 0.775042
4.15625 2.07474 0.331161 0.840003 0.80289
4.1875 2.08469 0.305748 0.865473 0.829498
4.21875 2.09387 0.282093 0.892028 0.871876
4.25 2.10232 0.259126 0.919962 0.91455
4.28125 2.11007 0.237 0.949116 0.950891
4.3125 2.11714 0.215431 0.979375 0.984535
4.34375 2.12354 0.19365 1.01049 1.00311
4.375 2.12925 0.171845 1.04191 1.00704
4.40625 2.13428 0.149992 1.07339 1.00672
4.4375 2.13862 0.128476 1.10472 0.996144
4.46875 2.14232 0.108187 1.13563 0.984326
4.5 2.14539 0.0885877 1.16637 0.984104
4.53125 2.14786 0.069495 1.1971 0.980307
4.5625 2.14975 0.0517818 1.22752 0.965398
4.59375 2.1511 0.034787 1.25739 0.945699
4.625 2.15192 0.0176162 1.28651 0.914395
4.65625 2.15221 0.00114389 1.3143 0.860297
4.6875 2.15201 -0.0142222 1.34004 0.784361
4.71875 2.15133 -0.0291446 1.36318 0.694722
4.75 2.1502 -0.0430031 1.38336 0.59482
4.78125 2.14866 -0.0547116 1.40027 0.487008
4.8125 2.14679 -0.0646094 1.41386 0.385008
4.84375 2.14464 -0.0728654 1.42454 0.301326
4.875 2.14226 -0.0791011 1.43269 0.217764
4.90625 2.13971 -0.0840353 1.43795 0.117245
4.9375 2.13702 -0.0884511 1.44007 0.0205597
4.96875 2.13419 -0.0924042 1.43934 -0.0673292
5 2.13124 -0.0962454 1.43579 -0.160714
5.03125 2.12817 -0.100408 1.42936 -0.248286
5.0625 2.12496 -0.10545 1.42032 -0.330935
5.09375 2.12156 -0.111875 1.40863 -0.41676
5.125 2.11796 -0.119061 1.39444 -0.488176
5.15625 2.11412 -0.12673 1.37819 -0.553244
5.1875 2.11002 -0.135376 1.3597 -0.632059
5.21875 2.10566 -0.144213 1.3388 -0.701024
5.25 2.10101 -0.152819 1.31621 -0.739775
5.28125 2.0961 -0.16214 1.29276 -0.75864
5.3125 2.09087 -0.172138 1.26891 -0.76625
5.34375 2.08533 -0.182925 1.24493 -0.768292
5.375 2.07943 -0.195123 1.22094 -0.766064
5.40625 2.07313 -0.207801 1.19709 -0.760278
5.4375 2.06644 -0.220489 1.17338 -0.757671
5.46875 2.05934 -0.234183 1.14979 -0.749841
5.5 2.05179 -0.249054 1.12668 -0.7274
5.53125 2.04377 -0.264511 1.10429 -0.708568
5.5625 2.03525 -0.280706 1.08218 -0.708616
5.59375 2.02621 -0.298408 1.05997 -0.712478
5.625 2.01659 -0.31701 1.03763 -0.719503
5.65625 2.0064 -0.334969 1.01473 -0.750692
5.6875 1.99566 -0.352498 0.990622 -0.790681
5.71875 1.98437 -0.369738 0.965465 -0.817576
5.75 1.97257 -0.38556 0.939528 -0.843402
5.78125 1.96029 -0.400266 0.912723 -0.871397
5.8125 1.94755 -0.414607 0.885175 -0.889253
5.84375 1.93438 -0.428567 0.857292 -0.893547
5.875 1.92077 -0.442626 0.829356 -0.895406
5.90625 1.90671 -0.456913 0.801199 -0.90889
5.9375 1.89221 -0.471373 0.772473 -0.929748
5.96875 1.87724 -0.486539 0.743106 -0.949332
6 1.8618 -0.50201 0.713198 -0.962656
6.03125 1.84587 -0.516997 0.683182 -0.953214
6.0625 1.82948 -0.531956 0.653927 -0.915419
6.09375 1.81262 -0.547244 0.626086 -0.865968
6.125 1.79528 -0.562396 0.59979 -0.817455
6.15625 1.77747 -0.577768 0.574995 -0.768636
6.1875 1.75916 -0.594101 0.551842 -0.71151
6.21875 1.74033 -0.610724 0.530562 -0.651504
6.25 1.72099 -0.627141 0.510989 -0.603061
6.28125 1.70113 -0.644326 0.492872 -0.554306
6.3125 1.68072 -0.662102 0.476522 -0.490162
6.34375 1.65976 -0.679129 0.462205 -0.428806
6.375 1.63828 -0.695653 0.449535 -0.38411
6.40625 1.61628 -0.711953 0.438158 -0.343996
6.4375 1.5938 -0.726732 0.427984 -0.309209
6.46875 1.57088 -0.739509 0.418691 -0.286662
6.5 1.54759 -0.750822 0.410128 -0.25886
6.53125 1.52397 -0.760911 0.402637 -0.220313
6.5625 1.50004 -0.77024 0.396239 -0.192522
6.59375 1.47583 -0.779124 0.390383 -0.185511
6.625 1.45135 -0.787353 0.384481 -0.194231
6.65625 1.42663 -0.794939 0.378148 -0.212255
6.6875 1.40167 -0.802104 0.371144 -0.237239
6.71875 1.3765 -0.80895 0.36325 -0.26858
6.75 1.35112 -0.815129 0.354368 -0.299253
6.78125 1.32556 -0.820643 0.344581 -0.326647
6.8125 1.29983 -0.826476 0.334023 -0.347016
6.84375 1.27391 -0.832471 0.32302 -0.356236
6.875 1.24781 -0.837625 0.311706 -0.369528
6.90625 1.22156 -0.842287 0.299932 -0.381148
6.9375 1.19517 -0.846516 0.288141 -0.370491
6.96875 1.16867 -0.849478 0.276746 -0.361832
7 1.14209 -0.850925 0.26542 -0.361205
7.03125 1.1155 -0.851041 0.254499 -0.331418
7.0625 1.08891 -0.85045 0.244942 -0.279578
7.09375 1.06235 -0.849072 0.236986 -0.2298
7.125 1.03586 -0.846376 0.230633 -0.175992
7.15625 1.00945 -0.84381 0.225922 -0.128789
7.1875 0.983112 -0.841882 0.222319 -0.105579
7.21875 0.956843 -0.839215 0.219182 -0.0958969
7.25 0.93066 -0.836548 0.216343 -0.0849916
7.28125 0.904557 -0.833914 0.213939 -0.067639
7.3125 0.878559 -0.829679 0.212178 -0.0444453
7.34375 0.85271 -0.824671 0.211165 -0.0208551
7.375 0.827022 -0.819099 0.210816 -0.00298426
7.40625 0.801534 -0.811943 0.210845 0.00229213
7.4375 0.776281 -0.804203 0.210814 -0.00608125
7.46875 0.751279 -0.79566 0.210392 -0.021604
7.5 0.726568 -0.78572 0.20944 -0.0393963
7.53125 0.702171 -0.775714 0.20794 -0.0563601
7.5625 0.678094 -0.764941 0.20591 -0.0742021
7.59375 0.654377 -0.752883 0.203239 -0.0978631
7.625 0.631031 -0.741413 0.199727 -0.12809
7.65625 0.608038 -0.729973 0.195123 -0.168888
7.6875 0.585424 -0.717104 0.189044 -0.221246
7.71875 0.563227 -0.70345 0.181329 -0.270499
7.75 0.541464 -0.689236 0.17229 -0.306027
7.78125 0.520158 -0.674236 0.162255 -0.336307
7.8125 0.49933 -0.658719 0.151269 -0.365824
7.84375 0.478989 -0.643164 0.139557 -0.379849
7.875 0.459126 -0.628159 0.127754 -0.373285
7.90625 0.439723 -0.613675 0.116242 -0.36465
7.9375 0.420764 -0.599902 0.104914 -0.3598
7.96875 0.40222 -0.586966 0.0938743 -0.3442
8 0.384079 -0.574016 0.083509 -0.318832
8.03125 0.366339 -0.561601 0.0739141 -0.295721
8.0625 0.348967 -0.550288 0.0650743 -0.267866
8.09375 0.33195 -0.538703 0.0573432 -0.224509
8.125 0.315296 -0.527309 0.0511158 -0.17424
8.15625 0.298979 -0.51714 0.0463748 -0.131153
8.1875 0.282978 -0.506736 0.0427807 -0.100973
8.21875 0.267314 -0.495767 0.0399733 -0.0792619
8.25 0.25199 -0.484972 0.037837 -0.0570139
8.28125 0.237008 -0.473721 0.036419 -0.0339484
8.3125 0.222391 -0.461614 0.0357119 -0.0107547
8.34375 0.208169 -0.448361 0.035827 0.019712
8.375 0.194381 -0.434011 0.0369984 0.0548368
8.40625 0.181045 -0.419505 0.0391357 0.0789599
8.4375 0.168165 -0.404677 0.0417377 0.0848585
8.46875 0.155754 -0.38976 0.044316 0.0787519
8.5 0.143792 -0.375986 0.0465833 0.0652401
8.53125 0.13225 -0.362677 0.0483526 0.0481478
8.5625 0.121126 -0.349339 0.0496572 0.0368296
8.59375 0.110407 -0.336817 0.0507067 0.0298747
8.625 0.100073 -0.324483 0.0514033 0.0118131
8.65625 0.0901317 -0.311733 0.0512816 -0.0212295
8.6875 0.0805871 -0.299185 0.0500446 -0.0579304
8.71875 0.07143 -0.286882 0.0476214 -0.0987319
8.75 0.062658 -0.274479 0.0437712 -0.148198
8.78125 0.0542803 -0.261583 0.0384703 -0.187297
8.8125 0.0463144 -0.248215 0.0323038 -0.204884
8.84375 0.0387627 -0.235211 0.0256987 -0.21845
8.875 0.0316073 -0.222807 0.0186539 -0.230958
8.90625 0.0248332 -0.210818 0.0114243 -0.22891
8.9375 0.0184253 -0.199386 0.00447146 -0.215115
8.96875 0.0123652 -0.188574 -0.00200086 -0.199047
9 0.0066319 -0.178446 -0.00796291 -0.182432
9.03125 0.00121313 -0.168238 -0.0133951 -0.164788
9.0625 -0.00387464 -0.157317 -0.0181735 -0.138438
9.09375 -0.00862227 -0.14663 -0.021863 -0.0955411
9.125 -0.0130401 -0.136014 -0.0241459 -0.052622
9.15625 -0.0171166 -0.124871 -0.0252875 -0.0211614
9.1875 -0.0208526 -0.114418 -0.0253917 0.0163756
9.21875 -0.0242726 -0.104405 -0.0242787 0.0515618
9.25 -0.0273737 -0.0941092 -0.0224762 0.0595355
9.28125 -0.0301646 -0.0846856 -0.0206181 0.0618744
9.3125 -0.0326676 -0.0753427 -0.0183646 0.0857788
9.34375 -0.0348636 -0.0651849 -0.015177 0.117422
9.375 -0.0367514 -0.0558336 -0.0111314 0.13984
9.40625 -0.0383542 -0.0465442 -0.0064973 0.15629
9.4375 -0.0396442 -0.035863 -0.00140812 0.167941
9.46875 -0.0405989 -0.0254175 0.00385081 0.165739
9.5 -0.0412392 -0.0155163 0.00879244 0.148846
9.53125 -0.0415604 -0.00492183 0.0131147 0.128017
9.5625 -0.041545 0.00588051 0.0168318 0.110561
9.59375 -0.0411925 0.0167654 0.0200519 0.095576
9.625 -0.0404876 0.0285187 0.0227756 0.0776807
9.65625 -0.0394011 0.0411342 0.0248084 0.0505369
9.6875 -0.0379104 0.0543501 0.0258303 0.0137477
9.71875 -0.0360019 0.0677856 0.0256345 -0.0265594
9.75 -0.0336764 0.0809927 0.0241362 -0.0700957
9.78125 -0.0309446 0.0937119 0.0212453 -0.11373
9.8125 -0.0278317 0.105263 0.0171883 -0.142768
9.84375 -0.0243802 0.115468 0.012467 -0.158263
9.875 -0.0206206 0.12508 0.00734532 -0.168216
9.90625 -0.0165713 0.133838 0.00208798 -0.165978
9.9375 -0.0122739 0.140924 -0.00296174 -0.157612
9.96875 -0.00777516 0.146907 -0.00781867 -0.153556
10 -0.00309473 0.152606 -0.0124936 -0.143506
10.0312 0.00175921 0.157982 -0.0166565 -0.121579
10.0625 0.00677652 0.163119 -0.0200827 -0.0984556
10.0938 0.011956 0.168428 -0.0228487 -0.0781962
10.125 0.0173085 0.174228 -0.0248426 -0.0461042
10.1562 0.0228494 0.180399 -0.0255545 0.00150879
10.1875 0.0285804 0.186293 -0.0248497 0.0401228
10.2188 0.0344874 0.191695 -0.023253 0.0600157
10.25 0.0405583 0.196785 -0.0211401 0.0752289
10.2812 0.046782 0.201461 -0.0185712 0.0883706
10.3125 0.0531464 0.205836 -0.0156669 0.0971309
10.3438 0.0596457 0.21011 -0.0124827 0.107516
10.375 0.0662798 0.214541 -0.00886985 0.125197
10.4062 0.0730607 0.219519 -0.00457732 0.150053
10.4375 0.0800005 0.224583 0.000439405 0.168061
10.4688 0.0870958 0.22957 0.00567064 0.162556
10.5 0.0943545 0.235063 0.0104267 0.140957
10.5312 0.101787 0.240531 0.0145112 0.121389
10.5625 0.109384 0.245716 0.0180179 0.101871
10.5938 0.117144 0.250864 0.0207642 0.072413
10.625 0.125055 0.255326 0.0225586 0.0445777
10.6562 0.133104 0.259924 0.023716 0.030958
10.6875 0.141311 0.265374 0.0244014 0.00877774
10.7188 0.149682 0.270255 0.0240018 -0.0365815
10.75 0.158203 0.275267 0.022164 -0.0783278
10.7812 0.166899 0.281287 0.0192386 -0.10824
10.8125 0.175773 0.28641 0.0154061 -0.136161
10.8438 0.184792 0.290923 0.0108738 -0.150941
10.875 0.193964 0.296124 0.0061008 -0.153623
10.9062 0.203296 0.301024 0.00132542 -0.15037
10.9375 0.212778 0.305973 -0.00315754 -0.134669
10.9688 0.222433 0.31213 -0.00706397 -0.116097
11 0.232292 0.31882 -0.0104498 -0.100209
11.0312 0.242356 0.325249 -0.0132406 -0.0765679
11.0625 0.252619 0.331586 -0.015136 -0.0435474
11.0938 0.263086 0.338395 -0.015912 -0.00564902
11.125 0.273768 0.345166 -0.0154659 0.0347822
11.1562 0.284648 0.351 -0.0136728 0.0812057
11.1875 0.295704 0.35659 -0.010363 0.129774
11.2188 0.306934 0.362019 -0.00567108 0.168707
11.25 0.318321 0.366665 0.000112752 0.200713
11.2812 0.329848 0.371034 0.0067726 0.222677
11.3125 0.341507 0.375072 0.0138497 0.228822
11.3438 0.353292 0.379387 0.0211524 0.241934
11.375 0.365235 0.385178 0.0291669 0.27235
11.4062 0.377372 0.391669 0.0381135 0.297817
11.4375 0.389726 0.399302 0.0476553 0.311989
11.4688 0.402351 0.408944 0.0576045 0.324391
11.5 0.415289 0.419041 0.0678141 0.325553
11.5312 0.428546 0.429628 0.0776961 0.303326
11.5625 0.442149 0.440998 0.0866652 0.271102
11.5938 0.456103 0.451942 0.0947531 0.248803
11.625 0.4704 0.463262 0.102304 0.234573
11.6562 0.485059 0.474748 0.109349 0.21471
11.6875 0.50006 0.485239 0.115652 0.1883
11.7188 0.515393 0.496253 0.12112 0.161689
11.75 0.531081 0.507724 0.125736 0.133002
11.7812 0.547119 0.518647 0.129391 0.100597
11.8125 0.563501 0.529855 0.132046 0.0706886
11.8438 0.58023 0.540601 0.133975 0.05664
11.875 0.597279 0.550522 0.135845 0.0664164
11.9062 0.614638 0.560377 0.138222 0.0855042
11.9375 0.632291 0.569171 0.141142 0.101151
11.9688 0.650205 0.577421 0.144617 0.123543
12 0.668388 0.586327 0.148997 0.157832
12.0312 0.686846 0.594917 0.154443 0.188837
12.0625 0.705567 0.603281 0.160725 0.21394
12.0938 0.724553 0.611757 0.168 0.255695
12.125 0.743794 0.619497 0.176847 0.310005
12.1562 0.763267 0.626764 0.187241 0.35337
12.1875 0.782968 0.634129 0.198955 0.39825
12.2188 0.802903 0.641798 0.212197 0.448095
12.25 0.823082 0.649574 0.226792 0.483387
12.2812 0.843498 0.65707 0.242346 0.512326
12.3125 0.864158 0.665418 0.258795 0.538875
12.3438 0.885096 0.674605 0.275911 0.555575
12.375 0.906311 0.683028 0.293571 0.576895
12.4062 0.927789 0.691744 0.312087 0.608835
12.4375 0.949558 0.701524 0.331563 0.635374
12.4688 0.971627 0.710792 0.351628 0.646105
12.5 0.993978 0.719676 0.371801 0.642652
12.5312 1.01661 0.728539 0.391603 0.620811
12.5625 1.0395 0.736457 0.410378 0.578708
12.5938 1.06263 0.743766 0.427789 0.537457
12.625 1.08598 0.750901 0.444038 0.501832
12.6562 1.10956 0.757764 0.459063 0.459291
12.6875 1.13335 0.765227 0.472859 0.426978
12.7188 1.1574 0.773725 0.485851 0.402805
12.75 1.18171 0.782593 0.497791 0.357776
12.7812 1.20631 0.791761 0.508211 0.312891
12.8125 1.23121 0.801551 0.517639 0.293745
12.8438 1.25641 0.811249 0.526621 0.280631
12.875 1.2819 0.819943 0.535213 0.271566
12.9062 1.30764 0.827554 0.543798 0.280841
12.9375 1.33361 0.833821 0.552871 0.300418
12.9688 1.35974 0.838625 0.562568 0.319564
13 1.38601 0.842425 0.572773 0.332157
13.0312 1.41238 0.84505 0.583276 0.340164
13.0625 1.43881 0.846701 0.594086 0.352738
13.0938 1.4653 0.848098 0.605369 0.369962
13.125 1.49181 0.848603 0.61726 0.392159
13.1562 1.51832 0.847736 0.629942 0.420087
13.1875 1.54479 0.846078 0.643515 0.447827
13.2188 1.57119 0.84372 0.657818 0.464595
13.25 1.59751 0.84082 0.672341 0.462114
13.2812 1.62374 0.837787 0.686643 0.453993
13.3125 1.64987 0.834444 0.700773 0.450158
13.3438 1.67589 0.830392 0.714661 0.435887
13.375 1.70176 0.825389 0.727904 0.411735
13.4062 1.72747 0.8195 0.740494 0.396056
13.4375 1.75297 0.812523 0.752694 0.383018
13.4688 1.77823 0.803906 0.764214 0.35026
13.5 1.8032 0.793824 0.77441 0.300891
13.5312 1.82783 0.782554 0.782948 0.2437
13.5625 1.85209 0.769676 0.789487 0.17298
13.5938 1.87592 0.754754 0.793805 0.106756
13.625 1.89924 0.737727 0.79641 0.0628594
13.6562 1.92201 0.719066 0.797793 0.0256292
13.6875 1.94417 0.698938 0.798096 -0.00266249
13.7188 1.96567 0.676736 0.797913 -0.00553329
13.75 1.98644 0.652643 0.797773 -0.00591527
13.7812 2.00644 0.627193 0.797373 -0.0204721
13.8125 2.02562 0.599687 0.796637 -0.0222565
13.8438 2.0439 0.569904 0.796247 0.000449101
13.875 2.06123 0.539007 0.796807 0.0376897
13.9062 2.07758 0.507582 0.7988 0.0934977
13.9375 2.09295 0.475867 0.802813 0.164248
13.9688 2.10733 0.444604 0.809068 0.236636
14 2.12075 0.414073 0.817772 0.325113
14.0312 2.13322 0.384485 0.82965 0.436824
14.0625 2.14479 0.355998 0.844996 0.542505
14.0938 2.15547 0.327866 0.86345 0.638676
14.125 2.16528 0.299516 0.884944 0.736229
14.1562 2.17419 0.27103 0.90929 0.817804
14.1875 2.18221 0.242329 0.93583 0.878239
14.2188 2.18933 0.213191 0.96405 0.925114
14.25 2.19554 0.18389 0.993368 0.945029
14.2812 2.20083 0.155456 1.02272 0.928428
14.3125 2.20527 0.128326 1.05128 0.900668
14.3438 2.20886 0.102084 1.07917 0.886782
14.375 2.21166 0.076852 1.10674 0.875989
14.4062 2.21368 0.0525671 1.13376 0.851117
14.4375 2.21495 0.0288637 1.1598 0.81343
14.4688 2.21549 0.00615433 1.18455 0.770297
14.5 2.21534 -0.0155949 1.20788 0.720357
14.5312 2.21452 -0.0368753 1.22933 0.647812
14.5625 2.21304 -0.0576188 1.24812 0.553723
14.5938 2.21092 -0.0781529 1.26411 0.474699
14.625 2.20816 -0.0988898 1.27804 0.417462
14.6562 2.20474 -0.119693 1.29008 0.349897
14.6875 2.20067 -0.140687 1.29979 0.272155
14.7188 2.19595 -0.161764 1.30717 0.200971
14.75 2.19057 -0.182348 1.31229 0.123892
14.7812 2.18456 -0.202271 1.31477 0.0350861
14.8125 2.17793 -0.2217 1.31463 -0.0400454
14.8438 2.17071 -0.24059 1.31246 -0.0982358
14.875 2.16291 -0.258192 1.30854 -0.150152
14.9062 2.15459 -0.274008 1.30335 -0.17655
14.9375 2.14579 -0.288675 1.29775 -0.180975
14.9688 2.13656 -0.30196 1.29195 -0.192618
15 2.12694 -0.313226 1.28562 -0.212317
15.0312 2.11699 -0.323637 1.2787 -0.230602
15.0625 2.10672 -0.333908 1.27121 -0.248677
15.0938 2.09613 -0.343298 1.26318 -0.26378
15.125 2.08527 -0.351787 1.25482 -0.270487
15.1562 2.07415 -0.359646 1.24629 -0.27577
15.1875 2.0628 -0.366976 1.23759 -0.280345
15.2188 2.05122 -0.373812 1.22882 -0.281047
15.25 2.03945 -0.379677 1.21992 -0.291005
15.2812 2.02749 -0.385336 1.21056 -0.30749
15.3125 2.01535 -0.391954 1.2007 -0.324873
15.3438 2.00299 -0.398926 1.19011 -0.355039
15.375 1.99041 -0.406645 1.17847 -0.388427
15.4062 1.97756 -0.416129 1.16596 -0.411768
15.4375 1.9644 -0.426376 1.15264 -0.444999
15.4688 1.95091 -0.436962 1.13777 -0.512595
15.5 1.93708 -0.447804 1.1204 -0.598407
15.5312 1.92293 -0.457407 1.10053 -0.670435
15.5625 1.90851 -0.465602 1.07855 -0.73788
15.5938 1.89384 -0.473244 1.05436 -0.808675
15.625 1.87894 -0.479999 1.02827 -0.855782
15.6562 1.86385 -0.485745 1.0011 -0.882368
15.6875 1.84858 -0.491182 0.97306 -0.913458
15.7188 1.83315 -0.496373 0.943941 -0.951406
15.75 1.81757 -0.50106 0.913453 -1.00252
15.7812 1.80184 -0.505827 0.881249 -1.05573
15.8125 1.78595 -0.510975 0.847787 -1.08107
15.8438 1.7699 -0.516136 0.813778 -1.09702
15.875 1.75369 -0.521759 0.779157 -1.1168
15.9062 1.73728 -0.528121 0.744284 -1.10954
15.9375 1.72068 -0.534587 0.709961 -1.08836
15.9688 1.70387 -0.540965 0.676132 -1.07714
16 1.68687 -0.547351 0.642782 -1.05372
16.0312 1.66966 -0.553934 0.610395 -1.01935
16.0625 1.65224 -0.560915 0.579011 -0.989197
16.0938 1.6346 -0.567889 0.548701 -0.947023
16.125 1.61675 -0.574942 0.520046 -0.884111
16.1562 1.59866 -0.582524 0.493567 -0.809179
16.1875 1.58034 -0.590133 0.469531 -0.728848
16.2188 1.56178 -0.59766 0.447966 -0.653204
16.25 1.54298 -0.605938 0.428552 -0.591632
16.2812 1.5239 -0.615353 0.4109 -0.538558
16.3125 1.50451 -0.625815 0.394875 -0.487544
16.3438 1.48478 -0.636944 0.380385 -0.440406
16.375 1.46469 -0.648662 0.367321 -0.396314
16.4062 1.44423 -0.661402 0.355541 -0.359127
16.4375 1.42336 -0.674132 0.344814 -0.327732
16.4688 1.4021 -0.685787 0.335023 -0.300494
16.5 1.38049 -0.69732 0.325862 -0.288829
16.5312 1.35853 -0.708487 0.316831 -0.290697
16.5625 1.33623 -0.718306 0.307594 -0.302165
16.5938 1.31364 -0.727664 0.297926 -0.314535
16.625 1.29075 -0.736656 0.28816 -0.307384
16.6562 1.2676 -0.744977 0.278695 -0.302398
16.6875 1.24419 -0.753367 0.268958 -0.323776
16.7188 1.22052 -0.760968 0.258477 -0.34463
16.75 1.19665 -0.766812 0.247488 -0.360496
16.7812 1.17261 -0.771385 0.235707 -0.396647
16.8125 1.14846 -0.774214 0.222775 -0.424912
16.8438 1.12424 -0.775173 0.209633 -0.410036
16.875 1.10002 -0.775056 0.197275 -0.382015
16.9062 1.07582 -0.77363 0.185705 -0.357349
16.9375 1.05168 -0.771315 0.175092 -0.320004
16.9688 1.02761 -0.769011 0.165686 -0.283849
17 1.00362 -0.766272 0.157266 -0.254838
17.0312 0.979719 -0.763261 0.149833 -0.219858
17.0625 0.955909 -0.760679 0.14352 -0.185053
17.0938 0.932176 -0.758248 0.138244 -0.151815
17.125 0.908515 -0.756105 0.134136 -0.109352
17.1562 0.884912 -0.754537 0.131446 -0.0636352
17.1875 0.861359 -0.752746 0.130078 -0.0247259
17.2188 0.837873 -0.750305 0.129917 0.0152078
17.25 0.814467 -0.747705 0.131002 0.0516327
17.2812 0.791145 -0.744707 0.132875 0.0637185
17.3125 0.767934 -0.740647 0.13482 0.0605377
17.3438 0.744859 -0.736196 0.136727 0.0625836
17.375 0.72192 -0.731845 0.138728 0.0644876
17.4062 0.69913 -0.726421 0.140705 0.0619206
17.4375 0.676532 -0.719752 0.142621 0.0606742
17.4688 0.654148 -0.712808 0.144388 0.0486431
17.5 0.631988 -0.70529 0.145364 0.00940899
17.5312 0.610075 -0.697115 0.144823 -0.0443585
17.5625 0.588418 -0.688932 0.142632 -0.0953756
17.5938 0.567018 -0.680664 0.138834 -0.148511
17.625 0.545872 -0.67276 0.133362 -0.199845
17.6562 0.524964 -0.665412 0.126549 -0.232554
17.6875 0.504291 -0.657504 0.118962 -0.252893
17.7188 0.483871 -0.649465 0.110658 -0.280425
17.75 0.463692 -0.642006 0.101368 -0.314056
17.7812 0.443755 -0.633682 0.0910923 -0.34217
17.8125 0.4241 -0.624143 0.0800792 -0.360723
17.8438 0.40475 -0.614206 0.0687193 -0.362792
17.875 0.38572 -0.603552 0.0576289 -0.343868
17.9062 0.367031 -0.59262 0.047381 -0.309953
17.9375 0.348676 -0.582176 0.0383777 -0.264696
17.9688 0.330644 -0.571864 0.0308536 -0.218327
18 0.31293 -0.561955 0.0245698 -0.186275
18.0312 0.295516 -0.552588 0.0191924 -0.15557
18.0625 0.278395 -0.543126 0.0150707 -0.10519
18.0938 0.26157 -0.533628 0.0126454 -0.0521549
18.125 0.245047 -0.523792 0.0116563 -0.0120307
18.1562 0.22884 -0.513427 0.012008 0.0380672
18.1875 0.212954 -0.503273 0.0141748 0.0999358
18.2188 0.197387 -0.492984 0.0180354 0.142381
18.25 0.182147 -0.482361 0.0228558 0.164634
18.2812 0.167235 -0.47205 0.0282991 0.183082
18.3125 0.152646 -0.461604 0.0341645 0.188861
18.3438 0.138383 -0.451323 0.0398952 0.175727
18.375 0.124429 -0.441845 0.0451169 0.159204
18.4062 0.110769 -0.43233 0.0498881 0.146082
18.4375 0.0974058 -0.423038 0.0541842 0.127273
18.4688 0.0843244 -0.414126 0.0577349 0.0981096
18.5 0.0715337 -0.404274 0.0601742 0.0553211
18.5312 0.0590657 -0.393599 0.0610341 -0.00216548
18.5625 0.0469402 -0.382268 0.0599738 -0.0662645
18.5938 0.0351849 -0.369948 0.0568521 -0.134129
18.625 0.0238228 -0.357126 0.0516156 -0.198929
18.6562 0.0128783 -0.343026 0.0446526 -0.242161
18.6875 0.00239723 -0.327714 0.0367096 -0.264202
18.7188 -0.00760668 -0.312521 0.0281548 -0.284184
18.75 -0.0171216 -0.296067 0.0189042 -0.307709
18.7812 -0.026094 -0.278118 0.00899208 -0.325157
18.8125 -0.0345108 -0.260674 -0.00136881 -0.338199
18.8438 -0.0423838 -0.243042 -0.0121649 -0.35169
18.875 -0.0496945 -0.224881 -0.0231028 -0.341836
18.9062 -0.0564468 -0.207372 -0.0331301 -0.295819
18.9375 -0.0626562 -0.190019 -0.0415588 -0.24557
18.9688 -0.0683303 -0.173395 -0.0485608 -0.201724
19 -0.0735117 -0.158409 -0.0540116 -0.144863
19.0312 -0.0782324 -0.143655 -0.0576338 -0.089824
19.0625 -0.082491 -0.129018 -0.0598118 -0.0506352
19.0938 -0.0863049 -0.11512 -0.0606851 -0.00166949
19.125 -0.0896799 -0.100691 -0.0597466 0.0624457
19.1562 -0.0925893 -0.0854701 -0.0568425 0.12178
19.1875 -0.0950228 -0.070283 -0.0522173 0.173191
19.2188 -0.0969794 -0.0548691 -0.0460951 0.217197
19.25 -0.0984507 -0.039365 -0.038715 0.254415
19.2812 -0.0994484 -0.0246535 -0.0302507 0.28541
19.3125 -0.0999992 -0.010651 -0.021088 0.296666
19.3438 -0.100115 0.00320425 -0.0119377 0.28697
19.375 -0.0998031 0.0166635 -0.0031509 0.276821
19.4062 -0.0990798 0.0295777 0.00544708 0.273719
19.4375 -0.0979548 0.0424311 0.0138685 0.26253
19.4688 -0.0964297 0.0551125 0.0216927 0.236728
19.5 -0.094513 0.0675637 0.0286516 0.208715
19.5312 -0.092204 0.0802552 0.0346254 0.169224
19.5625 -0.0894973 0.0929355 0.0388742 0.0978973
19.5938 -0.0863958 0.105609 0.0406653 0.0192833
19.625 -0.082894 0.118483 0.0403435 -0.0361165
19.6562 -0.0789982 0.130665 0.0385022 -0.0821192
19.6875 -0.074737 0.141966 0.0351915 -0.128741
19.7188 -0.0701288 0.152888 0.0306189 -0.160664
19.75 -0.0651874 0.163267 0.025278 -0.18099
19.7812 -0.0599286 0.173255 0.0192275 -0.207907
19.8125 -0.054362 0.182946 0.0122482 -0.237822
19.8438 -0.0484965 0.192485 0.00449378 -0.255838
19.875 -0.0423261 0.202496 -0.00357755 -0.258041
19.9062 -0.0358417 0.212392 -0.011442 -0.24183
19.9375 -0.0290583 0.221719 -0.018489 -0.206698
19.9688 -0.0219795 0.231456 -0.0242741 -0.162939
20 -0.0145873 0.24164 -0.0286394 -0.115888
20.0312 -0.00688121 0.251454 -0.0315252 -0.0702231
20.0625 0.00112272 0.260725 -0.033184 -0.0383812
20.0938 0.00941172 0.269768 -0.033952 -0.00872493
20.125 0.0179838 0.27883 -0.0335287 0.0384981
20.1562 0.0268345 0.287509 -0.0315087 0.0895757
20.1875 0.0359469 0.295619 -0.0280108 0.133906
20.2188 0.0453069 0.303329 -0.0231113 0.180042
20.25 0.0548954 0.310141 -0.0168198 0.220003
20.2812 0.06468 0.315934 -0.00958415 0.239398
20.3125 0.0746319 0.320796 -0.00201882 0.243745
20.3438 0.0847161 0.324403 0.00565245 0.247241
20.375 0.0949011 0.327441 0.0133261 0.240148
20.4062 0.105184 0.330687 0.0204211 0.212041
20.4375 0.115572 0.334208 0.0266755 0.19211
20.4688 0.126081 0.338574 0.0325881 0.185633
20.5 0.136743 0.34397 0.0380605 0.160353
20.5312 0.147585 0.349941 0.0424509 0.119809
20.5625 0.158621 0.35648 0.0454968 0.0733964
20.5938 0.169872 0.363688 0.0469103 0.0158013
20.625 0.181355 0.371243 0.0464918 -0.0417007
20.6562 0.193073 0.378687 0.0443446 -0.0951202
20.6875 0.205025 0.386321 0.0406588 -0.137328
20.7188 0.21722 0.394135 0.0360114 -0.157028
20.75 0.229649 0.401136 0.0309021 -0.170869
20.7812 0.24229 0.408037 0.025246 -0.192291
20.8125 0.255159 0.415628 0.0188455 -0.217192
20.8438 0.268263 0.42294 0.0117637 -0.233147
20.875 0.281598 0.430655 0.00447357 -0.231151
20.9062 0.295186 0.438985 -0.00262737 -0.222551
20.9375 0.309025 0.446609 -0.00923852 -0.194562
20.9688 0.323103 0.454536 -0.0144028 -0.132535
21 0.337433 0.462347 -0.0175988 -0.0764274
21.0312 0.35198 0.468462 -0.0193884 -0.0383979
21.0625 0.366716 0.474837 -0.0198782 0.00888726
21.0938 0.381661 0.481439 -0.0188738 0.0526222
21.125 0.396788 0.486498 -0.0167282 0.0846827
21.1562 0.412067 0.491415 -0.013435 0.129434
21.1875 0.427502 0.496327 -0.00850457 0.186353
21.2188 0.443082 0.500838 -0.00186035 0.237189
21.25 0.458812 0.505966 0.00623426 0.279738
21.2812 0.474699 0.510566 0.0155192 0.311859
21.3125 0.490716 0.514662 0.0255211 0.325227
21.3438 0.506873 0.519408 0.0357431 0.328729
21.375 0.52317 0.523334 0.0460572 0.330296
21.4062 0.539575 0.52665 0.0562519 0.319894
21.4375 0.556091 0.53042 0.0660016 0.305002
21.4688 0.57272 0.533715 0.0753937 0.296506
21.5 0.589449 0.537074 0.0844757 0.283179
21.5312 0.606292 0.540782 0.0930286 0.263805
21.5625 0.62324 0.543746 0.100913 0.238802
21.5938 0.640271 0.546198 0.107754 0.195449
21.625 0.657371 0.548042 0.112969 0.137517
21.6562 0.674515 0.5491 0.116438 0.0878288
21.6875 0.69169 0.55012 0.118712 0.061249
21.7188 0.708898 0.551272 0.120361 0.0438664
21.75 0.72615 0.553001 0.12142 0.0249226
21.7812 0.743471 0.555676 0.122119 0.0238622
21.8125 0.760888 0.559128 0.12304 0.0341263
21.8438 0.778429 0.563716 0.124103 0.0324255
21.875 0.796129 0.569159 0.125173 0.040582
21.9062 0.814008 0.575265 0.126941 0.0761925
21.9375 0.832093 0.582295 0.130069 0.125644
21.9688 0.850399 0.589119 0.134932 0.188192
22 0.868906 0.595292 0.141952 0.26182
22.0312 0.887604 0.601369 0.151281 0.3345
22.0625 0.906483 0.606673 0.162801 0.401409
22.0938 0.925511 0.611034 0.176238 0.456142
22.125 0.94467 0.615155 0.191203 0.501277
22.1562 0.963958 0.619251 0.207642 0.553163
22.1875 0.983375 0.623464 0.225944 0.620488
22.2188 1.00292 0.627542 0.246471 0.691897
22.25 1.02259 0.631406 0.269007 0.747216
22.2812 1.04239 0.635624 0.293062 0.792069
22.3125 1.06232 0.640246 0.318462 0.830458
22.3438 1.08241 0.644925 0.344618 0.837515
22.375 1.10263 0.649225 0.370624 0.827753
22.4062 1.12298 0.653379 0.39649 0.828329
22.4375 1.14347 0.658246 0.422236 0.815009
22.4688 1.16412 0.663219 0.447245 0.785361
22.5 1.18492 0.668099 0.471404 0.761713
22.5312 1.20589 0.674205 0.494768 0.73038
22.5625 1.22707 0.681083 0.516848 0.680438
22.5938 1.24846 0.688084 0.537226 0.623361
22.625 1.27008 0.695741 0.555783 0.563369
22.6562 1.29194 0.703257 0.572346 0.495356
22.6875 1.31403 0.710365 0.58677 0.430777
22.7188 1.33634 0.717787 0.599578 0.394161
22.75 1.35889 0.725109 0.611591 0.375033
22.7812 1.38166 0.732412 0.622982 0.354035
22.8125 1.40467 0.739927 0.633791 0.338912
22.8438 1.4279 0.746802 0.644145 0.322198
22.875 1.45133 0.752711 0.653887 0.302818
22.9062 1.47494 0.757677 0.663269 0.300841
22.9375 1.49868 0.761444 0.672781 0.307969
22.9688 1.52251 0.764019 0.682576 0.321931
23 1.54642 0.765837 0.693164 0.359124
23.0312 1.57037 0.767201 0.705038 0.39793
23.0625 1.59436 0.767772 0.717822 0.418668
23.0938 1.61836 0.767901 0.731306 0.448087
23.125 1.64236 0.768083 0.746005 0.492838
23.1562 1.66635 0.767623 0.761981 0.527238
23.1875 1.69033 0.76659 0.778955 0.562
23.2188 1.71426 0.764894 0.797353 0.618486
23.25 1.73811 0.761454 0.81763 0.676876
23.2812 1.76183 0.756531 0.839419 0.713051
23.3125 1.78538 0.749635 0.861892 0.720007
23.3438 1.80866 0.739855 0.884093 0.696291
23.375 1.8316 0.728858 0.905218 0.654412
23.4062 1.8542 0.716964 0.924975 0.609797
23.4375 1.87639 0.702943 0.943264 0.558927
23.4688 1.89813 0.688187 0.959829 0.501177
23.5 1.91941 0.673757 0.974649 0.448316
23.5312 1.94023 0.658955 0.987818 0.3925
23.5625 1.96059 0.644054 0.999049 0.32512
23.5938 1.98048 0.62903 1.00813 0.256542
23.625 1.9999 0.613392 1.01505 0.184823
23.6562 2.01882 0.597354 1.01961 0.106908
23.6875 2.03722 0.580414 1.02184 0.0386104
23.7188 2.05508 0.562244 1.02225 -0.00860264
23.75 2.07236 0.543433 1.02142 -0.0439495
23.7812 2.08904 0.52413 1.01954 -0.0750026
23.8125 2.10511 0.504362 1.01695 -0.0860612
23.8438 2.12055 0.483743 1.01431 -0.0835344
23.875 2.13533 0.461874 1.01155 -0.0958677
23.9062 2.14941 0.439007 1.00841 -0.0998881
23.9375 2.16275 0.414601 1.0057 -0.0683654
23.9688 2.17531 0.388732 1.00425 -0.0248754
24 2.18705 0.36251 1.0042 0.0239315
24.0312 2.19796 0.335794 1.00592 0.0882221
24.0625 2.20803 0.308416 1.00967 0.148967
24.0938 2.21723 0.280716 1.01507 0.195171
24.125 2.22557 0.252449 1.0219 0.243368
24.1562 2.233 0.223382 1.03032 0.295319
24.1875 2.23952 0.193607 1.04029 0.341256
24.2188 2.2451 0.16361 1.05154 0.375949
24.25 2.24975 0.133665 1.06356 0.390143
24.2812 2.25345 0.103509 1.07586 0.398135
24.3125 2.25622 0.0735248 1.08852 0.411534
24.3438 2.25805 0.0441303 1.10131 0.399985
24.375 2.25898 0.0148328 1.11315 0.355798
24.4062 2.25898 -0.0144886 1.12365 0.320436
24.4375 2.25807 -0.0436802 1.13341 0.305099
24.4688 2.25625 -0.0732275 1.14257 0.27745
24.5 2.25349 -0.103335 1.15061 0.236647
24.5312 2.24978 -0.134302 1.15728 0.186684
24.5625 2.24508 -0.16627 1.16201 0.112148
24.5938 2.23939 -0.197895 1.16422 0.0309021
24.625 2.23272 -0.228923 1.164 -0.0454954
24.6562 2.22508 -0.259962 1.1614 -0.118716
24.6875 2.21649 -0.289502 1.15685 -0.166229
24.7188 2.20701 -0.316741 1.15134 -0.182844
24.75 2.19671 -0.342295 1.14563 -0.179018
24.7812 2.18564 -0.365814 1.14036 -0.155555
24.8125 2.17387 -0.387593 1.13598 -0.125414
24.8438 2.16143 -0.408209 1.13237 -0.108306
24.875 2.14837 -0.427484 1.1292 -0.092328
24.9062 2.13472 -0.446311 1.12681 -0.058886
24.9375 2.12047 -0.465098 1.12541 -0.03522
24.9688 2.10566 -0.482764 1.12442 -0.0271373
25 2.09031 -0.499094 1.12395 0.00112318
25.0312 2.07448 -0.514162 1.12449 0.029544
25.0625 2.0582 -0.527522 1.1255 0.0319151
25.0938 2.04152 -0.539296 1.12646 0.0295028
25.125 2.0245 -0.549858 1.12725 0.0176326
25.1562 2.00717 -0.559412 1.12735 -0.0128266
25.1875 1.98955 -0.567833 1.12646 -0.0428288
25.2188 1.97169 -0.574839 1.12473 -0.0683061
25.25 1.95364 -0.580387 1.12207 -0.105522
25.2812 1.93544 -0.584385 1.1179 -0.164364
25.3125 1.91713 -0.587347 1.11172 -0.230555
25.3438 1.89873 -0.589776 1.10347 -0.299773
25.375 1.88027 -0.591605 1.09278 -0.387548
25.4062 1.86175 -0.593712 1.07918 -0.481569
25.4375 1.84316 -0.596095 1.06276 -0.569012
25.4688 1.8245 -0.597994 1.04361 -0.655898
25.5 1.80578 -0.600493 1.02189 -0.731615
25.5312 1.78697 -0.603344 0.997954 -0.801693
25.5625 1.76808 -0.605542 0.971587 -0.888202
25.5938 1.74912 -0.608337 0.942509 -0.968313
25.625 1.73005 -0.611522 0.911376 -1.02108
25.6562 1.7109 -0.614109 0.878742 -1.06717
25.6875 1.69167 -0.616959 0.844847 -1.09667
25.7188 1.67234 -0.620202 0.810557 -1.0942
25.75 1.6529 -0.623707 0.776515 -1.08499
25.7812 1.63335 -0.627574 0.742775 -1.07243
25.8125 1.61369 -0.631061 0.709636 -1.0468
25.8438 1.59391 -0.634251 0.677376 -1.0182
25.875 1.57404 -0.637355 0.645993 -0.989592
25.9062 1.55409 -0.639693 0.615674 -0.946724
25.9375 1.53407 -0.640985 0.587124 -0.876326
25.9688 1.51404 -0.641113 0.561026 -0.794008
26 1.49401 -0.640459 0.537472 -0.713254
26.0312 1.47401 -0.639589 0.516472 -0.631167
26.0625 1.45405 -0.638035 0.497911 -0.559046
26.0938 1.43414 -0.63642 0.481468 -0.493025
26.125 1.41426 -0.636153 0.467075 -0.430511
26.1562 1.39436 -0.637018 0.454282 -0.393229
26.1875 1.37443 -0.638861 0.442299 -0.37456
26.2188 1.35443 -0.641682 0.430887 -0.355851
26.25 1.33432 -0.644746 0.419983 -0.344125
26.2812 1.31413 -0.64785 0.40926 -0.343215
26.3125 1.29384 -0.650408 0.3985 -0.346055
26.3438 1.27349 -0.652277 0.387526 -0.359127
26.375 1.25307 -0.654465 0.375881 -0.38771
26.4062 1.23258 -0.656517 0.363324 -0.413856
26.4375 1.21204 -0.658189 0.350129 -0.430174
26.4688 1.19144 -0.660056 0.336365 -0.452596
26.5 1.17079 -0.661263 0.321794 -0.478941
26.5312 1.15012 -0.661815 0.306566 -0.493776
26.5625 1.12943 -0.662263 0.290906 -0.511285
26.5938 1.10874 -0.662179 0.274417 -0.545405
26.625 1.08804 -0.662128 0.256922 -0.570483
26.6562 1.06735 -0.662339 0.238964 -0.577455
26.6875 1.04665 -0.662361 0.22083 -0.582924
26.7188 1.02595 -0.662541 0.202652 -0.577157
26.75 1.00524 -0.662526 0.184938 -0.554965
26.7812 0.984547 -0.662113 0.168003 -0.528469
26.8125 0.963862 -0.661711 0.151963 -0.497078
26.8438 0.943197 -0.660712 0.136973 -0.462276
26.875 0.922575 -0.658982 0.123071 -0.426853
26.9062 0.902016 -0.656622 0.1104 -0.381273
26.9375 0.881547 -0.653263 0.0994352 -0.317917
26.9688 0.861188 -0.649792 0.090588 -0.249137
27 0.840935 -0.646255 0.0837877 -0.186383
27.0312 0.82081 -0.641598 0.0790084 -0.118229
27.0625 0.800835 -0.636951 0.0763167 -0.0586295
27.0938 0.780992 -0.633047 0.0749893 -0.0303472
27.125 0.761275 -0.628718 0.0744103 -0.00398381
27.1562 0.741699 -0.624236 0.0748616 0.0320846
27.1875 0.722256 -0.620106 0.0762171 0.0509455
27.2188 0.702945 -0.615754 0.0779148 0.057262
27.25 0.68377 -0.611462 0.0797798 0.0611865
27.2812 0.664729 -0.607051 0.0816514 0.0574247
27.3125 0.64584 -0.601709 0.0833439 0.0509388
27.3438 0.627121 -0.59645 0.0848083 0.0414838
27.375 0.608552 -0.592075 0.0858104 0.0203307
27.4062 0.590116 -0.587873 0.0859526 -0.0126952
27.4375 0.5718 -0.584706 0.0849682 -0.0504466
27.4688 0.553549 -0.58361 0.0828166 -0.0868029
27.5 0.535318 -0.583158 0.0795668 -0.120929
27.5312 0.517103 -0.58267 0.0752706 -0.153848
27.5625 0.498896 -0.582531 0.069957 -0.186363
27.5938 0.480703 -0.581643 0.0635897 -0.221946
27.625 0.462554 -0.579785 0.0560603 -0.259323
27.6562 0.444468 -0.577622 0.0475078 -0.285034
27.6875 0.426462 -0.574585 0.0384184 -0.294752
27.7188 0.408564 -0.570888 0.0291819 -0.294337
27.75 0.390785 -0.566785 0.0202227 -0.27541
27.7812 0.373153 -0.561513 0.0120909 -0.24565
27.8125 0.355698 -0.555574 0.0047404 -0.226262
27.8438 0.338434 -0.54916 -0.00197132 -0.19962
27.875 0.321385 -0.541904 -0.00752895 -0.15498
27.9062 0.304564 -0.534707 -0.011745 -0.117172
27.9375 0.287967 -0.527388 -0.0148856 -0.0817944
27.9688 0.271609 -0.519502 -0.0166362 -0.0267358
28 0.255494 -0.511934 -0.0164489 0.0383315
28.0312 0.239612 -0.504488 -0.0143589 0.0928181
28.0625 0.223964 -0.497046 -0.0107901 0.133993
28.0938 0.208542 -0.489922 -0.00605202 0.168208
28.125 0.19335 -0.482209 -0.000372699 0.193305
28.1562 0.178409 -0.474088 0.00592022 0.208338
28.1875 0.163717 -0.46616 0.012616 0.21979
28.2188 0.149281 -0.457533 0.0196032 0.226113
28.25 0.135131 -0.447945 0.0266733 0.22541
28.2812 0.12129 -0.437873 0.0336074 0.215995
28.3125 0.107765 -0.427676 0.0399524 0.186292
28.3438 0.0945613 -0.417297 0.0451206 0.144844
28.375 0.0816938 -0.406081 0.0491141 0.111943
28.4062 0.0691833 -0.394677 0.0520176 0.0696175
28.4375 0.0570195 -0.38386 0.0532043 0.00458435
28.4688 0.0451935 -0.372961 0.0524242 -0.0502482
28.5 0.033708 -0.362197 0.0502621 -0.0876353
28.5312 0.0225522 -0.351759 0.046843 -0.133203
28.5625 0.0117283 -0.340871 0.0419213 -0.180242
28.5938 0.00125282 -0.329474 0.035683 -0.218326
28.625 -0.0088539 -0.317126 0.0282485 -0.258178
28.6562 -0.0185544 -0.303594 0.0195633 -0.296296
28.6875 -0.0278286 -0.290019 0.00985267 -0.322994
28.7188 -0.036683 -0.276658 -0.000472628 -0.335006
28.75 -0.0451198 -0.26335 -0.0108925 -0.328897
28.7812 -0.0531493 -0.250664 -0.0208769 -0.308191
28.8125 -0.0607922 -0.238519 -0.0300508 -0.277506
28.8438 -0.0680551 -0.226228 -0.0381668 -0.241788
28.875 -0.074925 -0.213342 -0.0451769 -0.206846
28.9062 -0.0813845 -0.200022 -0.0510396 -0.166737
28.9375 -0.0874223 -0.186271 -0.0554947 -0.117098
28.9688 -0.0930148 -0.171459 -0.0582922 -0.0607921
29 -0.0981322 -0.156039 -0.059214 0.00277447
29.0312 -0.102765 -0.140319 -0.0581189 0.0663968
29.0625 -0.106888 -0.123354 -0.0551216 0.125115
29.0938 -0.11047 -0.105986 -0.0502966 0.183106
29.125 -0.113518 -0.0890617 -0.0438353 0.226002
29.1562 -0.116029 -0.0715406 -0.0364479 0.24412
29.1875 -0.117989 -0.0540308 -0.0285575 0.263413
29.2188 -0.119414 -0.0371925 -0.0198622 0.292635
29.25 -0.120313 -0.0203279 -0.010477 0.303142
29.2812 -0.120695 -0.00443296 -0.00114166 0.293008
29.3125 -0.120603 0.0102921 0.0078392 0.281478
29.3438 -0.120051 0.0249837 0.0163095 0.256779
29.375 -0.119052 0.0386418 0.0236807 0.213366
29.4062 -0.117652 0.0508669 0.0296371 0.168071
29.4375 -0.115874 0.0629027 0.034147 0.119342
29.4688 -0.113721 0.0748423 0.0370479 0.0662804
29.5 -0.111199 0.0865837 0.0382886 0.0125611
29.5312 -0.108311 0.0981628 0.0377953 -0.043694
29.5625 -0.105066 0.109536 0.0356985 -0.0872275
29.5938 -0.101459 0.121499 0.0324657 -0.120087
29.625 -0.0974662 0.134035 0.02806 -0.164263
29.6562 -0.093084 0.146414 0.0221374 -0.214181
29.6875 -0.0883099 0.159297 0.0147903 -0.252987
29.7188 -0.0831193 0.172928 0.00658743 -0.267199
29.75 -0.0775091 0.185925 -0.00167533 -0.259789
29.7812 -0.0715093 0.197985 -0.00961376 -0.247401
29.8125 -0.0651371 0.209791 -0.0169673 -0.219239
29.8438 -0.0584037 0.221014 -0.0231578 -0.17731
29.875 -0.0513268 0.231978 -0.028204 -0.148094
29.9062 -0.0438963 0.243709 -0.0324017 -0.117699
29.9375 -0.0360907 0.255885 -0.0353544 -0.0692322
29.9688 -0.027898 0.268607 -0.0367156 -0.018596
30 -0.0192935 0.282123 -0.0365187 0.0322313
30.0312 -0.0102711 0.295157 -0.034615 0.090474
30.0625 -0.000850931 0.307764 -0.0308892 0.146339
30.0938 0.00896672 0.320525 -0.0256045 0.189829
30.125 0.0191728 0.332494 -0.0191061 0.225455
30.1562 0.0297427 0.344007 -0.0115629 0.255642
30.1875 0.0406753 0.355638 -0.00329943 0.270122
30.2188 0.0519638 0.366729 0.00519916 0.273577
30.25 0.0635954 0.377772 0.0138459 0.280326
30.2812 0.0755801 0.389311 0.0226653 0.282059
30.3125 0.0879289 0.401024 0.0313371 0.270986
30.3438 0.100644 0.412751 0.0394646 0.246231
30.375 0.113723 0.424278 0.046524 0.203199
30.4062 0.127164 0.436043 0.052152 0.158601
30.4375 0.140978 0.447944 0.0565158 0.120276
30.4688 0.155151 0.458942 0.0595479 0.0716462
30.5 0.169658 0.469568 0.0609592 0.0198107
30.5312 0.184497 0.479992 0.0608874 -0.0231042
30.5625 0.199648 0.489524 0.059563 -0.0612013
30.5938 0.21509 0.498769 0.0570747 -0.0982112
30.625 0.230811 0.507078 0.053419 -0.135054
30.6562 0.246766 0.513897 0.0487553 -0.161011
30.6875 0.262933 0.520899 0.0434102 -0.182354
30.7188 0.27932 0.527704 0.0372532 -0.211564
30.75 0.295901 0.53341 0.030414 -0.220018
30.7812 0.312663 0.539489 0.0238339 -0.198316
30.8125 0.329625 0.54606 0.0180488 -0.172309
30.8438 0.346787 0.552283 0.0130939 -0.143464
30.875 0.364143 0.558547 0.00915576 -0.10818
30.9062 0.381702 0.565341 0.00630739 -0.07487
30.9375 0.399487 0.573106 0.00445756 -0.0429425
30.9688 0.41753 0.581676 0.00372327 -0.00181467
31 0.435845 0.590563 0.00446094 0.0500521
31.0312 0.454444 0.599836 0.00688441 0.105741
31.0625 0.473332 0.608815 0.0111311 0.166401
31.0938 0.492482 0.616579 0.0171642 0.215453
31.125 0.511854 0.623046 0.0243173 0.239502
31.1562 0.531411 0.628387 0.0320936 0.258372
31.1875 0.551121 0.632978 0.0403813 0.268914
31.2188 0.570965 0.636895 0.048715 0.263158
31.25 0.590921 0.64025 0.0568684 0.260011
31.2812 0.610979 0.643468 0.0649861 0.258613
31.3125 0.631132 0.646159 0.0729526 0.250249
31.3438 0.651359 0.648352 0.0805898 0.238058
31.375 0.671653 0.650412 0.0877806 0.220737
31.4062 0.691999 0.651493 0.0942435 0.18996
31.4375 0.712361 0.651596 0.0995141 0.147068
31.4688 0.732719 0.651156 0.103573 0.116293
31.5 0.753048 0.6498 0.106921 0.0976029
31.5312 0.773329 0.648228 0.10954 0.0680199
31.5625 0.793561 0.646507 0.111186 0.0396063
31.5938 0.813727 0.644083 0.112179 0.025859
31.625 0.833825 0.642379 0.11287 0.0193164
31.6562 0.853886 0.641536 0.113467 0.0201491
31.6875 0.873915 0.640263 0.114163 0.0241792
31.7188 0.893906 0.639289 0.114985 0.0296529
31.75 0.913878 0.639004 0.116178 0.0500665
31.7812 0.933844 0.638828 0.118299 0.0879504
31.8125 0.95381 0.639061 0.121803 0.138613
31.8438 0.973788 0.639513 0.127107 0.202511
31.875 0.993776 0.639733 0.134468 0.267186
31.9062 1.01377 0.640065 0.143686 0.321068
31.9375 1.03378 0.640432 0.154482 0.369934
31.9688 1.05379 0.640303 0.166872 0.425196
32 1.0738 0.640121 0.181213 0.494208
32.0312 1.09381 0.640848 0.197704 0.558043
32.0625 1.11386 0.641958 0.215913 0.606787
32.0938 1.13393 0.64257 0.235745 0.664503
32.125 1.15402 0.643517 0.257348 0.712538
32.1562 1.17415 0.645029 0.279885 0.725789
32.1875 1.19433 0.646215 0.302696 0.735927
32.2188 1.21455 0.647706 0.325898 0.746878
32.25 1.23482 0.650306 0.349205 0.743414
32.2812 1.2552 0.653563 0.372419 0.744374
32.3125 1.27567 0.656938 0.395793 0.750984
32.3438 1.29625 0.659842 0.419264 0.749404
32.375 1.31691 0.661935 0.442515 0.736523
32.4062 1.33761 0.662858 0.465155 0.710344
32.4375 1.35832 0.662051 0.486793 0.67267
32.4688 1.37897 0.660037 0.507087 0.62509
32.5 1.39956 0.657058 0.525904 0.581488
32.5312 1.42003 0.652962 0.543579 0.550905
32.5625 1.44037 0.648946 0.560322 0.520241
32.5938 1.46059 0.645355 0.57616 0.49578
32.625 1.4807 0.641866 0.59143 0.482048
32.6562 1.50072 0.638978 0.606269 0.467951
32.6875 1.52064 0.6363 0.620809 0.465864
32.7188 1.54049 0.633987 0.635525 0.476061
32.75 1.56027 0.6323 0.650478 0.479531
32.7812 1.58 0.629984 0.665515 0.485186
32.8125 1.59965 0.627632 0.68102 0.51061
32.8438 1.61924 0.626125 0.697558 0.54833
32.875 1.63878 0.6246 0.715277 0.585613
32.9062 1.65828 0.623408 0.734209 0.627214
32.9375 1.67774 0.622412 0.754481 0.66863
32.9688 1.69717 0.620985 0.775857 0.697961
33 1.71656 0.619946 0.798172 0.733676
33.0312 1.73592 0.618594 0.821946 0.790159
33.0625 1.75521 0.616248 0.847539 0.845412
33.0938 1.77443 0.61396 0.87461 0.884904
33.125 1.79358 0.611076 0.902731 0.912674
33.1562 1.81261 0.606662 0.931471 0.923643
33.1875 1.83148 0.601147 0.960338 0.923188
33.2188 1.85017 0.594442 0.989101 0.914713
33.25 1.86863 0.5869 1.01724 0.882653
33.2812 1.88685 0.579081 1.04422 0.846104
33.3125 1.90481 0.570636 1.0702 0.814881
33.3438 1.92251 0.561915 1.09494 0.76534
33.375 1.93993 0.553245 1.11797 0.709156
33.4062 1.95708 0.543929 1.13924 0.649953
33.4375 1.97392 0.533894 1.15844 0.5765
33.4688 1.99045 0.523919 1.17516 0.491854
33.5 2.00667 0.514658 1.18913 0.403944
33.5312 2.02262 0.505542 1.20068 0.340254
33.5625 2.03826 0.495924 1.21052 0.287843
33.5938 2.05362 0.486629 1.21846 0.218019
33.625 2.06868 0.476914 1.22418 0.149988
33.6562 2.0834 0.465284 1.22783 0.0811051
33.6875 2.09775 0.452715 1.22908 -0.00281256
33.7188 2.11169 0.439223 1.22763 -0.0892247
33.75 2.12518 0.42398 1.22348 -0.17732
33.7812 2.13818 0.408287 1.2166 -0.260323
33.8125 2.1507 0.392949 1.20749 -0.317782
33.8438 2.16274 0.37737 1.19688 -0.360403
33.875 2.17428 0.361424 1.1851 -0.388855
33.9062 2.18533 0.34554 1.17293 -0.386015
33.9375 2.19588 0.329303 1.16103 -0.377342
33.9688 2.20589 0.311289 1.14932 -0.370479
34 2.21531 0.291126 1.13804 -0.349191
34.0312 2.22406 0.268875 1.12748 -0.327917
34.0625 2.23209 0.244042 1.11757 -0.304306
34.0938 2.2393 0.217084 1.10863 -0.265522
34.125 2.24563 0.188168 1.10094 -0.229775
34.1562 2.25103 0.156886 1.09404 -0.214884
34.1875 2.25542 0.124042 1.08747 -0.20371
34.2188 2.25877 0.0900104 1.08148 -0.177313
34.25 2.26103 0.0544295 1.0764 -0.149512
34.2812 2.26216 0.0180597 1.07208 -0.126584
34.3125 2.26216 -0.0183367 1.06847 -0.106253
34.3438 2.26102 -0.054724 1.06531 -0.0977179
34.375 2.25874 -0.0910316 1.06235 -0.0903494
34.4062 2.25533 -0.127347 1.05965 -0.0845326
34.4375 2.25079 -0.163219 1.0569 -0.0939691
34.4688 2.24514 -0.19787 1.05371 -0.110734
34.5 2.23843 -0.231484 1.04986 -0.138232
34.5312 2.23069 -0.263731 1.04508 -0.164526
34.5625 2.22197 -0.293823 1.0398 -0.170653
34.5938 2.21234 -0.32248 1.03446 -0.171484
34.625 2.20182 -0.350326 1.02906 -0.175098
34.6562 2.19045 -0.377159 1.02338 -0.191562
34.6875 2.17826 -0.403173 1.01698 -0.216788
34.7188 2.16527 -0.428099 1.01004 -0.22421
34.75 2.15152 -0.451846 1.00306 -0.222917
34.7812 2.13703 -0.475019 0.996101 -0.220702
34.8125 2.12184 -0.49713 0.989441 -0.202558
34.8438 2.10597 -0.518145 0.983548 -0.17394
34.875 2.08945 -0.539083 0.97861 -0.141263
34.9062 2.07228 -0.559591 0.97471 -0.110423
34.9375 2.05449 -0.579457 0.971462 -0.101798
34.9688 2.03607 -0.598849 0.968221 -0.104488
35 2.01707 -0.616836 0.965126 -0.0905493
35.0312 1.99754 -0.633243 0.962602 -0.0729559
35.0625 1.97751 -0.647887 0.960391 -0.070317
35.0938 1.95707 -0.66029 0.958249 -0.0641772
35.125 1.93626 -0.671175 0.956494 -0.0489729
35.1562 1.91514 -0.680395 0.954948 -0.0552322
35.1875 1.89375 -0.688262 0.952816 -0.0824591
35.2188 1.87211 -0.696625 0.949751 -0.115977
35.25 1.85021 -0.705114 0.945269 -0.176541
35.2812 1.82805 -0.7129 0.938517 -0.255404
35.3125 1.80565 -0.720802 0.929401 -0.32765
35.3438 1.78301 -0.728488 0.917891 -0.412748
35.375 1.76013 -0.735072 0.903495 -0.506803
35.4062 1.73707 -0.740592 0.886477 -0.578302
35.4375 1.71386 -0.745232 0.867432 -0.641974
35.4688 1.69051 -0.748987 0.846263 -0.712369
35.5 1.66706 -0.751623 0.823091 -0.766524
35.5312 1.64354 -0.753126 0.798549 -0.80254
35.5625 1.62 -0.753564 0.773009 -0.830098
35.5938 1.59645 -0.753153 0.746871 -0.838707
35.625 1.57292 -0.752773 0.720819 -0.825899
35.6562 1.5494 -0.752455 0.695317 -0.806934
35.6875 1.5259 -0.75182 0.670275 -0.797472
35.7188 1.50241 -0.751639 0.645489 -0.786291
35.75 1.47892 -0.751627 0.621362 -0.754396
35.7812 1.45544 -0.750661 0.598473 -0.709163
35.8125 1.43201 -0.749338 0.577138 -0.65454
35.8438 1.40861 -0.748186 0.557624 -0.594469
35.875 1.38525 -0.746838 0.539971 -0.534599
35.9062 1.36193 -0.745457 0.52431 -0.466585
35.9375 1.33866 -0.743843 0.510735 -0.405651
35.9688 1.31545 -0.741789 0.498732 -0.364782
36 1.2923 -0.739535 0.487906 -0.327677
36.0312 1.26923 -0.736341 0.478259 -0.2901
36.0625 1.24629 -0.731777 0.469738 -0.255927
36.0938 1.22351 -0.726485 0.46219 -0.229223
36.125 1.20089 -0.720519 0.455228 -0.21979
36.1562 1.17848 -0.713799 0.448236 -0.230967
36.1875 1.15629 -0.706598 0.440633 -0.257256
36.2188 1.13432 -0.699027 0.432114 -0.288097
36.25 1.1126 -0.691037 0.42258 -0.324014
36.2812 1.09114 -0.68244 0.411676 -0.376979
36.3125 1.06995 -0.673319 0.398931 -0.437768
36.3438 1.04906 -0.663607 0.384459 -0.48628
36.375 1.02849 -0.652871 0.368577 -0.530801
36.4062 1.00826 -0.641575 0.351297 -0.572875
36.4375 0.988386 -0.630794 0.332978 -0.597042
36.4688 0.968831 -0.620929 0.313967 -0.622103
36.5 0.94957 -0.611846 0.29399 -0.656028
36.5312 0.930578 -0.603933 0.27309 -0.679443
36.5625 0.911805 -0.597847 0.251588 -0.695993
36.5938 0.893203 -0.592662 0.229722 -0.699682
36.625 0.874767 -0.587277 0.208098 -0.681578
36.6562 0.856492 -0.582447 0.187193 -0.656168
36.6875 0.838356 -0.578268 0.167106 -0.628747
36.7188 0.820355 -0.573724 0.147956 -0.595525
36.75 0.802502 -0.568875 0.13 -0.551722
36.7812 0.784801 -0.563931 0.113555 -0.500023
36.8125 0.767262 -0.558469 0.0988393 -0.438821
36.8438 0.749903 -0.552439 0.0863636 -0.356676
36.875 0.732735 -0.546331 0.0765556 -0.273505
36.9062 0.715754 -0.540505 0.069104 -0.20459
36.9375 0.698949 -0.535109 0.063794 -0.134583
36.9688 0.682299 -0.530669 0.0606326 -0.0705321
37 0.665775 -0.526909 0.0591746 -0.0257282
37.0312 0.649372 -0.522823 0.0589045 0.00733688
37.0625 0.633094 -0.519162 0.0595834 0.0354293
37.0938 0.616915 -0.516278 0.0610763 0.0593732
37.125 0.600835 -0.512699 0.0632288 0.0767831
37.1562 0.584874 -0.508915 0.0657198 0.0792506
37.1875 0.569017 -0.506024 0.06795 0.0601811
37.2188 0.553247 -0.503177 0.0693559 0.0291429
37.25 0.537569 -0.500283 0.0697654 -0.00317246
37.2812 0.521977 -0.49761 0.0691098 -0.0397758
37.3125 0.506473 -0.494555 0.0672407 -0.080008
37.3438 0.49107 -0.491233 0.0641035 -0.121127
37.375 0.475773 -0.487696 0.0596357 -0.165099
37.4062 0.460594 -0.483662 0.053837 -0.203752
37.4375 0.445546 -0.479421 0.0471038 -0.223853
37.4688 0.430631 -0.475131 0.0399631 -0.233274
37.5 0.415848 -0.471042 0.0324289 -0.250744
37.5312 0.401185 -0.467545 0.0242478 -0.272176
37.5625 0.386621 -0.464627 0.0155031 -0.285993
37.5938 0.372144 -0.461866 0.00646784 -0.290366
37.625 0.357759 -0.458647 -0.00247972 -0.279084
37.6562 0.343479 -0.455325 -0.0107839 -0.249874
37.6875 0.329302 -0.45186 -0.0179935 -0.210868
37.7188 0.315253 -0.447107 -0.0239894 -0.17417
37.75 0.301359 -0.442251 -0.0289504 -0.143415
37.7812 0.287598 -0.438591 -0.03286 -0.104327
37.8125 0.27395 -0.434807 -0.0353482 -0.0540532
37.8438 0.260423 -0.431024 -0.0362185 -0.000990885
37.875 0.247003 -0.427861 -0.0353212 0.0599111
37.9062 0.233684 -0.424501 -0.032471 0.1207
37.9375 0.220473 -0.421026 -0.0279414 0.166961
37.9688 0.207376 -0.417035 -0.0221013 0.206415
38 0.194416 -0.412347 -0.0151132 0.238438
38.0312 0.181603 -0.407645 -0.00737612 0.254463
38.0625 0.168955 -0.401448 0.000729674 0.264176
38.0938 0.156532 -0.393423 0.00909419 0.269351
38.125 0.144371 -0.384723 0.0174004 0.25968
38.1562 0.132505 -0.374417 0.0252328 0.241219
38.1875 0.120979 -0.363266 0.0324477 0.218916
38.2188 0.109796 -0.352383 0.0387018 0.176781
38.25 0.0989657 -0.340651 0.0432718 0.114461
38.2812 0.0885003 -0.329419 0.0459425 0.0592428
38.3125 0.0783612 -0.319556 0.0470778 0.0130311
38.3438 0.068534 -0.309263 0.0466644 -0.0405254
38.375 0.0590318 -0.299009 0.0445846 -0.0908495
38.4062 0.0498379 -0.289457 0.0410511 -0.135491
38.4375 0.040941 -0.279942 0.0361059 -0.179746
38.4688 0.0323395 -0.270583 0.0300109 -0.206615
38.5 0.024029 -0.261299 0.0233209 -0.221644
38.5312 0.0160041 -0.252405 0.0161047 -0.240452
38.5625 0.00824946 -0.243872 0.0083511 -0.25428
38.5938 0.000765721 -0.235088 0.000283792 -0.261117
38.625 -0.00645056 -0.2269 -0.00787258 -0.258426
38.6562 -0.0134161 -0.218725 -0.0156884 -0.239078
38.6875 -0.0201071 -0.209364 -0.0226733 -0.206037
38.7188 -0.0265026 -0.200027 -0.0284847 -0.16573
38.75 -0.0326072 -0.190525 -0.0331033 -0.131561
38.7812 -0.0384022 -0.180343 -0.0367393 -0.0998765
38.8125 -0.0438857 -0.170742 -0.0392156 -0.0570022
38.8438 -0.0490773 -0.161529 -0.0402762 -0.0108794
38.875 -0.0539864 -0.152833 -0.0398233 0.0423829
38.9062 -0.0586399 -0.145023 -0.0374792 0.108478
38.9375 -0.063041 -0.136421 -0.0331276 0.167199
38.9688 -0.0671584 -0.127117 -0.0272044 0.209645
39 -0.0709897 -0.118073 -0.0201391 0.240791
39.0312 -0.0745288 -0.108206 -0.01227 0.260972
39.0625 -0.0777428 -0.0974449 -0.0039412 0.270292
39.0938 -0.0806207 -0.0867883 0.00451523 0.269302
39.125 -0.0831685 -0.0762429 0.0127943 0.25897
39.1562 -0.08538 -0.0651474 0.0205894 0.238056
39.1875 -0.0872319 -0.053319 0.027572 0.20752
39.2188 -0.088716 -0.0417849 0.0334752 0.168574
39.25 -0.0898467 -0.0305162 0.0379794 0.117713
39.2812 -0.0906165 -0.0186851 0.0407539 0.0594821
39.3125 -0.0910159 -0.00692764 0.0417125 0.00250826
39.3438 -0.0910469 0.00509806 0.0409734 -0.0483972
39.375 -0.0906865 0.0180774 0.0387863 -0.0902518
39.4062 -0.0899144 0.0314003 0.0353655 -0.128966
39.4375 -0.0887116 0.0458795 0.0306907 -0.170561
39.4688 -0.0870318 0.0617228 0.0247317 -0.209467
39.5 -0.0848551 0.0775433 0.0177393 -0.235148
39.5312 -0.0821849 0.0933779 0.0102063 -0.245115
39.5625 -0.0790212 0.108992 0.00244103 -0.252752
39.5938 -0.0753801 0.12397 -0.00564153 -0.264304
39.625 -0.0712769 0.1385 -0.013967 -0.265598
39.6562 -0.066738 0.151748 -0.0220465 -0.248579
39.6875 -0.0617994 0.164362 -0.0293357 -0.215417
39.7188 -0.056462 0.177175 -0.0353829 -0.170479
39.75 -0.0507366 0.189092 -0.0400009 -0.126317
39.7812 -0.0446423 0.201142 -0.0433699 -0.090378
39.8125 -0.0381546 0.214085 -0.0456558 -0.0549552
39.8438 -0.0312706 0.226335 -0.0466937 -0.00927286
39.875 -0.0240083 0.238614 -0.0461116 0.0480492
39.9062 -0.0163468 0.251789 -0.0436155 0.112838
39.9375 -0.00827347 0.264857 -0.039004 0.182222
39.9688 0.000209603 0.278216 -0.0323559 0.239285
40 0.00912883 0.292865 -0.0243029 0.273517
40.0312 0.0185289 0.308948 -0.0152912 0.303705
40.0625 0.0284464 0.325822 -0.00538297 0.327382
40.0938 0.0388932 0.342794 0.00495273 0.331933
40.125 0.0498746 0.360063 0.0153582 0.334843
40.1562 0.061395 0.377124 0.0258367 0.332967
40.1875 0.0734361 0.393412 0.035948 0.311401
40.2188 0.0859803 0.409367 0.0452233 0.281806
40.25 0.0990166 0.424881 0.0534983 0.245968
40.2812 0.112536 0.440407 0.0604795 0.199531
40.3125 0.126543 0.45595 0.0659298 0.148991
40.3438 0.141018 0.470264 0.0697786 0.0974183
40.375 0.155934 0.484488 0.0720621 0.0499267
40.4062 0.171306 0.499303 0.0729703 0.0089919
40.4375 0.187127 0.512998 0.0726571 -0.028529
40.4688 0.203363 0.52615 0.0712221 -0.0629293
40.5 0.220014 0.539459 0.0687222 -0.0972769
40.5312 0.237069 0.551853 0.0651744 -0.12794
40.5625 0.254497 0.56342 0.0609221 -0.140613
40.5938 0.272273 0.57402 0.0565316 -0.140056
40.625 0.29036 0.583416 0.0520942 -0.145361
40.6562 0.308731 0.592253 0.0474608 -0.148872
40.6875 0.327371 0.600669 0.0430037 -0.132908
40.7188 0.346274 0.609162 0.0393245 -0.100382
40.75 0.365444 0.617669 0.0368597 -0.0555887
40.7812 0.384874 0.625891 0.0358836 -0.00795066
40.8125 0.404572 0.634908 0.03625 0.0300979
40.8438 0.424555 0.643862 0.0377885 0.0701876
40.875 0.4448 0.651703 0.0407538 0.120766
40.9062 0.465289 0.659607 0.045372 0.175326
40.9375 0.486016 0.666605 0.0517639 0.234501
40.9688 0.506933 0.67196 0.0600142 0.292038
41 0.528013 0.677174 0.0698565 0.334441
41.0312 0.549251 0.68186 0.0806629 0.352864
41.0625 0.570623 0.685989 0.091706 0.352571
41.0938 0.592131 0.690626 0.102732 0.354187
41.125 0.613788 0.695425 0.113808 0.352222
41.1562 0.635597 0.700354 0.124592 0.337068
41.1875 0.657557 0.704978 0.134921 0.324363
41.2188 0.679651 0.709054 0.144693 0.295573
41.25 0.701884 0.71403 0.153112 0.242115
41.2812 0.724283 0.719429 0.159947 0.197796
41.3125 0.746844 0.724554 0.165466 0.152963
41.3438 0.769582 0.730932 0.169421 0.101551
41.375 0.792535 0.737979 0.172007 0.0666471
41.4062 0.815694 0.744049 0.173638 0.03763
41.4375 0.839032 0.749511 0.174414 0.0140987
41.4688 0.862534 0.754479 0.174614 -0.00143548
41.5 0.886176 0.758449 0.174267 -0.0210225
41.5312 0.909924 0.761211 0.173376 -0.0340522
41.5625 0.933738 0.762694 0.172209 -0.0403015
41.5938 0.957583 0.76328 0.170917 -0.0401677
41.625 0.981437 0.763248 0.169871 -0.024564
41.6562 1.00528 0.762426 0.169459 -0.00109589
41.6875 1.02908 0.760738 0.169862 0.028153
41.7188 1.05282 0.75883 0.171296 0.0651131
41.75 1.07651 0.757486 0.174108 0.119171
41.7812 1.10016 0.756121 0.179013 0.197446
41.8125 1.12377 0.754405 0.186425 0.273754
41.8438 1.14732 0.753004 0.195873 0.3277
41.875 1.17082 0.751119 0.206844 0.375762
41.9062 1.19425 0.748296 0.219508 0.436897
41.9375 1.21759 0.745491 0.234175 0.500301
41.9688 1.24084 0.742041 0.250627 0.54995
42 1.26396 0.737667 0.268372 0.582585
42.0312 1.28695 0.733781 0.286839 0.596573
42.0625 1.30982 0.730059 0.305539 0.598962
42.0938 1.33257 0.725944 0.324205 0.594714
42.125 1.3552 0.722266 0.342685 0.588197
42.1562 1.37771 0.718572 0.360961 0.58055
42.1875 1.4001 0.713896 0.378893 0.56641
42.2188 1.42232 0.708168 0.396348 0.549882
42.25 1.44435 0.701152 0.413086 0.516987
42.2812 1.46613 0.692553 0.428465 0.467091
42.3125 1.48762 0.682597 0.442407 0.427365
42.3438 1.50879 0.672261 0.455179 0.388389
42.375 1.52963 0.661828 0.466654 0.348657
42.4062 1.55014 0.650484 0.477304 0.338871
42.4375 1.57028 0.6388 0.488039 0.34813
42.4688 1.59007 0.627264 0.498989 0.352637
42.5 1.60948 0.614945 0.510246 0.372134
42.5312 1.6285 0.602199 0.522429 0.407851
42.5625 1.64712 0.590019 0.53566 0.438497
42.5938 1.66538 0.578496 0.549986 0.48312
42.625 1.68328 0.567138 0.566152 0.554927
42.6562 1.70082 0.555515 0.58478 0.637942
42.6875 1.71801 0.544379 0.606053 0.723974
42.7188 1.73485 0.533608 0.630069 0.813979
42.75 1.75135 0.521825 0.656966 0.907084
42.7812 1.76746 0.509649 0.686652 0.99037
42.8125 1.7832 0.497945 0.718763 1.06437
42.8438 1.79858 0.486144 0.753159 1.13527
42.875 1.81359 0.474426 0.789463 1.18266
42.9062 1.82824 0.463146 0.826788 1.20376
42.9375 1.84254 0.452558 0.864702 1.22426
42.9688 1.85654 0.443423 0.903399 1.25327
43 1.87027 0.435748 0.943005 1.27926
43.0312 1.88379 0.429583 0.983056 1.27719
43.0625 1.89714 0.425108 1.02242 1.23724
43.0938 1.91037 0.421532 1.06027 1.18575
43.125 1.92349 0.418707 1.09652 1.13318
43.1562 1.93654 0.416259 1.13099 1.07052
43.1875 1.9495 0.413031 1.16327 0.992371
43.2188 1.96235 0.40936 1.19284 0.898714
43.25 1.97508 0.405083 1.2194 0.800029
43.2812 1.98765 0.399652 1.24265 0.684148
43.3125 2.00006 0.394091 1.2621 0.5637
43.3438 2.01228 0.388108 1.27813 0.464253
43.375 2.02431 0.381607 1.29108 0.363757
43.4062 2.03614 0.375614 1.30101 0.276505
43.4375 2.04777 0.36883 1.30864 0.21342
43.4688 2.05917 0.360684 1.3143 0.14831
43.5 2.07031 0.351961 1.31797 0.0879314
43.5312 2.08116 0.34195 1.31984 0.0313836
43.5625 2.09167 0.331103 1.31984 -0.0329425
43.5938 2.10186 0.320651 1.31777 -0.098456
43.625 2.11172 0.310369 1.31388 -0.145854
43.6562 2.12126 0.300109 1.30892 -0.168051
43.6875 2.13048 0.290253 1.30347 -0.179931
43.7188 2.1394 0.280503 1.29772 -0.187483
43.75 2.148 0.26993 1.29182 -0.188758
43.7812 2.15626 0.258787 1.286 -0.18312
43.8125 2.16418 0.247755 1.28029 -0.1849
43.8438 2.17173 0.235629 1.27437 -0.193145
43.875 2.17888 0.221614 1.2683 -0.194916
43.9062 2.18558 0.206791 1.26213 -0.20177
43.9375 2.1918 0.190741 1.25564 -0.214028
43.9688 2.19747 0.171765 1.24869 -0.231974
44 2.20251 0.150557 1.24115 -0.249407
44.0312 2.20687 0.128215 1.23303 -0.275145
44.0625 2.2105 0.104029 1.22354 -0.337352
44.0938 2.21335 0.0780891 1.21184 -0.410916
44.125 2.21537 0.0509417 1.1979 -0.481709
44.1562 2.21652 0.0228444 1.18176 -0.54802
44.1875 2.2168 -0.00546596 1.16396 -0.585757
44.2188 2.21618 -0.0339892 1.14534 -0.605076
44.25 2.21467 -0.06262 1.12611 -0.62714
44.2812 2.21227 -0.09093 1.1061 -0.653255
44.3125 2.20898 -0.119413 1.08544 -0.665357
44.3438 2.2048 -0.148215 1.06468 -0.6625
44.375 2.19972 -0.177372 1.04403 -0.658341
44.4062 2.19371 -0.207315 1.02363 -0.645975
44.4375 2.18676 -0.237717 1.00358 -0.640575
44.4688 2.17885 -0.268197 0.98345 -0.647328
44.5 2.16999 -0.298612 0.963255 -0.642951
44.5312 2.1602 -0.328324 0.943295 -0.6354
44.5625 2.14949 -0.356826 0.92351 -0.63031
44.5938 2.13791 -0.383647 0.903964 -0.619621
44.625 2.12553 -0.408447 0.884878 -0.599167
44.6562 2.1124 -0.431825 0.866755 -0.556748
44.6875 2.09855 -0.45426 0.850242 -0.499129
44.7188 2.08401 -0.476197 0.835554 -0.441542
44.75 2.06879 -0.498232 0.822573 -0.39126
44.7812 2.05288 -0.519976 0.810936 -0.356062
44.8125 2.03629 -0.541487 0.800244 -0.327624
44.8438 2.01903 -0.562825 0.790575 -0.289137
44.875 2.00112 -0.583281 0.782218 -0.246568
44.9062 1.98258 -0.603577 0.775094 -0.209358
44.9375 1.9634 -0.624074 0.769237 -0.163423
44.9688 1.94358 -0.644339 0.764898 -0.115992
45 1.92312 -0.664977 0.761846 -0.0812801
45.0312 1.90202 -0.685579 0.759661 -0.0628793
45.0625 1.88028 -0.705813 0.75755 -0.0777178
45.0938 1.8579 -0.726264 0.754654 -0.107082
45.125 1.8349 -0.74591 0.75089 -0.135026
45.1562 1.8113 -0.764336 0.746059 -0.176009
45.1875 1.78713 -0.782402 0.739949 -0.211753
45.2188 1.76241 -0.799508 0.732997 -0.232876
45.25 1.73718 -0.814727 0.725202 -0.27117
45.2812 1.71151 -0.827761 0.71581 -0.330424
45.3125 1.68546 -0.839 0.704719 -0.375709
45.3438 1.65908 -0.849079 0.692401 -0.414617
45.375 1.63242 -0.856685 0.678662 -0.464528
45.4062 1.60557 -0.861532 0.663616 -0.492143
45.4375 1.57858 -0.865497 0.648223 -0.490642
45.4688 1.55149 -0.867582 0.632931 -0.489919
45.5 1.52439 -0.867013 0.617513 -0.496767
45.5312 1.49731 -0.865917 0.602005 -0.492781
45.5625 1.47028 -0.864081 0.586817 -0.47994
45.5938 1.44332 -0.861058 0.571878 -0.477752
45.625 1.41645 -0.858349 0.556993 -0.472773
45.6562 1.38967 -0.855581 0.54243 -0.458574
45.6875 1.36299 -0.852381 0.528414 -0.435558
45.7188 1.3364 -0.84941 0.515425 -0.393544
45.75 1.3099 -0.846167 0.503783 -0.353897
45.7812 1.28352 -0.842425 0.493192 -0.324538
45.8125 1.25726 -0.837849 0.483496 -0.296276
45.8438 1.23117 -0.831633 0.474667 -0.267947
45.875 1.20529 -0.824071 0.466841 -0.231803
45.9062 1.17968 -0.815357 0.460169 -0.196206
45.9375 1.15435 -0.80571 0.454546 -0.163721
45.9688 1.12932 -0.795962 0.449866 -0.138815
46 1.1046 -0.786357 0.445626 -0.135798
46.0312 1.08017 -0.777121 0.44126 -0.145296
46.0625 1.05602 -0.768113 0.436326 -0.175948
46.0938 1.03216 -0.758781 0.42994 -0.235923
46.125 1.0086 -0.749362 0.421532 -0.301546
46.1562 0.985333 -0.739643 0.411147 -0.362118
46.1875 0.962379 -0.729371 0.39899 -0.41392
46.2188 0.939749 -0.71891 0.385394 -0.455058
46.25 0.917452 -0.707968 0.370566 -0.494608
46.2812 0.895502 -0.696885 0.354388 -0.542732
46.3125 0.873894 -0.685986 0.336562 -0.597924
46.3438 0.852637 -0.674302 0.31715 -0.640962
46.375 0.831755 -0.662187 0.296731 -0.662639
46.4062 0.811245 -0.650505 0.275885 -0.669929
46.4375 0.791099 -0.638793 0.254923 -0.670825
46.4688 0.771324 -0.626781 0.23405 -0.662529
46.5 0.751929 -0.614377 0.213691 -0.638211
46.5312 0.732926 -0.601911 0.194224 -0.607569
46.5625 0.714303 -0.590054 0.175725 -0.576247
46.5938 0.696049 -0.578103 0.158182 -0.547316
46.625 0.678175 -0.565893 0.141544 -0.514876
46.6562 0.660668 -0.554771 0.126258 -0.459789
46.6875 0.643493 -0.544471 0.112878 -0.397322
46.7188 0.626643 -0.533833 0.101441 -0.33201
46.75 0.610124 -0.523589 0.0923664 -0.245935
46.7812 0.593906 -0.514504 0.0860546 -0.161011
46.8125 0.577965 -0.505723 0.0820618 -0.098222
46.8438 0.562296 -0.497244 0.079739 -0.0521057
46.875 0.546872 -0.490121 0.0787929 -0.00749794
46.9062 0.531655 -0.48378 0.0793029 0.0392367
46.9375 0.516637 -0.477424 0.0811179 0.0749304
46.9688 0.501805 -0.472054 0.0839211 0.103619
47 0.48712 -0.46793 0.0874366 0.116951
47.0312 0.472559 -0.463952 0.0909526 0.105072
47.0625 0.458122 -0.460088 0.0938994 0.0817379
47.0938 0.4438 -0.456491 0.0958546 0.0392027
47.125 0.429601 -0.451955 0.0961701 -0.0197124
47.1562 0.41557 -0.445843 0.0946666 -0.0754313
47.1875 0.401745 -0.43882 0.0915213 -0.124379
47.2188 0.388152 -0.430937 0.0870315 -0.160553
47.25 0.374821 -0.422164 0.0815812 -0.187953
47.2812 0.361765 -0.413517 0.0752466 -0.218741
47.3125 0.348973 -0.405176 0.0677984 -0.259913
47.3438 0.336442 -0.396879 0.0589369 -0.306633
47.375 0.324159 -0.389447 0.0487672 -0.341323
47.4062 0.312096 -0.382485 0.0377793 -0.359097
47.4375 0.300259 -0.375066 0.0265295 -0.357298
47.4688 0.28865 -0.368067 0.0156149 -0.340222
47.5 0.27725 -0.361515 0.00524237 -0.324434
47.5312 0.266059 -0.354654 -0.00466431 -0.308593
47.5625 0.255084 -0.347748 -0.0139282 -0.281814
47.5938 0.24433 -0.340404 -0.0221299 -0.241679
47.625 0.233811 -0.332891 -0.0290606 -0.203804
47.6562 0.223516 -0.326087 -0.0349468 -0.172039
47.6875 0.213435 -0.318906 -0.0396117 -0.122225
47.7188 0.203589 -0.311267 -0.0423797 -0.0531117
47.75 0.193972 -0.304404 -0.0428805 0.0212018
47.7812 0.184564 -0.297582 -0.041096 0.0914947
47.8125 0.175379 -0.290183 -0.0372665 0.152354
47.8438 0.166427 -0.282789 -0.0316387 0.206107
47.875 0.157702 -0.275727 -0.0245769 0.242093
47.9062 0.149189 -0.269113 -0.0166735 0.26277
47.9375 0.140882 -0.262514 -0.00815651 0.282317
47.9688 0.132782 -0.255961 0.000958686 0.30096
48 0.124877 -0.250014 0.0106182 0.314978
48.0312 0.117157 -0.244011 0.020335 0.300323
48.0625 0.10963 -0.237764 0.0290801 0.257493
48.0938 0.102289 -0.232159 0.0364247 0.212117
48.125 0.0951158 -0.226927 0.0421859 0.153134
48.1562 0.0881121 -0.221207 0.0458656 0.0823403
48.1875 0.0812936 -0.215194 0.047397 0.016909
48.2188 0.0746587 -0.209488 0.0470161 -0.0389983
48.25 0.0682034 -0.203519 0.0451279 -0.0798934
48.2812 0.0619454 -0.197007 0.042034 -0.119127
48.3125 0.0558796 -0.191448 0.0376541 -0.160665
48.3438 0.0499721 -0.186569 0.0320055 -0.201985
48.375 0.0442289 -0.18088 0.0249157 -0.252414
48.4062 0.0386653 -0.175302 0.016392 -0.287714
48.4375 0.0332724 -0.169658 0.00726796 -0.292628
48.4688 0.0280801 -0.162377 -0.0017843 -0.285381
48.5 0.0231329 -0.154184 -0.0104289 -0.265151
48.5312 0.0184492 -0.145407 -0.0182683 -0.237249
48.5625 0.0140552 -0.135742 -0.0253723 -0.218842
48.5938 0.0099618 -0.126366 -0.031906 -0.196762
48.625 0.00615141 -0.117529 -0.0374973 -0.159256
48.6562 0.00261547 -0.108818 -0.0418182 -0.117016
48.6875 -0.00065688 -0.100789 -0.0447565 -0.0696296
48.7188 -0.00369727 -0.0940317 -0.0460996 -0.0157526
48.75 -0.00654691 -0.0884841 -0.0456964 0.0431245
48.7812 -0.0092303 -0.0832417 -0.0432574 0.115093
48.8125 -0.0117518 -0.078259 -0.0384905 0.187858
48.8438 -0.0141314 -0.0741389 -0.0317462 0.239476
48.875 -0.0163835 -0.0698681 -0.0237619 0.268698
48.9062 -0.0184914 -0.0650012 -0.0150335 0.290084
48.9375 -0.020446 -0.0600694 -0.00561176 0.312021
48.9688 -0.0222419 -0.054808 0.00428602 0.317486
49 -0.0238716 -0.049518 0.0140793 0.309275
49.0312 -0.0253326 -0.043795 0.0236721 0.304329
49.0625 -0.0265946 -0.0368266 0.0328933 0.280223
49.0938 -0.0276338 -0.0297342 0.040841 0.224177
49.125 -0.02845 -0.0223083 0.046734 0.151524
49.1562 -0.0290135 -0.0136083 0.0503016 0.0780104
49.1875 -0.0293011 -0.00488997 0.0517202 0.0141047
49.2188 -0.0293195 0.00383582 0.0511937 -0.0481952
49.25 -0.0290496 0.0136087 0.0487426 -0.106733
49.2812 -0.0284633 0.0239412 0.044683 -0.150776
49.3125 -0.0275523 0.0343841 0.0394116 -0.185842
49.3438 -0.0263125 0.0450047 0.0330697 -0.220902
49.375 -0.0247352 0.0560198 0.02552 -0.263201
49.4062 -0.0228097 0.0671699 0.0166767 -0.299925
49.4375 -0.0205408 0.0780457 0.00699918 -0.315937
49.4688 -0.0179231 0.0897172 -0.00285978 -0.31136
49.5 -0.0149217 0.102447 -0.0122223 -0.284816
49.5312 -0.0115205 0.115234 -0.0205918 -0.251402
49.5625 -0.0077146 0.128482 -0.027985 -0.222114
49.5938 -0.00348372 0.142321 -0.0344858 -0.194404
49.625 0.00117775 0.155929 -0.0401483 -0.166937
49.6562 0.00625529 0.168907 -0.0447412 -0.123318
49.6875 0.0117276 0.18128 -0.0477032 -0.0656193
49.7188 0.0175894 0.194004 -0.0488451 -0.00699361
49.75 0.0238571 0.207097 -0.0480532 0.0593192
49.7812 0.0305296 0.219976 -0.045075 0.131703
49.8125 0.0376164 0.233801 -0.0398026 0.205863
49.8438 0.0451484 0.248196 -0.0322552 0.275203
49.875 0.0531257 0.262445 -0.0227837 0.32758
49.9062 0.0615659 0.277939 -0.0120063 0.35841
49.9375 0.070495 0.293256 -0.000587253 0.370492
49.9688 0.0798782 0.307202 0.0111532 0.382325
