0 0 0 0 0
0.03125 0.00190735 0.12207 4.21522e-36 4.69254e-33
0.0625 0.00762939 0.244141 2.80447e-26 1.43633e-23
0.09375 0.0171661 0.366211 1.04867e-20 3.51217e-18
0.125 0.0305176 0.488281 8.13961e-17 2.00826e-14
0.15625 0.0476837 0.610352 7.28578e-14 1.39933e-11
0.1875 0.0686646 0.732422 1.59089e-11 2.46477e-09
0.21875 0.0934601 0.854492 1.29963e-09 1.66384e-07
0.25 0.12207 0.976563 4.98857e-08 5.28971e-06
0.28125 0.154495 1.09863 1.0224e-06 8.99457e-05
0.3125 0.190735 1.22067 1.2698e-05 0.000936063
0.34375 0.230787 1.34267 0.00010369 0.00629393
0.375 0.274654 1.46497 0.000567003 0.027384
0.40625 0.32236 1.58848 0.00218033 0.0837261
0.4375 0.37394 1.71234 0.00638991 0.195355
0.46875 0.429322 1.8305 0.0148248 0.348138
0.5 0.488238 1.93893 0.0284386 0.533354
0.53125 0.550531 2.05011 0.0492097 0.814319
0.5625 0.616583 2.18066 0.0800479 1.16361
0.59375 0.686941 2.3224 0.122294 1.55322
0.625 0.76171 2.46342 0.178336 2.05281
0.65625 0.84107 2.61951 0.251364 2.62696
0.6875 0.925567 2.78684 0.342813 3.23152
0.71875 1.01491 2.92397 0.453808 3.88196
0.75 1.10798 3.02999 0.586106 4.5921
0.78125 1.20427 3.13194 0.740492 5.27198
0.8125 1.30348 3.21102 0.914842 5.89098
0.84375 1.40464 3.26109 1.10982 6.60172
0.875 1.50735 3.31398 1.32683 7.26043
0.90625 1.61171 3.3623 1.56289 7.86497
0.9375 1.71735 3.39902 1.82017 8.61175
0.96875 1.82435 3.45292 2.09964 9.23474
1 1.93329 3.51978 2.39638 9.77367
1.03125 2.0444 3.59445 2.71189 10.4229
1.0625 2.15831 3.70248 3.04655 10.9674
1.09375 2.2761 3.83963 3.39677 11.4566
1.125 2.39856 4.00399 3.76345 12.0179
1.15625 2.52688 4.2173 4.14772 12.5679
1.1875 2.66256 4.47173 4.5485 13.0773
1.21875 2.80676 4.76494 4.96487 13.5649
1.25 2.96091 5.1081 5.39519 13.9422
1.28125 3.12633 5.48237 5.83353 14.0656
1.3125 3.30378 5.8781 6.27156 13.9227
1.34375 3.49389 6.28916 6.70005 13.4255
1.375 3.6967 6.68648 7.10477 12.365
1.40625 3.9115 7.0557 7.46577 10.6455
1.4375 4.13721 7.37955 7.76791 8.72024
1.46875 4.37193 7.62788 8.01327 6.96856
1.5 4.61295 7.77855 8.19536 4.46207
1.53125 4.85674 7.7998 8.27879 0.737532
1.5625 5.09874 7.65856 8.23765 -3.39577
1.59375 5.33333 7.31814 8.06434 -7.73682
1.625 5.55376 6.75394 7.75341 -12.1181
1.65625 5.75349 6.00036 7.31508 -15.7171
1.6875 5.92713 5.09066 6.7887 -17.6351
1.71875 6.07101 4.1214 6.23826 -17.1336
1.75 6.18533 3.20339 5.74285 -14.2985
1.78125 6.27165 2.33217 5.35605 -10.2979
1.8125 6.33228 1.56983 5.10805 -5.50612
1.84375 6.37065 0.891099 5.00776 -1.10688
1.875 6.38834 0.254247 5.0239 1.92466
1.90625 6.38769 -0.280492 5.11643 3.77378
1.9375 6.37124 -0.768604 5.24185 3.98896
1.96875 6.34026 -1.19699 5.35837 3.48841
2 6.29743 -1.5352 5.46438 3.3815
2.03125 6.24458 -1.8413 5.57446 3.71768
2.0625 6.18306 -2.08308 5.69883 4.2798
2.09375 6.11473 -2.29231 5.84582 5.19626
2.125 6.03975 -2.50054 6.027 6.45975
2.15625 5.95902 -2.65974 6.25757 8.52057
2.1875 5.87347 -2.81969 6.57896 12.4038
2.21875 5.78279 -2.9781 7.05117 17.9747
2.25 5.68768 -3.1077 7.70075 23.4148
2.28125 5.58841 -3.24839 8.49744 27.2449
2.3125 5.48466 -3.3915 9.38193 29.0087
2.34375 5.37611 -3.56603 10.2853 28.3025
2.375 5.26108 -3.80562 11.1136 24.1205
2.40625 5.13769 -4.10299 11.7658 17.352
2.4375 5.00375 -4.48302 12.1849 9.26073
2.46875 4.85702 -4.90884 12.3324 0.0253352
2.5 4.69718 -5.3136 12.1788 -9.9477
2.53125 4.5255 -5.66226 11.7114 -19.7993
2.5625 4.34412 -5.93072 10.9607 -27.8646
2.59375 4.15594 -6.09517 9.99161 -33.8412
2.625 3.96403 -6.17742 8.86917 -37.5075
2.65625 3.77038 -6.20633 7.6823 -37.9252
2.6875 3.57678 -6.17551 6.52153 -36.1685
2.71875 3.38474 -6.11168 5.43007 -33.5575
2.75 3.1951 -6.01897 4.42841 -30.635
2.78125 3.00893 -5.89247 3.49802 -29.2804
2.8125 2.82693 -5.75294 2.58324 -29.3011
2.84375 2.64965 -5.58777 1.67227 -28.912
2.875 2.47789 -5.40376 0.776019 -28.5032
2.90625 2.31199 -5.21073 -0.108444 -27.9859
2.9375 2.15245 -4.99725 -0.962769 -26.5496
2.96875 1.99974 -4.77533 -1.76365 -24.6884
3 1.85415 -4.53951 -2.50227 -22.4464
3.03125 1.71607 -4.29834 -3.15345 -18.9834
3.0625 1.58554 -4.05226 -3.67332 -14.0341
3.09375 1.46303 -3.78636 -4.01276 -7.38201
3.125 1.34893 -3.51468 -4.11714 0.924971
3.15625 1.24358 -3.22393 -3.94517 10.1733
3.1875 1.14752 -2.92433 -3.4808 19.4482
3.21875 1.06089 -2.61618 -2.74233 27.5326
3.25 0.984333 -2.27943 -1.78144 33.5443
3.28125 0.918562 -1.92845 -0.67689 36.6255
3.3125 0.86386 -1.57334 0.480715 37.1467
3.34375 0.819996 -1.23988 1.62616 35.7806
3.375 0.785948 -0.94689 2.68624 31.5456
3.40625 0.760114 -0.722795 3.57225 24.8824
3.4375 0.739507 -0.617214 4.2283 16.9288
3.46875 0.720437 -0.616477 4.62363 8.37202
3.5 0.700285 -0.684131 4.75619 0.191344
3.53125 0.677039 -0.810841 4.63799 -7.71105
3.5625 0.649475 -0.951195 4.28446 -14.6077
3.59375 0.617824 -1.06973 3.74917 -19.2461
3.625 0.583007 -1.15118 3.10605 -21.5206
3.65625 0.546264 -1.1961 2.4287 -21.4674
3.6875 0.508543 -1.21036 1.7824 -19.6847
3.71875 0.471255 -1.16706 1.20746 -17.0342
3.75 0.435809 -1.1029 0.717157 -14.4481
3.78125 0.402326 -1.03534 0.293712 -12.8659
3.8125 0.37155 -0.928925 -0.100653 -12.5732
3.84375 0.344273 -0.820218 -0.500645 -13.0797
3.875 0.320181 -0.719947 -0.917285 -13.541
3.90625 0.299471 -0.603326 -1.34488 -13.8068
3.9375 0.282505 -0.482348 -1.77976 -14.0335
3.96875 0.269395 -0.355187 -2.22305 -14.3315
4 0.260332 -0.225346 -2.66991 -14.089
4.03125 0.255339 -0.091813 -3.0915 -12.737
4.0625 0.25479 0.0584926 -3.45646 -10.3829
4.09375 0.258927 0.203414 -3.71602 -5.74906
4.125 0.267407 0.340286 -3.79109 1.20172
4.15625 0.280316 0.486521 -3.62738 9.54524
4.1875 0.297665 0.619256 -3.17622 19.5123
4.21875 0.318781 0.730101 -2.41153 29.1776
4.25 0.343185 0.827811 -1.36943 37.263
4.28125 0.369975 0.873719 -0.10695 42.8969
4.3125 0.396942 0.841359 1.26034 43.7836
4.34375 0.422239 0.777856 2.58786 40.6278
4.375 0.445722 0.728458 3.7652 34.2003
4.40625 0.46812 0.715869 4.70496 25.8498
4.4375 0.491636 0.814094 5.3775 17.0152
4.46875 0.520548 1.05685 5.7502 6.60393
4.5 0.558565 1.38371 5.78863 -4.05909
4.53125 0.607098 1.71748 5.49405 -14.9631
4.5625 0.665405 2.00598 4.85355 -25.6295
4.59375 0.732078 2.25553 3.94349 -31.5638
4.625 0.805936 2.4633 2.94215 -31.7026
4.65625 0.885677 2.63855 2.0027 -27.9304
4.6875 0.970914 2.81823 1.21704 -22.185
4.71875 1.06192 3.00999 0.617428 -16.3149
4.75 1.15952 3.24545 0.180337 -12.048
4.78125 1.26515 3.51791 -0.159795 -10.0219
4.8125 1.3796 3.81468 -0.457352 -9.12818
4.84375 1.50423 4.1696 -0.737192 -8.90388
4.875 1.6402 4.52697 -1.01815 -9.03547
4.90625 1.78691 4.8617 -1.29106 -8.17017
4.9375 1.94405 5.19176 -1.51396 -5.9399
4.96875 2.11095 5.48063 -1.65791 -3.23898
5 2.2861 5.72322 -1.71135 -0.0287175
5.03125 2.46833 5.93477 -1.64741 4.32259
5.0625 2.65671 6.11673 -1.43043 9.71451
5.09375 2.85035 6.27209 -1.02961 16.1542
5.125 3.04844 6.4007 -0.404602 24.1142
5.15625 3.25009 6.50008 0.49093 33.3434
5.1875 3.45431 6.56198 1.6865 43.3042
5.21875 3.65955 6.56139 3.20589 53.9718
5.25 3.86373 6.49592 5.03976 62.5619
5.28125 4.06477 6.35593 7.02848 62.905
5.3125 4.26012 6.136 8.86502 53.4685
5.34375 4.44774 5.86235 10.3511 42.0286
5.375 4.62577 5.52105 11.52 32.9412
5.40625 4.79264 5.16359 12.4024 23.3688
5.4375 4.94894 4.84484 12.9769 13.2935
5.46875 5.09557 4.54035 13.2093 1.00348
5.5 5.23305 4.27068 13.0118 -13.7959
5.53125 5.3636 4.10048 12.3584 -27.5653
5.5625 5.48934 3.93123 11.3272 -37.6888
5.59375 5.6083 3.67703 10.0635 -41.987
5.625 5.71921 3.41104 8.77546 -39.5702
5.65625 5.8195 2.96759 7.62172 -34.0984
5.6875 5.90353 2.41752 6.63016 -30.0167
5.71875 5.97116 1.90591 5.6946 -30.5473
5.75 6.02203 1.35265 4.70002 -33.0533
5.78125 6.05707 0.917861 3.66431 -32.1217
5.8125 6.08048 0.590084 2.76584 -24.6537
5.84375 6.09496 0.361579 2.13204 -15.9031
5.875 6.10435 0.247918 1.79881 -4.76234
5.90625 6.11045 0.142855 1.8467 7.41079
5.9375 6.11387 0.0899816 2.22618 16.5053
5.96875 6.11642 0.0648327 2.87588 25.2815
6 6.11674 -0.0658783 3.82101 35.2627
6.03125 6.11143 -0.278996 5.05999 43.4559
6.0625 6.0989 -0.540826 6.50577 48.7297
6.09375 6.07569 -0.978173 8.08381 51.7878
6.125 6.0365 -1.53807 9.69672 50.3613
6.15625 5.97873 -2.18625 11.1489 41.3615
6.1875 5.89789 -3.00903 12.2424 28.5426
6.21875 5.79027 -3.87814 12.9392 16.2534
6.25 5.65546 -4.7473 13.2813 6.06545
6.28125 5.49468 -5.50654 13.3308 -2.899
6.3125 5.31401 -6.01766 13.1035 -11.4946
6.34375 5.12039 -6.34805 12.6179 -19.6019
6.375 4.9191 -6.50378 11.8782 -27.7062
6.40625 4.71521 -6.53771 10.8882 -35.5212
6.4375 4.51065 -6.54769 9.69224 -40.0117
6.46875 4.30694 -6.47173 8.45476 -38.396
6.5 4.1067 -6.34467 7.31052 -34.9633
6.53125 3.91049 -6.20076 6.24906 -33.3792
6.5625 3.72033 -5.95417 5.20175 -33.9186
6.59375 3.53852 -5.68789 4.11687 -35.6597
6.625 3.36481 -5.42064 2.97089 -37.5247
6.65625 3.20031 -5.1052 1.79325 -37.4274
6.6875 3.04541 -4.81433 0.652161 -35.334
6.71875 2.89933 -4.53612 -0.389378 -30.6859
6.75 2.76137 -4.30869 -1.2218 -22.0475
6.78125 2.62923 -4.15394 -1.75274 -11.8814
6.8125 2.50157 -4.02241 -1.95466 -0.744358
6.84375 2.37705 -3.96023 -1.78941 11.116
6.875 2.25374 -3.92634 -1.29233 20.1414
6.90625 2.13207 -3.86196 -0.548607 27.3599
6.9375 2.01165 -3.85869 0.40156 32.9205
6.96875 1.89083 -3.85975 1.47343 35.3061
7 1.77133 -3.78684 2.59669 36.3607
7.03125 1.6533 -3.78276 3.71624 34.643
7.0625 1.53498 -3.77051 4.72372 29.2534
7.09375 1.4189 -3.64991 5.49902 19.4998
7.125 1.30695 -3.50881 5.90256 6.17963
7.15625 1.20079 -3.25992 5.90305 -5.73584
7.1875 1.10413 -2.92475 5.56095 -15.8959
7.21875 1.01797 -2.58487 4.9456 -22.6312
7.25 0.942922 -2.22106 4.18791 -25.6443
7.28125 0.878202 -1.94052 3.343 -28.2263
7.3125 0.821008 -1.71954 2.46367 -27.2637
7.34375 0.770676 -1.51217 1.66142 -24.221
7.375 0.725299 -1.4107 0.939766 -21.7973
7.40625 0.682163 -1.34168 0.325973 -17.1617
7.4375 0.64212 -1.21741 -0.140129 -13.082
7.46875 0.605592 -1.13414 -0.509053 -10.5758
7.5 0.570731 -1.09507 -0.80677 -8.82244
7.53125 0.537708 -1.00834 -1.09276 -9.93057
7.5625 0.50798 -0.896518 -1.44221 -12.5912
7.59375 0.48134 -0.813125 -1.8955 -16.663
7.625 0.457152 -0.730043 -2.4775 -20.0874
7.65625 0.436177 -0.605503 -3.11679 -20.52
7.6875 0.419464 -0.466502 -3.75372 -20.0423
7.71875 0.406751 -0.349933 -4.33369 -16.303
7.75 0.39772 -0.221542 -4.74076 -9.59461
7.78125 0.39331 -0.0580236 -4.92403 -1.71924
7.8125 0.393916 0.0909583 -4.81133 9.36236
7.84375 0.39878 0.220696 -4.34085 20.3741
7.875 0.407707 0.34564 -3.56002 29.3543
7.90625 0.419724 0.412943 -2.52624 36.2937
7.9375 0.433479 0.477789 -1.32704 40.0419
7.96875 0.450282 0.600059 -0.0366453 42.3477
8 0.470331 0.665922 1.29074 41.8894
8.03125 0.491243 0.672687 2.53939 37.5792
8.0625 0.512668 0.698877 3.62462 31.6651
8.09375 0.534169 0.654086 4.49182 23.178
8.125 0.552036 0.472302 5.03087 10.8116
8.15625 0.56351 0.272037 5.15281 -3.04561
8.1875 0.569877 0.146204 4.84441 -16.4246
8.21875 0.573218 0.0808964 4.17659 -24.8954
8.25 0.57621 0.13311 3.38594 -24.571
8.28125 0.582478 0.275014 2.65823 -22.3472
8.3125 0.593849 0.464964 1.977 -20.9602
8.34375 0.612402 0.73104 1.38413 -16.5334
8.375 0.639514 0.999465 0.944227 -11.9354
8.40625 0.674898 1.27213 0.617559 -9.24358
8.4375 0.719412 1.57617 0.349296 -8.18088
8.46875 0.772949 1.84163 0.102889 -7.40675
8.5 0.834286 2.08405 -0.107183 -6.30415
8.53125 0.90302 2.30623 -0.329137 -8.46405
8.5625 0.977697 2.46271 -0.637172 -10.8119
8.59375 1.05654 2.57916 -0.990973 -12.145
8.625 1.13856 2.66279 -1.42599 -15.7356
8.65625 1.22264 2.71742 -1.92803 -15.2727
8.6875 1.30851 2.7801 -2.3396 -11.0324
8.71875 1.39624 2.8284 -2.61968 -6.57312
8.75 1.48494 2.84682 -2.71056 1.36346
8.78125 1.57439 2.88471 -2.51597 11.1748
8.8125 1.66563 2.95763 -2.00945 21.2045
8.84375 1.75912 3.02092 -1.20294 30.1447
8.875 1.85446 3.09294 -0.135879 38.0436
8.90625 1.95398 3.30619 1.15948 44.4388
8.9375 2.06237 3.64062 2.6141 48.2274
8.96875 2.18244 4.07458 4.12878 47.4978
9 2.31965 4.74412 5.49389 38.8206
9.03125 2.48 5.51879 6.5522 29.7042
9.0625 2.66425 6.26155 7.39027 23.7936
9.09375 2.86979 6.85597 7.98813 13.7102
9.125 3.09056 7.24771 8.26539 5.31079
9.15625 3.32174 7.53582 8.38734 2.60259
9.1875 3.56088 7.75877 8.38859 -2.9569
9.21875 3.80581 7.89784 8.24477 -4.8454
9.25 4.05323 7.92294 8.13053 -2.94775
9.28125 4.30046 7.88429 8.00479 -5.42283
9.3125 4.54361 7.62057 7.83184 -4.63758
9.34375 4.77348 7.0514 7.74256 -1.34226
9.375 4.98203 6.26184 7.69449 -3.10561
9.40625 5.16425 5.41977 7.46772 -11.8462
9.4375 5.3214 4.61392 7.00858 -15.9719
9.46875 5.45129 3.72806 6.5387 -13.6156
9.5 5.55891 3.21785 6.16556 -10.5068
9.53125 5.65267 2.76769 5.85134 -9.86579
9.5625 5.73342 2.45889 5.56792 -7.86126
9.59375 5.80856 2.34155 5.35727 -5.85921
9.625 5.87858 2.1446 5.19209 -5.13488
9.65625 5.94479 2.12972 4.99503 -7.55947
9.6875 6.01187 2.13746 4.77772 -5.32457
9.71875 6.07736 2.06553 4.66356 -2.55816
9.75 6.14222 2.08485 4.59686 -1.91039
9.78125 6.20547 1.91515 4.53035 -2.2827
9.8125 6.26029 1.58524 4.47424 -1.22758
9.84375 6.30303 1.09872 4.43496 -1.52844
9.875 6.32598 0.352455 4.38134 -1.81622
9.90625 6.32525 -0.400212 4.31971 -2.31017
9.9375 6.30016 -1.21202 4.20271 -5.80546
9.96875 6.25047 -1.94432 3.99389 -5.37596
10 6.17928 -2.60987 4.01255 7.77747
10.0312 6.08829 -3.18436 4.47295 20.9586
10.0625 5.98196 -3.60351 5.28159 30.3664
10.0938 5.86369 -3.95948 6.35934 38.3166
10.125 5.73463 -4.30086 7.61045 40.1527
10.1562 5.59515 -4.61288 8.80133 35.7127
10.1875 5.44691 -4.88202 9.8232 29.2307
10.2188 5.28863 -5.2683 10.6266 22.7651
10.25 5.11802 -5.61823 11.2785 18.941
10.2812 4.9395 -5.79805 11.7707 11.4992
10.3125 4.75441 -6.07481 11.9354 -1.41562
10.3438 4.55973 -6.36175 11.7069 -12.3343
10.375 4.35776 -6.57272 11.1928 -20.643
10.4062 4.14783 -6.86323 10.4358 -26.5804
10.4375 3.93088 -6.97089 9.62775 -24.2538
10.4688 3.71432 -6.87648 8.90891 -22.1687
10.5 3.50166 -6.71165 8.27721 -16.9726
10.5312 3.29721 -6.33303 7.87121 -10.2319
10.5625 3.10715 -5.83218 7.52531 -13.0546
10.5938 2.93234 -5.35004 7.04029 -18.266
10.625 2.77404 -4.75891 6.31575 -29.2216
10.6562 2.63538 -4.12207 5.24524 -37.19
10.6875 2.51589 -3.53077 4.09694 -36.3058
10.7188 2.41417 -2.99437 2.89777 -41.4806
10.75 2.32756 -2.56794 1.53052 -44.6823
10.7812 2.2524 -2.26546 0.152787 -43.6176
10.8125 2.18466 -2.08281 -1.19898 -42.1535
10.8438 2.12193 -1.93405 -2.39939 -33.5869
10.875 2.06339 -1.82234 -3.28663 -23.57
10.9062 2.0077 -1.73971 -3.87032 -13.0655
10.9375 1.95498 -1.63303 -4.04568 2.4365
10.9688 1.905 -1.58617 -3.72112 17.7534
11 1.85479 -1.62634 -2.99211 27.7718
11.0312 1.80484 -1.54022 -2.05924 30.9201
11.0625 1.75843 -1.47304 -1.09757 30.3783
11.0938 1.70977 -1.65458 -0.170919 28.6904
11.125 1.6572 -1.66196 0.673378 24.8972
11.1562 1.60574 -1.68884 1.35322 18.0969
11.1875 1.54865 -1.96172 1.78465 9.53234
11.2188 1.48564 -2.03918 1.97076 2.89912
11.25 1.4206 -2.15301 1.98851 -1.71734
11.2812 1.35075 -2.29275 1.85473 -6.79496
11.3125 1.27891 -2.29593 1.60898 -7.68819
11.3438 1.20715 -2.29439 1.42201 -4.57737
11.375 1.13635 -2.22125 1.26464 -6.10232
11.4062 1.06852 -2.12905 1.06939 -5.30984
11.4375 1.00286 -2.06776 0.97634 -0.393719
11.4688 0.940307 -1.91892 1.07804 7.87226
11.5 0.883112 -1.75158 1.49167 17.5325
11.5312 0.83029 -1.62761 2.03429 14.9416
11.5625 0.781934 -1.46063 2.35812 5.63664
11.5938 0.738888 -1.29846 2.37206 -5.25195
11.625 0.700955 -1.12287 2.02323 -16.4134
11.6562 0.668466 -0.9723 1.40414 -22.6566
11.6875 0.639581 -0.866613 0.607224 -28.4245
11.7188 0.615713 -0.645222 -0.3446 -31.6036
11.75 0.598628 -0.476468 -1.32215 -30.7082
11.7812 0.584822 -0.401743 -2.27799 -30.8896
11.8125 0.574742 -0.226937 -3.25541 -30.9734
11.8438 0.570552 -0.0558501 -4.11953 -22.4243
11.875 0.570625 0.0634569 -4.58191 -7.22866
11.9062 0.575258 0.243535 -4.63303 2.9428
11.9375 0.585781 0.419648 -4.39712 13.0948
11.9688 0.600962 0.550284 -3.76938 26.8889
12 0.620295 0.687301 -2.7792 35.3592
12.0312 0.643666 0.80283 -1.58974 40.8004
12.0625 0.670231 0.894041 -0.246876 44.0855
12.0938 0.699218 0.956355 1.0648 38.3195
12.125 0.730185 1.03467 2.09967 27.8583
12.1562 0.763607 1.0721 2.81474 17.9949
12.1875 0.794109 0.843392 3.22683 8.39251
12.2188 0.816764 0.643478 3.33011 -2.07858
12.25 0.835222 0.513305 3.09837 -12.051
12.2812 0.847154 0.258009 2.65078 -15.5653
12.3125 0.854483 0.273729 2.14033 -17.3834
12.3438 0.866119 0.463019 1.5776 -17.6219
12.375 0.882566 0.595232 1.10498 -12.2706
12.4062 0.905104 0.878758 0.787976 -8.36254
12.4375 0.938031 1.21771 0.609434 -2.15019
12.4688 0.981187 1.56897 0.67726 6.04956
12.5 1.03814 2.08985 0.946128 10.8512
12.5312 1.11062 2.51773 1.36334 15.9416
12.5625 1.19519 2.91795 1.90549 17.4042
12.5938 1.2939 3.37883 2.34069 8.63575
12.625 1.40308 3.55481 2.37168 -6.68275
12.6562 1.51522 3.64997 2.01304 -13.7815
12.6875 1.63302 3.88669 1.63992 -9.35766
12.7188 1.75562 3.91129 1.38701 -8.05399
12.75 1.87683 3.87563 1.108 -9.17736
12.7812 1.99986 4.00725 0.886049 -3.98737
12.8125 2.12618 4.05294 0.873469 2.55542
12.8438 2.25259 4.04138 0.991358 4.57866
12.875 2.37887 4.03253 1.19959 10.1506
12.9062 2.50377 3.94966 1.69667 22.065
12.9375 2.62557 3.84989 2.57121 33.6789
12.9688 2.74482 3.78942 3.79161 44.1165
13 2.86315 3.80793 5.28093 49.9881
13.0312 2.98544 4.07046 6.82958 47.8675
13.0625 3.12021 4.58739 8.2186 40.4207
13.0938 3.27501 5.38573 9.29705 27.1304
13.125 3.45979 6.43581 9.83679 7.34436
13.1562 3.67443 7.26141 9.8561 -3.59848
13.1875 3.91336 8.02749 9.7083 -5.9961
13.2188 4.17281 8.48475 9.42728 -12.1028
13.25 4.4396 8.57618 9.04704 -10.1216
13.2812 4.70874 8.62069 8.83168 -4.84919
13.3125 4.97487 8.36155 8.62613 -10.4398
13.3438 5.23 7.9448 8.04804 -27.5803
13.375 5.46665 7.07061 7.01771 -34.4275
13.4062 5.6648 5.56702 6.03716 -28.7812
13.4375 5.81581 4.11714 5.18267 -25.4124
13.4688 5.91998 2.50956 4.43117 -24.2527
13.5 5.97593 1.21215 3.65751 -23.4353
13.5312 6.00364 0.616841 3.01706 -18.3769
13.5625 6.01451 0.0732829 2.51055 -13.0658
13.5938 6.01021 -0.28851 2.19415 -7.7778
13.625 5.99936 -0.3939 2.05084 -1.31417
13.6562 5.98499 -0.528827 2.01013 -2.70118
13.6875 5.96784 -0.528464 1.94328 0.588714
13.7188 5.95344 -0.39516 2.12468 11.2008
13.75 5.94247 -0.309804 2.58374 15.9558
13.7812 5.93472 -0.172772 2.98901 9.39872
13.8125 5.93183 -0.0233634 3.24542 8.81876
13.8438 5.93163 -0.0282952 3.60182 14.0407
13.875 5.92767 -0.252049 4.11202 18.7849
13.9062 5.91472 -0.605035 4.81823 27.1
13.9375 5.88665 -1.24626 5.79239 33.9758
13.9688 5.83541 -2.02594 6.84135 31.9265
14 5.76019 -2.80331 7.75926 26.8598
14.0312 5.65949 -3.62983 8.53544 23.6188
14.0625 5.53532 -4.28214 9.35592 31.4802
14.0938 5.39353 -4.76444 10.5885 46.5927
14.125 5.24042 -4.97327 12.1097 47.8132
14.1562 5.08549 -4.93448 13.4789 39.8989
14.1875 4.93084 -4.97699 14.6214 32.4311
14.2188 4.77532 -4.95532 15.3831 14.2462
14.25 4.62005 -5.0346 15.4378 -11.2145
14.2812 4.45896 -5.24818 14.6918 -35.4452
14.3125 4.29494 -5.22878 13.3338 -49.7119
14.3438 4.1312 -5.26549 11.6592 -56.6545
14.375 3.96727 -5.18196 9.81866 -61.3832
14.4062 3.80805 -5.0435 7.79801 -67.4192
14.4375 3.64916 -5.14844 5.74505 -60.9604
14.4688 3.48698 -5.20639 4.06625 -47.6449
14.5 3.32398 -5.25004 2.66785 -41.9398
14.5312 3.15687 -5.45943 1.54546 -28.3329
14.5625 2.98393 -5.57122 0.873897 -16.3233
14.5938 2.80997 -5.5655 0.471422 -9.11661
14.625 2.63591 -5.55738 0.308337 -2.23521
14.6562 2.46446 -5.39436 0.266656 -0.763575
14.6875 2.29935 -5.15829 0.251241 -1.19005
14.7188 2.14369 -4.78463 0.0856079 -10.6684
14.75 2.00085 -4.32858 -0.399986 -19.2208
14.7812 1.87757 -3.49411 -1.06503 -22.9902
14.8125 1.7815 -2.72735 -1.79421 -22.5964
14.8438 1.70584 -2.07064 -2.44955 -19.9602
14.875 1.65223 -1.44304 -3.07263 -19.029
14.9062 1.61042 -1.24455 -3.49239 -5.39588
14.9375 1.57699 -0.876706 -3.36287 12.898
14.9688 1.55227 -0.788923 -2.72701 28.0557
15 1.52627 -0.820434 -1.58391 44.5114
15.0312 1.50541 -0.48088 -0.063647 50.6641
15.0625 1.49479 -0.249257 1.53444 52.0106
15.0938 1.48814 -0.171954 3.16833 50.6288
15.125 1.48453 -0.0688964 4.53762 35.49
15.1562 1.48233 -0.0938673 5.43302 23.8317
15.1875 1.47734 -0.26506 6.06972 15.4525
15.2188 1.46205 -0.75124 6.26442 -4.13441
15.25 1.43303 -1.01037 5.8362 -22.5818
15.2812 1.4006 -1.14939 4.82877 -42.5121
15.3125 1.35512 -1.76516 3.28152 -52.3597
15.3438 1.29673 -1.86396 1.7738 -43.8346
15.375 1.23812 -1.97781 0.39897 -45.8988
15.4062 1.17092 -2.26164 -0.985118 -38.7835
15.4375 1.10231 -2.08043 -1.90375 -21.0261
15.4688 1.0401 -1.93923 -2.40783 -11.9789
15.5 0.980422 -1.85802 -2.648 -3.45695
15.5312 0.925712 -1.63184 -2.62489 5.68471
15.5625 0.877899 -1.43945 -2.24762 17.6897
15.5938 0.836412 -1.18587 -1.65722 18.4108
15.625 0.80499 -0.830743 -1.0669 20.5342
15.6562 0.783615 -0.537215 -0.45543 14.9599
15.6875 0.772373 -0.174173 -0.275864 -2.6318
15.7188 0.77144 0.0763056 -0.485124 -9.86839
15.75 0.77569 0.19627 -0.963467 -22.0862
15.7812 0.784012 0.325134 -1.83641 -32.1348
15.8125 0.794168 0.299006 -2.90231 -35.3571
15.8438 0.803346 0.334236 -3.93376 -27.8176
15.875 0.817775 0.601087 -4.53306 -11.0183
15.9062 0.839348 0.743461 -4.7105 -0.815058
15.9375 0.864112 0.88111 -4.50568 15.7005
15.9688 0.89719 1.24847 -3.69901 35.1674
16 0.939986 1.43519 -2.35233 50.7797
16.0312 0.985627 1.51654 -0.55379 63.081
16.0625 1.0375 1.81169 1.47852 65.3361
16.0938 1.09534 1.80124 3.46667 61.2706
16.125 1.14718 1.52921 5.25504 52.0788
16.1562 1.19203 1.31454 6.65908 37.0437
16.1875 1.22507 0.745992 7.53185 18.2104
16.2188 1.24003 0.289436 7.77034 -3.01491
16.25 1.24647 0.121269 7.36146 -22.7018
16.2812 1.24672 -0.0812195 6.3762 -39.982
16.3125 1.24626 0.140387 4.89742 -53.7829
16.3438 1.25731 0.534415 3.10456 -58.7903
16.375 1.27753 0.762123 1.38705 -48.8469
16.4062 1.30682 1.13181 0.0858125 -35.8454
16.4375 1.34723 1.42226 -0.965921 -31.9475
16.4688 1.39522 1.67041 -1.79441 -18.0184
16.5 1.45332 2.0661 -2.01777 1.96354
16.5312 1.52469 2.49678 -1.85154 7.09112
16.5625 1.6088 2.8883 -1.52223 15.5331
16.5938 1.7075 3.48925 -0.922761 20.01
16.625 1.82854 4.21923 -0.393859 14.3585
16.6562 1.9669 4.59053 0.0770545 16.1866
16.6875 2.11598 4.97939 0.495951 7.95576
16.7188 2.27703 5.25856 0.540519 -3.3026
16.75 2.44051 5.18365 0.419257 -3.477
16.7812 2.60289 5.25446 0.313172 -3.67889
16.8125 2.76982 5.40833 0.22249 -0.622088
16.8438 2.93929 5.4286 0.386828 12.562
16.875 3.10994 5.51729 1.02833 27.8009
16.9062 3.28517 5.69856 2.07901 39.4379
16.9375 3.46485 5.75924 3.53882 54.6337
16.9688 3.64204 5.54914 5.45624 66.3225
17 3.81265 5.42399 7.58306 68.975
17.0312 3.98293 5.45132 9.72157 66.4133
17.0625 4.15206 5.42189 11.6327 55.4415
17.0938 4.32923 6.01664 13.2262 46.4871
17.125 4.52678 6.52527 14.4172 27.5778
17.1562 4.73396 6.74895 14.9508 7.87098
17.1875 4.94625 6.69912 14.9286 -9.40337
17.2188 5.14381 5.90053 14.4092 -23.6108
17.25 5.31739 5.22833 13.3336 -47.5978
17.2812 5.46756 4.33704 11.4337 -71.9423
17.3125 5.59073 3.61739 9.00575 -80.2625
17.3438 5.69372 2.91452 6.6257 -69.1232
17.375 5.77239 2.19459 4.83084 -44.4092
17.4062 5.83449 1.74899 3.77093 -27.2737
17.4375 5.8769 0.935142 2.94061 -25.9445
17.4688 5.89642 0.385324 2.2241 -19.6409
17.5 5.90041 -0.195313 1.68737 -14.402
17.5312 5.88408 -0.761571 1.3607 -6.7001
17.5625 5.85777 -0.921561 1.25676 0.87777
17.5938 5.82373 -1.26264 1.43791 8.83077
17.625 5.78396 -1.16867 1.61955 1.17493
17.6562 5.75312 -0.852145 1.56979 -2.16569
17.6875 5.72793 -0.742323 1.62636 8.2576
17.7188 5.71022 -0.362893 2.19173 27.531
17.75 5.70276 -0.176361 3.18929 32.9812
17.7812 5.69945 0.033317 4.09571 23.9721
17.8125 5.70723 0.414804 4.74565 19.8713
17.8438 5.71885 0.252832 5.43941 25.0884
17.875 5.72436 0.173372 6.31594 30.6745
17.9062 5.72851 -0.0660404 7.34373 35.8073
17.9375 5.70822 -1.35115 8.62303 46.0739
17.9688 5.64227 -2.88043 10.1163 46.9863
18 5.52523 -4.66431 11.3869 31.1919
18.0312 5.35007 -6.50676 11.9699 8.11834
18.0625 5.12392 -7.83705 12.1364 4.62755
18.0938 4.86941 -8.32314 12.1845 -3.31136
18.125 4.60869 -8.31926 11.9542 -10.0283
18.1562 4.35268 -7.9973 11.586 -13.6923
18.1875 4.11214 -7.37974 11.0848 -19.3554
18.2188 3.89103 -6.78608 10.2708 -33.4494
18.25 3.68692 -6.29385 9.08986 -40.1185
18.2812 3.49794 -5.77431 7.73479 -48.9167
18.3125 3.32632 -5.25013 6.00726 -58.5929
18.3438 3.16737 -4.90396 4.35343 -44.5321
18.375 3.02388 -4.24539 3.11979 -38.7557
18.4062 2.89798 -3.92879 1.83228 -40.8561
18.4375 2.77536 -3.87567 0.762781 -27.9599
18.4688 2.65869 -3.60856 -0.120822 -30.4948
18.5 2.54483 -3.75869 -0.973931 -19.5934
18.5312 2.42333 -3.96176 -1.30383 -4.66073
18.5625 2.29962 -3.97155 -1.38919 0.140704
18.5938 2.17259 -4.17198 -1.25011 7.00926
18.625 2.04136 -4.16547 -1.04912 7.84334
18.6562 1.91414 -3.98048 -0.501625 28.5314
18.6875 1.79216 -3.82361 0.462651 27.1578
18.7188 1.67506 -3.68088 1.13318 19.2063
18.75 1.56249 -3.48446 1.76019 18.4857
18.7812 1.46069 -2.99337 2.15201 8.33743
18.8125 1.37511 -2.51459 2.53077 17.4294
18.8438 1.30268 -2.10337 3.03277 10.3246
18.875 1.24544 -1.54216 3.23492 8.28458
18.9062 1.20565 -1.04803 3.74496 21.3612
18.9375 1.17582 -0.917585 4.21495 5.75234
18.9688 1.14852 -0.77125 4.25916 1.71989
19 1.13008 -0.428318 4.3982 4.81778
19.0312 1.11928 -0.259963 4.45805 0.186499
19.0625 1.11769 0.214762 4.54331 5.59509
19.0938 1.1301 0.456688 4.64849 -2.29775
19.125 1.14143 0.299206 4.33702 -15.8752
19.1562 1.15387 0.523203 3.79339 -18.0129
19.1875 1.16768 0.193269 3.16677 -23.3956
19.2188 1.16213 -0.450488 2.29014 -32.7867
19.25 1.14943 -0.270951 1.08708 -45.556
19.2812 1.14119 -0.409895 -0.641951 -65.0101
19.3125 1.12043 -0.806867 -2.77926 -66.1335
19.3438 1.10126 -0.343564 -4.49181 -42.5932
19.375 1.09312 -0.341226 -5.60021 -31.3744
19.4062 1.07755 -0.537611 -6.46038 -21.6137
19.4375 1.0674 -0.0988682 -6.90761 -8.68912
19.4688 1.06469 -0.19304 -7.11092 -4.14979
19.5 1.05544 -0.297007 -7.08315 6.27741
19.5312 1.04995 -0.100158 -6.81172 9.59395
19.5625 1.04278 -0.42539 -6.44499 15.5208
19.5938 1.02613 -0.512774 -5.86203 19.4979
19.625 1.01712 -0.0513666 -5.28891 18.848
19.6562 1.01822 0.0321522 -4.54847 29.017
19.6875 1.01992 0.196942 -3.52832 36.0105
19.7188 1.03673 0.862676 -2.26193 44.6239
19.75 1.0671 0.988275 -0.883123 41.2211
19.7812 1.09895 1.10581 0.295755 35.1769
19.8125 1.13512 1.11024 1.31865 29.6766
19.8438 1.1643 0.787288 2.16173 24.8094
19.875 1.18812 0.744163 2.81832 15.7057
19.9062 1.20735 0.444404 3.19256 11.4867
19.9375 1.21884 0.402143 3.64607 15.6685
19.9688 1.23778 0.824917 3.9779 4.68618
20 1.26743 1.0133 4.08597 5.31684
20.0312 1.30189 1.27994 4.37235 12.4267
20.0625 1.35134 1.85472 4.8186 15.0541
20.0938 1.41216 1.96819 5.17675 5.3358
20.125 1.47379 1.97756 5.10947 -8.08126
20.1562 1.53213 1.66462 4.7724 -13.6079
20.1875 1.57653 1.24968 4.16496 -26.1183
20.2188 1.61486 1.20637 3.24307 -29.809
20.25 1.64857 0.910657 2.37348 -27.7304
20.2812 1.67442 0.856491 1.33527 -39.7907
20.3125 1.70801 1.30877 0.012629 -41.3935
20.3438 1.75202 1.42192 -1.15506 -34.2787
20.375 1.79661 1.5123 -2.18616 -30.5211
20.4062 1.85059 1.92327 -2.88613 -12.3934
20.4375 1.91179 1.93371 -3.06304 -2.95156
20.4688 1.97351 2.10697 -3.22151 -6.64484
20.5 2.04587 2.48455 -3.37334 -2.12779
20.5312 2.12615 2.66533 -3.33678 5.53346
20.5625 2.21516 3.04332 -2.90079 23.5194
20.5938 2.3145 3.3023 -1.97704 31.9337
20.625 2.4247 3.81803 -1.03309 29.2344
20.6562 2.55301 4.32921 -0.0462421 34.3245
20.6875 2.69328 4.68806 1.03293 33.7066
20.7188 2.84934 5.29851 2.13707 39.0895
20.75 3.02025 5.55776 3.42075 38.9528
20.7812 3.19389 5.54052 4.42382 27.6515
20.8125 3.36614 5.49403 5.44901 40.8071
20.8438 3.54007 5.69449 6.9057 50.1129
20.875 3.72283 5.96867 8.56989 57.1054
20.9062 3.91262 6.23388 10.338 50.9505
20.9375 4.11656 6.80897 11.5517 28.2903
20.9688 4.32925 6.58637 12.403 30.2022
21 4.52136 5.76529 13.4423 33.3776
21.0312 4.69331 5.15591 14.288 18.567
21.0625 4.83556 3.97793 14.6191 4.98104
21.0938 4.95566 3.91329 14.6547 -5.2431
21.125 5.07878 3.81924 14.1154 -27.9042
21.1562 5.1948 3.78267 13.2766 -20.8778
21.1875 5.31991 4.06958 12.7231 -19.04
21.2188 5.43701 3.42097 11.9931 -27.0898
21.25 5.54551 3.66088 11.0213 -34.7013
21.2812 5.65725 3.21998 9.90031 -38.0852
21.3125 5.74502 2.66555 8.43223 -56.9619
21.3438 5.83786 3.22047 6.53982 -60.2418
21.375 5.93096 2.57398 4.81057 -48.3744
21.4062 6.00595 2.48141 3.57482 -32.3716
21.4375 6.08954 2.65365 2.6696 -25.5709
21.4688 6.1573 1.65 1.96809 -21.0314
21.5 6.20204 1.33217 1.36761 -13.9543
21.5312 6.23456 0.552404 1.12443 -7.1813
21.5625 6.23519 -0.338234 0.686532 -16.3262
21.5938 6.22214 -0.514526 0.525246 5.98418
21.625 6.19659 -1.18623 0.700075 1.56735
21.6562 6.15117 -1.58908 0.705527 1.25037
21.6875 6.10312 -1.5062 0.938609 18.0062
21.7188 6.04952 -2.02967 2.02461 49.8275
21.75 5.97956 -2.28497 3.75395 56.5448
21.7812 5.91062 -2.22937 5.35992 43.5511
21.8125 5.83122 -2.92883 6.46486 29.4154
21.8438 5.72762 -3.67435 7.21903 16.2565
21.875 5.60304 -4.30007 7.41619 -0.668251
21.9062 5.45333 -5.41747 7.43283 3.9529
21.9375 5.26526 -6.40887 7.70342 13.5311
21.9688 5.06502 -6.39157 8.15517 10.5765
22 4.8583 -6.92116 8.1482 -9.95434
22.0312 4.63621 -7.18918 7.75776 -12.7994
22.0625 4.40771 -7.5611 7.35803 -11.8902
22.0938 4.16007 -8.19323 7.1878 3.1612
22.125 3.90716 -7.84576 7.4917 13.1175
22.1562 3.66821 -7.60076 7.85001 8.60796
22.1875 3.42948 -7.50263 7.99803 0.811563
22.2188 3.21149 -6.45079 7.9367 -3.82776
22.25 3.01489 -6.28963 7.76764 -7.98167
22.2812 2.82021 -6.04086 7.34674 -20.2567
22.3125 2.6396 -5.59018 6.44044 -38.2464
22.3438 2.46776 -5.37282 5.06049 -45.0394
22.375 2.30763 -4.84667 4.00494 -19.9763
22.4062 2.16524 -4.25089 3.49848 -21.9108
22.4375 2.04168 -3.72198 2.35944 -47.0927
22.4688 1.9268 -3.67654 0.98418 -37.235
22.5 1.81472 -3.4121 -0.0317557 -29.1921
22.5312 1.71468 -3.06266 -0.701797 -10.4658
22.5625 1.61676 -3.27627 -0.772487 0.463046
22.5938 1.51106 -3.3924 -0.85936 -3.59108
22.625 1.4099 -3.07986 -0.696218 17.2526
22.6562 1.3131 -3.2225 0.216686 39.2208
22.6875 1.20851 -3.34199 1.54234 40.0688
22.7188 1.1127 -2.76605 2.38881 12.8084
22.75 1.02848 -2.76155 2.59571 5.57628
22.7812 0.941983 -2.57586 2.70947 -3.41461
22.8125 0.876161 -1.71263 2.27771 -19.1826
22.8438 0.821827 -1.88905 1.90817 -3.08996
22.875 0.764681 -1.57002 1.78464 -10.468
22.9062 0.725141 -1.13951 1.23284 -21.3981
22.9375 0.682362 -1.62809 0.534163 -24.7954
22.9688 0.630668 -1.54747 -0.316658 -26.181
23 0.585167 -1.49576 -0.864346 -7.8749
23.0312 0.531379 -1.91263 -0.881072 6.39758
23.0625 0.473812 -1.63845 -0.418623 21.9507
23.0938 0.430993 -1.17256 0.173578 10.7901
23.125 0.394748 -1.18192 0.354416 8.6048
23.1562 0.362355 -0.734443 1.03369 32.2175
23.1875 0.354084 0.157132 1.91541 19.301
23.2188 0.364195 0.362866 2.33451 11.3988
23.25 0.372835 0.185924 2.60488 2.11049
23.2812 0.378011 0.212417 2.38455 -13.9141
23.3125 0.389696 0.534401 1.81961 -24.001
23.3438 0.406929 0.491945 0.802207 -38.5617
23.375 0.422232 0.611967 -0.270501 -26.668
23.4062 0.450654 1.19318 -0.950672 -20.8529
23.4375 0.49234 1.41334 -1.70084 -26.6987
23.4688 0.537708 1.48459 -2.55797 -27.0835
23.5 0.583901 1.44809 -3.25685 -14.734
23.5312 0.627956 1.38504 -3.42338 2.06792
23.5625 0.671173 1.37961 -3.2693 7.62097
23.5938 0.712645 1.22264 -2.87334 17.4071
23.625 0.744445 0.811372 -2.37454 11.5162
23.6562 0.768937 0.894072 -2.05665 14.0432
23.6875 0.803514 1.23416 -1.32275 30.6995
23.7188 0.838273 0.946928 -0.395692 26.3039
23.75 0.869074 1.19219 0.292719 16.3523
23.7812 0.916337 1.72688 0.455885 -6.56692
23.8125 0.966156 1.34562 0.154015 -6.16144
23.8438 1.00323 1.18042 0.215687 7.21127
23.875 1.04417 1.34724 0.394795 3.24242
23.9062 1.07928 0.880167 0.398123 -4.97343
23.9375 1.10716 1.05571 -0.039062 -21.7613
23.9688 1.14596 1.31409 -0.674191 -14.8364
24 1.1849 1.23758 -1.00541 -9.68994
24.0312 1.23081 1.75203 -1.28775 -4.55086
24.0625 1.28895 1.83694 -1.12879 13.069
24.0938 1.34555 1.92171 -0.663273 16.151
24.125 1.41538 2.50587 -0.000270617 27.0098
24.1562 1.49414 2.46341 0.854753 24.2714
24.1875 1.57459 2.82383 1.53486 22.5936
24.2188 1.66916 3.02366 2.34445 26.36
24.25 1.75268 2.33335 2.9229 8.3614
24.2812 1.82527 2.4551 2.86842 -11.5562
24.3125 1.90325 2.3686 2.19183 -30.0853
24.3438 1.96889 1.92486 1.33101 -18.2013
24.375 2.03361 2.32959 1.15754 2.2252
24.4062 2.11447 2.79775 1.10813 -6.99587
24.4375 2.20938 3.33902 0.921779 -1.26308
24.4688 2.32245 3.77187 0.959693 -1.0164
24.5 2.43769 3.61645 0.710381 -12.859
24.5312 2.55741 4.16783 0.394018 -4.63876
24.5625 2.69289 4.26671 0.506654 13.3803
24.5938 2.81717 3.81658 1.34837 40.9955
24.625 2.9451 4.46768 2.9074 54.2211
24.6562 3.08895 4.55426 4.53248 48.7044
24.6875 3.22954 4.60895 5.91051 37.8594
24.7188 3.38293 5.12984 6.79496 19.0152
24.75 3.54213 5.02239 7.26991 14.1834
24.7812 3.70117 5.21304 7.5997 1.78058
24.8125 3.86393 5.09297 7.2373 -19.7629
24.8438 4.02058 5.08162 6.98442 10.0696
24.875 4.18771 5.56964 7.59472 17.8924
24.9062 4.36322 5.67739 7.74167 -5.71937
24.9375 4.55167 6.52136 7.55826 -3.53922
24.9688 4.76643 6.96963 7.53699 3.03002
25 4.97604 6.49554 7.82169 14.6959
25.0312 5.18564 7.04612 8.3501 18.2819
25.0625 5.40169 6.31267 9.0088 25.281
25.0938 5.56795 4.57993 10.0181 39.8596
25.125 5.71065 4.6288 11.2923 33.8805
25.1562 5.83899 3.29451 11.7183 -6.68593
25.1875 5.92489 2.606 11.3184 -10.6988
25.2188 6.00992 2.56824 11.1217 -6.95265
25.25 6.06909 1.27881 10.6145 -25.7808
25.2812 6.10775 1.36765 9.76909 -21.7043
25.3125 6.14551 0.806214 9.47446 -0.275959
25.3438 6.15907 0.320841 9.27266 -19.2126
25.375 6.1787 0.933659 8.25955 -41.3505
25.4062 6.20626 0.631246 6.88598 -45.333
25.4375 6.21572 0.0978397 5.54534 -38.1107
25.4688 6.22154 0.328211 4.55288 -24.3094
25.5 6.22954 -0.0168809 4.27705 10.2671
25.5312 6.2143 -0.873372 4.98201 25.2925
25.5625 6.18535 -0.899754 5.39272 -0.0622246
25.5938 6.1497 -1.64061 5.25207 -3.13489
25.625 6.07498 -3.03976 5.24937 -2.28907
25.6562 5.97234 -3.40648 4.81649 -24.1357
25.6875 5.85754 -4.10954 4.03165 -24.0634
25.7188 5.71442 -4.84892 3.34515 -14.6896
25.75 5.56992 -4.28437 3.60736 33.0208
25.7812 5.44283 -3.96301 4.88972 39.0362
25.8125 5.32134 -3.75164 5.85203 24.1145
25.8438 5.20781 -3.63926 6.54508 23.1035
25.875 5.0839 -4.3654 7.31934 22.7729
25.9062 4.94348 -4.38761 7.81004 11.4195
25.9375 4.80588 -4.81384 8.36811 26.9734
25.9688 4.62748 -6.38163 9.35 31.0113
26 4.43631 -5.60767 10.0443 10.526
26.0312 4.26047 -6.1109 9.97165 -12.5219
26.0625 4.05106 -6.88976 9.54368 -12.1558
26.0938 3.84932 -6.13247 9.02998 -26.813
26.125 3.64656 -6.9975 7.74752 -51.3401
26.1562 3.4288 -6.52932 6.16221 -46.3869
26.1875 3.23912 -5.99463 4.96766 -28.4889
26.2188 3.03968 -6.57071 4.42759 -8.02333
26.25 2.85214 -5.28346 4.1673 -13.9039
26.2812 2.69208 -5.3764 3.40621 -34.0524
26.3125 2.5123 -5.80945 2.20082 -39.5449
26.3438 2.34683 -4.80618 1.14214 -26.4931
26.375 2.19495 -5.15029 0.484482 -17.6253
26.4062 2.0282 -5.27899 0.0923258 -3.69967
26.4375 1.87275 -4.73059 0.327424 13.9448
26.4688 1.7281 -4.50546 0.510929 -5.3941
26.5 1.59388 -4.102 0.246852 -5.92258
26.5312 1.47008 -3.77419 -0.0177544 -19.7467
26.5625 1.36233 -3.1466 -1.09985 -39.6174
26.5938 1.26573 -3.12085 -1.79398 -3.78867
26.625 1.17186 -2.74207 -1.99679 -19.962
26.6562 1.09494 -2.32113 -2.85483 -21.47
26.6875 1.01999 -2.4546 -2.8927 13.7574
26.7188 0.947166 -2.15289 -2.49188 11.561
26.75 0.883314 -2.01076 -1.78748 35.7795
26.7812 0.817583 -2.23522 -0.730573 22.5974
26.8125 0.743523 -2.44878 -0.220308 22.4023
26.8438 0.670579 -2.13905 1.07406 54.4413
26.875 0.608892 -1.92051 2.53792 34.7169
26.9062 0.544268 -2.20145 3.44924 27.3764
26.9375 0.480547 -1.70917 4.13662 13.4058
26.9688 0.437563 -1.21989 4.41783 9.66089
27 0.392153 -1.76554 4.75084 6.7466
27.0312 0.331484 -1.99894 4.695 -7.11341
27.0625 0.268493 -2.11013 4.48797 -9.04089
27.0938 0.197313 -2.36225 3.73305 -41.4139
27.125 0.129822 -1.86586 2.32089 -39.2429
27.1562 0.079281 -1.4437 1.38009 -27.9317
27.1875 0.0374428 -1.22492 0.259866 -40.2452
27.2188 0.00556243 -0.721352 -0.557287 -5.31671
27.25 -0.00222848 0.211485 -0.266874 13.5493
27.2812 0.00797458 0.177796 -0.215 -11.6049
27.3125 0.00187447 -0.406166 -0.731279 -15.7794
27.3438 0.00155556 0.571085 -1.0418 -4.96465
27.375 0.0273938 0.697799 -1.16516 -4.08997
27.4062 0.0337666 -0.116099 -1.20102 5.80368
27.4375 0.0389322 0.586511 -0.645444 27.1563
27.4688 0.0619185 0.656173 0.00729189 6.60207
27.5 0.0768953 0.434695 -0.23532 -14.2353
27.5312 0.0971664 0.888101 -0.488004 -3.16786
27.5625 0.128119 1.01201 -0.816478 -22.0541
27.5938 0.160179 1.09171 -1.71026 -28.754
27.625 0.196581 1.16154 -2.33593 -9.85718
27.6562 0.227928 0.849928 -2.36239 5.46012
27.6875 0.255514 1.00162 -2.26622 -2.16986
27.7188 0.2886 1.00867 -2.27982 9.47138
27.75 0.317222 0.933701 -1.46863 36.8028
27.7812 0.353597 1.37069 -0.471947 25.0695
27.8125 0.39465 1.16163 0.427842 37.7051
27.8438 0.430945 1.33718 1.72978 38.4187
27.875 0.482053 1.82976 2.66236 24.8234
27.9062 0.53833 1.7876 3.48563 26.9932
27.9375 0.601653 2.36136 4.20991 19.2941
27.9688 0.681592 2.56836 4.75007 13.8722
28 0.755722 2.25941 4.83852 -10.5095
28.0312 0.83433 2.8653 4.27403 -20.0758
28.0625 0.926499 2.80138 3.69309 -19.7934
28.0938 1.00614 2.47103 2.9312 -26.852
28.125 1.0942 3.24688 2.19815 -20.108
28.1562 1.2025 3.51227 1.48402 -28.0703
28.1875 1.31345 3.78854 0.527511 -29.3721
28.2188 1.44979 4.8579 -0.179674 -14.5489
28.25 1.59814 4.38769 -0.279305 10.0267
28.2812 1.7298 4.35964 0.334223 21.69
28.3125 1.88062 5.15144 0.53188 -11.8966
28.3438 2.0356 4.63655 0.050108 -6.89043
28.375 2.17892 4.81208 0.331159 17.2369
28.4062 2.34277 5.5255 0.601623 0.508321
28.4375 2.51461 5.52095 0.908603 25.9146
28.4688 2.7007 6.52689 1.87288 22.269
28.5 2.91474 6.87653 1.93842 -11.0463
28.5312 3.12023 6.36291 1.80958 5.43158
28.5625 3.32507 6.83717 1.88167 -7.64454
28.5938 3.53659 6.41409 1.47526 -9.22766
28.625 3.72384 5.8132 1.65442 18.9277
28.6562 3.90918 5.9053 2.32997 20.4895
28.6875 4.07873 4.93884 2.97443 24.1801
28.7188 4.23592 5.42082 3.91079 32.2874
28.75 4.41273 5.51357 4.73559 22.1033
28.7812 4.56864 4.70716 5.78615 49.6394
28.8125 4.73279 5.93801 7.31393 36.0043
28.8438 4.91631 5.27699 8.14713 28.4141
28.875 5.06448 4.80278 9.19436 32.6395
28.9062 5.23601 5.74999 10.2652 39.3216
28.9375 5.38652 3.86389 11.1374 5.7058
28.9688 5.51281 4.60516 10.9269 -6.67586
29 5.65019 3.53374 10.6615 -19.7623
29.0312 5.7349 2.46089 9.71833 -33.6651
29.0625 5.81895 2.62692 8.66992 -32.6265
29.0938 5.8837 1.61111 7.87781 -21.7994
29.125 5.9308 1.43378 6.6523 -56.9955
29.1562 5.96985 1.07639 5.29034 -18.2132
29.1875 6.00285 1.05964 5.0266 -11.1776
29.2188 6.03276 0.833839 4.74011 0.861064
29.25 6.06048 1.0455 4.95889 5.93454
29.2812 6.09479 0.944264 5.00094 -0.148786
29.3125 6.11257 0.343286 5.14097 11.9848
29.3438 6.13031 0.76069 5.88026 34.6856
29.375 6.13884 -0.492308 7.14358 42.5364
29.4062 6.10989 -0.957821 8.10761 9.97096
29.4375 6.08365 -1.06039 7.69728 -26.1188
29.4688 6.02702 -2.41131 7.05804 -13.1803
29.5 5.95631 -1.9548 6.96328 13.4223
29.5312 5.89221 -2.37235 8.02466 47.1055
29.5625 5.81597 -2.18832 9.46566 44.4502
29.5938 5.75734 -1.89074 10.7149 30.582
29.625 5.68022 -2.99249 11.5108 29.3031
29.6562 5.58783 -2.77169 12.5031 23.7234
29.6875 5.49244 -3.71747 12.8577 6.4567
29.7188 5.35308 -4.83084 12.9775 -5.63354
29.75 5.21012 -4.41057 12.5097 -14.4948
29.7812 5.05636 -5.56735 12.3837 0.214532
29.8125 4.87865 -5.48142 12.0958 -17.1899
29.8438 4.70922 -5.72642 11.5546 -20.8294
29.875 4.51231 -6.62545 10.2979 -60.5285
29.9062 4.31435 -5.98265 8.36094 -54.9267
29.9375 4.12646 -6.23171 6.6657 -61.5513
29.9688 3.92859 -6.18816 4.61753 -59.2914
30 3.74979 -5.30238 3.20142 -38.4351
30.0312 3.58595 -5.30949 1.84771 -44.5045
30.0625 3.42357 -4.85827 0.836128 -20.6168
30.0938 3.28895 -3.85328 0.128504 -27.5497
30.125 3.1707 -3.87316 -0.487189 -6.07576
30.1562 3.04631 -3.94971 -0.639202 -15.268
30.1875 2.93449 -3.12544 -1.42171 -21.8565
30.2188 2.8444 -2.86905 -1.50075 11.1977
30.25 2.74679 -3.31897 -1.30593 1.18304
30.2812 2.64722 -2.94852 -0.820048 36.1618
30.3125 2.55769 -2.9635 0.337413 19.7186
30.3438 2.45568 -3.54463 0.147362 -17.6014
30.375 2.34079 -3.71964 0.155079 18.3701
30.4062 2.22801 -3.48853 0.533304 -3.89408
30.4375 2.11518 -3.9037 0.250178 -0.96765
30.4688 1.98495 -4.18187 0.669222 18.9903
30.5 1.86811 -3.31794 1.03352 8.12991
30.5312 1.76112 -3.77156 1.67479 35.3365
30.5625 1.63945 -3.6196 2.89259 35.9714
30.5938 1.54663 -2.56918 3.82974 24.6313
30.625 1.45408 -3.47403 4.36415 9.23998
30.6562 1.35091 -2.66061 4.61836 11.0731
30.6875 1.28742 -1.89914 4.99689 8.379
30.7188 1.20934 -2.95176 5.05605 -0.689031
30.75 1.12825 -2.09306 5.10802 0.0416867
30.7812 1.05764 -2.8426 4.68436 -27.1585
30.8125 0.955064 -3.23892 3.86761 -19.2182
30.8438 0.874272 -2.07232 3.15118 -38.4884
30.875 0.802465 -2.72985 1.31574 -67.6026
30.9062 0.718789 -2.16081 -0.275499 -31.1766
30.9375 0.674568 -1.01266 -1.04126 -24.3242
30.9688 0.632935 -1.67372 -1.72187 -15.3509
31 0.589223 -0.821779 -2.18261 -22.2327
31.0312 0.576245 -0.406354 -3.21453 -35.3267
31.0625 0.547386 -1.34609 -3.81973 -2.39562
31.0938 0.511771 -0.699988 -3.75573 1.05585
31.125 0.497528 -0.515467 -3.70571 4.65963
31.1562 0.471685 -0.981823 -3.60064 -2.40496
31.1875 0.448881 -0.443278 -3.76778 -0.635046
31.2188 0.434287 -0.652186 -3.37991 20.6796
31.25 0.411689 -0.57029 -2.9694 3.84086
31.2812 0.405034 0.0113143 -2.66148 24.963
31.3125 0.400302 -0.342955 -1.4712 41.417
31.3438 0.39584 0.269737 -0.529869 18.6765
31.375 0.412982 0.52059 -0.12622 8.15068
31.4062 0.417407 -0.0797268 -0.0369075 -0.0279431
31.4375 0.42842 0.950295 0.187293 17.0165
31.4688 0.462988 0.864989 0.800185 16.7627
31.5 0.477225 0.352715 1.30155 21.5591
31.5312 0.503101 1.25331 2.21001 29.3586
31.5625 0.53372 0.413397 2.77222 10.027
31.5938 0.536975 0.189472 3.35456 29.679
31.625 0.553522 0.595047 4.14513 12.2125
31.6562 0.555096 -0.514403 4.24076 3.0298
31.6875 0.538225 -0.271793 4.51038 8.06408
31.7188 0.53889 0.11282 4.44508 -8.71644
31.75 0.542489 0.356668 4.40333 7.42039
31.7812 0.57515 1.63983 4.48245 -9.47488
31.8125 0.625543 1.4462 3.91343 -20.1552
31.8438 0.680483 2.40286 3.26563 -27.7813
31.875 0.774019 3.22345 1.97651 -49.0676
31.9062 0.867236 2.86517 0.71641 -29.5409
31.9375 0.970799 3.87533 -0.226719 -35.7884
31.9688 1.09789 3.98439 -1.20761 -16.4122
32 1.21445 3.59513 -1.12101 12.5963
32.0312 1.33307 4.05496 -1.07097 -12.5864
32.0625 1.45683 3.55876 -1.65142 -18.9632
32.0938 1.54994 2.64356 -2.05275 -3.63286
32.125 1.64144 3.30837 -1.6804 26.7381
32.1562 1.74456 3.01254 -0.773166 25.0507
32.1875 1.82729 2.51194 -0.0538223 25.9767
32.2188 1.91717 3.31964 0.774963 19.6054
32.25 2.02671 3.4873 1.06465 8.27922
32.2812 2.13136 3.33995 1.93974 47.1539
32.3125 2.24633 4.0744 3.19816 20.322
32.3438 2.37838 4.20503 3.38001 6.47306
32.375 2.50783 4.21082 4.12128 34.6176
32.4062 2.64871 4.80194 4.82289 5.7954
32.4375 2.80251 4.97839 4.90974 9.92614
32.4688 2.96178 5.28183 5.60707 29.8505
32.5 3.1346 5.81227 6.42752 20.681
32.5312 3.32992 6.74245 7.10724 28.2215
32.5625 3.5508 7.22189 8.12337 27.4574
32.5938 3.77837 7.4802 8.47443 2.13541
32.625 4.0268 8.39154 8.91358 25.776
32.6562 4.29228 8.45126 9.47281 4.82056
32.6875 4.55396 8.30118 9.58886 8.02951
32.7188 4.80368 7.52998 9.62023 -13.3406
32.75 5.02349 6.5517 8.95164 -23.6559
32.7812 5.20522 4.97421 7.92178 -47.0749
32.8125 5.34591 4.31835 6.3486 -48.2163
32.8438 5.47307 3.5261 4.42221 -82.348
32.875 5.56121 2.39627 1.92966 -60.8022
32.9062 5.64206 2.7895 0.577161 -32.5667
32.9375 5.71825 1.83528 0.119933 7.13397
32.9688 5.76343 1.41998 0.53669 11.6977
33 5.8177 1.85508 1.09349 27.0981
33.0312 5.86007 0.768348 1.65771 1.78664
33.0625 5.88039 0.836691 1.77341 18.0341
33.0938 5.91358 1.04284 2.70472 33.3698
33.125 5.9333 0.240487 3.65704 27.5988
33.1562 5.94198 0.544444 4.47377 27.0765
33.1875 5.96629 0.754141 5.34518 24.6349
33.2188 5.97726 0.0164164 5.99654 21.977
33.25 5.98157 0.399163 6.69513 15.5742
33.2812 5.9937 0.0909134 6.91359 6.24985
33.3125 5.98262 -0.554842 7.25541 7.87312
33.3438 5.97348 -0.148802 7.10462 -10.0369
33.375 5.95039 -1.47938 7.33928 29.1508
33.4062 5.89881 -1.54155 8.69443 52.4295
33.4375 5.84119 -2.5389 10.3002 43.9455
33.4688 5.74589 -3.08875 11.2267 17.793
33.5 5.65436 -3.19046 11.6276 8.40795
33.5312 5.53121 -4.32816 11.7869 4.34205
33.5625 5.41158 -3.46898 12.024 12.4409
33.5938 5.27997 -5.13532 12.7705 35.8768
33.625 5.11974 -4.70053 13.6666 8.52451
33.6562 4.96969 -5.41745 13.3158 -20.3682
33.6875 4.78496 -5.85905 12.501 -41.5301
33.7188 4.61754 -5.20861 10.4267 -83.6691
33.75 4.43482 -6.41455 7.90734 -73.6214
33.7812 4.24529 -5.41046 5.79324 -60.5283
33.8125 4.08047 -5.64326 4.40673 -24.1401
33.8438 3.88882 -6.1691 4.22038 6.35665
33.875 3.71903 -4.77977 4.40705 2.09266
33.9062 3.56228 -5.60664 4.39672 -0.106387
33.9375 3.37893 -5.61249 4.40104 -2.71479
33.9688 3.22611 -4.45499 4.11981 -12.5119
34 3.07289 -5.46565 3.94854 4.35697
34.0312 2.90838 -4.60126 4.16314 2.09314
34.0625 2.78093 -4.03727 3.91092 -13.6792
34.0938 2.64483 -4.33527 3.72953 4.68259
34.125 2.53332 -2.81844 3.87836 -4.75372
34.1562 2.44618 -3.06338 3.09136 -43.6794
34.1875 2.34744 -2.93016 1.52852 -51.1875
34.2188 2.27265 -1.95855 -0.0412868 -50.0609
34.25 2.21411 -1.89344 -1.47436 -36.3467
34.2812 2.1544 -1.86519 -2.04086 0.157725
34.3125 2.10194 -1.45022 -1.7094 16.8983
34.3438 2.06187 -1.20513 -0.992639 31.5579
34.375 2.0208 -1.4936 0.257822 44.6022
34.4062 1.96641 -1.94968 1.56948 38.3756
34.4375 1.9094 -1.46635 2.60428 24.3487
34.4688 1.87757 -0.794258 2.87934 -4.71834
34.5 1.844 -1.37593 2.84522 11.0496
34.5312 1.80704 -0.717131 3.43965 14.8685
34.5625 1.79688 -0.266843 3.22811 -24.9839
34.5938 1.77604 -0.976586 2.65261 -1.90972
34.625 1.74674 -0.918236 2.89838 4.85075
34.6562 1.70831 -1.57292 2.34832 -43.032
34.6875 1.66347 -1.04507 0.304762 -82.4326
34.7188 1.63409 -1.28299 -2.12789 -59.0703
34.75 1.57166 -2.42631 -3.0123 -6.08888
34.7812 1.50615 -1.67436 -3.41534 -26.0581
34.8125 1.45407 -1.88713 -4.10837 -5.78422
34.8438 1.38656 -2.31269 -3.80814 13.5111
34.875 1.3179 -1.98021 -3.59697 6.24438
34.9062 1.2657 -1.38374 -3.03279 26.8795
34.9375 1.22487 -1.38362 -2.33939 16.9419
34.9688 1.17343 -1.87106 -1.62094 31.1692
35 1.11709 -1.58662 -0.819758 12.3654
35.0312 1.07339 -1.38904 -0.684047 5.59701
35.0625 1.02049 -1.99077 -0.333252 9.9017
35.0938 0.959678 -1.6974 -0.390761 -10.9673
35.125 0.917695 -1.10199 -0.71091 -9.64007
35.1562 0.881832 -1.25367 -1.24666 -25.4517
35.1875 0.8446 -0.959277 -1.99658 -18.4251
35.2188 0.827816 -0.169114 -2.5998 -26.4782
35.25 0.824246 -0.203821 -3.56242 -25.1276
35.2812 0.814726 -0.285106 -3.64147 20.7456
35.3125 0.813933 0.270727 -2.56891 43.273
35.3438 0.826814 0.413511 -1.06703 50.1293
35.375 0.834809 0.129874 0.274979 33.2456
35.4062 0.840355 0.276919 1.26217 37.5439
35.4375 0.850005 0.279167 2.78714 55.8478
35.4688 0.859056 0.396005 4.36611 40.457
35.5 0.877073 0.675905 5.17445 11.4156
35.5312 0.895233 0.480319 5.22637 -4.24324
35.5625 0.910813 0.526588 5.177 5.00441
35.5938 0.922387 0.118223 5.57874 15.6675
35.625 0.920151 -0.135763 5.53104 -28.7306
35.6562 0.919492 0.103385 3.75866 -73.2142
35.6875 0.923649 0.122498 1.86168 -40.6845
35.7188 0.933042 0.710651 0.885112 -34.0367
35.75 0.976309 1.91966 -0.610357 -56.7144
35.7812 1.0364 1.81117 -2.12903 -35.4954
35.8125 1.09889 2.4147 -2.83705 -10.7851
35.8438 1.1878 3.02957 -2.71895 18.8479
35.875 1.27116 2.22464 -2.0062 17.1235
35.9062 1.34037 2.56573 -1.87063 -1.71317
35.9375 1.44037 3.61889 -1.5101 28.3075
35.9688 1.54321 2.76464 -0.425093 33.8172
36 1.62774 3.11543 0.485363 26.1925
36.0312 1.74897 4.3648 1.17927 15.7503
36.0625 1.87539 3.58808 1.53816 12.3759
36.0938 1.98983 4.09887 2.07205 16.5682
36.125 2.132 4.69468 2.1641 -10.7026
36.1562 2.2716 4.34973 1.87712 -0.849496
36.1875 2.41654 4.95441 1.90801 -6.37353
36.2188 2.56821 4.54756 1.36882 -19.5667
36.25 2.70714 4.66829 1.26558 15.5598
36.2812 2.86786 5.38364 2.16706 40.3722
36.3125 3.0233 4.48727 3.92658 73.7267
36.3438 3.16659 5.07012 6.45147 78.177
36.375 3.34133 5.75485 8.4435 49.8927
36.4062 3.5099 5.17384 9.79883 40.3145
36.4375 3.68846 6.44489 11.11 45.3057
36.4688 3.89628 6.4597 12.574 43.2396
36.5 4.09428 6.59291 13.4276 9.22933
36.5312 4.31318 7.00886 13.4339 -0.745378
36.5625 4.51045 5.75601 13.6517 11.4151
36.5938 4.69944 6.50297 13.5308 -28.9583
36.625 4.89536 5.62838 11.7768 -76.9879
36.6562 5.06042 5.4734 9.15352 -84.4904
36.6875 5.24658 5.97013 6.87949 -58.0783
36.7188 5.4065 4.42346 5.31944 -47.2528
36.75 5.55183 4.97153 3.83736 -46.6117
36.7812 5.69154 3.62275 2.47328 -37.8832
36.8125 5.79025 3.13502 1.53302 -27.2279
36.8438 5.89471 3.29412 0.564347 -28.8353
36.875 5.98025 2.11397 0.196066 3.23851
36.9062 6.0281 0.991286 0.281345 0.364418
36.9375 6.05246 0.772348 0.434358 7.8802
36.9688 6.06905 -0.138929 0.337708 -13.8233
37 6.03184 -1.90292 0.35511 22.6793
37.0312 5.98452 -0.868818 1.03049 5.89827
37.0625 5.9613 -1.06973 0.86507 -8.51485
37.0938 5.91162 -1.76662 0.500006 -12.0509
37.125 5.87647 -0.34924 0.820954 36.3873
37.1562 5.87425 -0.163717 1.90789 19.1956
37.1875 5.86186 -0.393803 2.34598 23.9321
37.2188 5.86068 0.242047 3.93282 78.2208
37.25 5.86269 -0.272365 6.63258 75.2397
37.2812 5.84798 -0.491776 7.92651 15.3646
37.3125 5.82927 -1.06944 8.65409 40.8178
37.3438 5.75656 -3.63133 10.1049 39.0727
37.375 5.62642 -4.34822 10.799 11.4147
37.4062 5.47321 -5.863 11.3584 27.9949
37.4375 5.26333 -7.04717 12.3013 26.2873
37.4688 5.05697 -6.23953 12.9466 17.4521
37.5 4.85391 -6.86672 13.325 2.30666
37.5312 4.64477 -6.19259 12.9767 -21.8651
37.5625 4.46157 -5.91334 12.2794 -17.4147
37.5938 4.26829 -6.14693 12.0289 -1.57113
37.625 4.09432 -5.11832 11.7466 -22.5899
37.6562 3.92724 -5.66429 10.6995 -36.5996
37.6875 3.76165 -4.53118 9.82463 -20.4371
37.7188 3.63709 -3.98622 9.04369 -34.8326
37.75 3.49627 -4.69395 7.68353 -47.6638
37.7812 3.37351 -3.1025 6.23491 -45.6062
37.8125 3.27219 -3.92883 4.79885 -44.0957
37.8438 3.12943 -4.68437 3.71805 -23.2841
37.875 3.00152 -3.65484 3.1498 -19.054
37.9062 2.87605 -4.56463 2.31182 -33.601
37.9375 2.7322 -4.23774 1.29665 -27.0686
37.9688 2.61341 -3.69113 0.695726 -13.4678
38 2.48634 -4.3688 0.307861 -12.3604
38.0312 2.35718 -3.70876 -0.0990566 -14.3035
38.0625 2.24847 -3.49459 -0.594999 -15.454
38.0938 2.13467 -3.62629 -0.742787 12.1295
38.125 2.02892 -3.22713 0.200856 40.5524
38.1562 1.92706 -3.198 1.09477 10.2056
38.1875 1.84113 -2.25596 1.13722 3.45909
38.2188 1.77466 -2.16922 1.47718 9.05704
38.25 1.7118 -1.64359 1.18697 -22.6742
38.2812 1.66942 -1.28952 1.09722 29.5023
38.3125 1.62883 -1.12986 2.48751 36.2553
38.3438 1.60549 -0.481375 2.69908 -11.2224
38.375 1.58442 -0.99668 2.8388 23.8664
38.4062 1.55156 -0.810525 3.44785 2.74301
38.4375 1.54213 0.0720764 3.11605 -14.2136
38.4688 1.54436 0.0571803 2.73936 -14.2469
38.5 1.55581 0.785976 2.20511 -13.5627
38.5312 1.58487 0.831598 2.05773 -2.6505
38.5625 1.6066 0.76694 1.57681 -26.3942
38.5938 1.63719 0.935394 0.925711 -11.3346
38.625 1.64575 -0.388308 0.530051 -20.568
38.6562 1.63231 -0.239846 -0.24929 -23.835
38.6875 1.6209 -0.801603 -1.09103 -37.9874
38.7188 1.58005 -1.61488 -2.63737 -49.7477
38.75 1.52657 -1.83588 -3.54449 -9.66736
38.7812 1.46791 -1.794 -3.94939 -23.8181
38.8125 1.4124 -1.97916 -4.56509 -2.19575
38.8438 1.33849 -2.53084 -4.12766 15.3466
38.875 1.2758 -1.32636 -4.20808 -15.7449
38.9062 1.24189 -1.22497 -4.45149 5.75147
38.9375 1.19476 -1.46495 -3.94408 23.224
38.9688 1.17066 -0.0906098 -3.18772 21.5581
39 1.16989 -0.216918 -2.68367 14.6667
39.0312 1.1616 -0.0645163 -1.97124 29.0297
39.0625 1.16891 0.322624 -1.39697 3.13037
39.0938 1.17059 -0.16458 -1.28743 15.2431
39.125 1.17143 0.362698 -0.577838 16.7854
39.1562 1.18763 0.433273 -0.531828 -3.56275
39.1875 1.19108 -0.0957532 -0.18466 22.2255
39.2188 1.19682 0.635774 0.119577 -7.57555
39.25 1.22566 0.935763 -0.0733864 7.00137
39.2812 1.24498 0.400764 0.417844 12.4001
39.3125 1.26588 1.06188 0.502772 2.05577
39.3438 1.30038 0.838489 0.931895 20.838
39.375 1.31549 0.405075 1.43554 13.0987
39.4062 1.34088 1.17491 2.00954 21.5951
39.4375 1.37481 0.8823 2.43387 5.8204
39.4688 1.4044 1.18171 2.88259 28.9433
39.5 1.44337 1.0587 3.86797 21.8776
39.5312 1.46674 0.632519 4.02027 -5.13752
39.5625 1.49116 0.797526 3.97955 2.42561
39.5938 1.50115 -0.264057 3.91097 -8.18155
39.625 1.48449 -0.507469 3.64859 -7.32418
39.6562 1.4807 0.232031 3.17625 -27.8987
39.6875 1.48757 0.0493342 2.09808 -31.7108
39.7188 1.48848 0.264672 1.46335 -13.9405
39.75 1.51246 1.1564 0.765636 -32.6797
39.7812 1.54963 1.19411 -0.260082 -26.5457
39.8125 1.59475 1.746 -0.813581 -11.1358
39.8438 1.64887 1.56091 -1.01185 -1.63049
39.875 1.70116 2.10339 -1.10079 -8.47731
39.9062 1.78222 2.72458 -1.47377 -8.45719
39.9375 1.85332 1.97374 -1.42788 6.43088
39.9688 1.93159 3.22579 -1.38408 -0.303763
40 2.03815 3.25201 -0.98971 25.8125
40.0312 2.13882 3.51605 -0.317314 10.6195
40.0625 2.26491 4.40626 0.0363757 23.3293
40.0938 2.4072 4.72446 1.20021 40.9759
40.125 2.56189 5.16133 2.17163 25.1469
40.1562 2.73516 6.12271 3.232 43.5647
40.1875 2.9459 7.08188 4.50753 33.5954
40.2188 3.15925 6.57891 5.4991 33.703
40.25 3.37499 7.43614 6.46353 23.2045
40.2812 3.60911 7.04521 7.16429 33.1161
40.3125 3.80695 5.99624 8.90211 71.6682
40.3438 4.00489 6.53667 10.9181 50.0839
40.375 4.18816 4.97549 11.986 18.3433
40.4062 4.33904 5.31395 11.9476 -19.7829
40.4375 4.52841 6.31541 11.2859 -11.5483
40.4688 4.70676 5.23449 11.3205 5.97612
40.5 4.88847 6.68389 11.3251 -5.55873
40.5312 5.10168 6.34325 10.9528 -19.4332
40.5625 5.27596 5.16899 10.3286 -13.6535
40.5938 5.44395 5.51644 10.2477 4.67115
40.625 5.59952 4.12455 10.096 -26.2633
40.6562 5.70062 2.60761 8.24382 -83.2904
40.6875 5.78092 2.62256 5.88964 -60.6724
40.7188 5.84771 1.23914 4.11189 -55.3191
40.75 5.85842 -0.030011 2.83781 -25.2899
40.7812 5.87649 1.16591 1.97362 -35.0425
40.8125 5.8997 -0.153794 0.914733 -29.2054
40.8438 5.87851 -0.499608 0.104881 -21.133
40.875 5.88944 0.778529 -0.162006 4.7637
40.9062 5.88768 -1.07629 0.144015 9.23682
40.9375 5.84586 -1.1188 0.199514 -5.66056
40.9688 5.82144 -0.743875 -0.010422 -5.19314
41 5.78552 -1.51289 -0.206199 -7.37161
41.0312 5.74086 -1.1235 0.0319668 31.7594
41.0625 5.71618 -0.637287 1.52459 50.7583
41.0938 5.69176 -0.884078 2.8276 33.7049
41.125 5.67456 -0.0256017 3.6739 22.4994
41.1562 5.67998 -0.108191 4.55405 36.312
41.1875 5.65183 -1.40881 5.81673 43.4037
41.2188 5.61822 -0.802487 7.2212 42.5448
41.25 5.56581 -2.99655 8.46087 44.9864
41.2812 5.44764 -3.91126 10.2328 55.3665
41.3125 5.33194 -3.94869 10.9528 -7.49515
41.3438 5.17692 -5.86309 10.7523 3.54085
41.375 4.98844 -5.98589 10.9393 7.03447
41.4062 4.79625 -6.50711 11.4743 26.2892
41.4375 4.58311 -6.92791 12.1678 16.8695
41.4688 4.37277 -6.54015 12.8569 27.9418
41.5 4.16864 -6.58265 13.3625 -4.23692
41.5312 3.96196 -6.64849 12.7832 -22.9576
41.5625 3.74889 -7.01754 12.0439 -32.1151
41.5938 3.53194 -6.65833 10.4744 -63.3223
41.625 3.33515 -6.10176 8.64846 -49.6087
41.6562 3.13953 -6.41053 7.09201 -57.1939
41.6875 2.95143 -5.27852 5.00301 -70.7251
41.7188 2.81184 -4.01558 3.11658 -46.7749
41.75 2.67797 -4.53037 1.81424 -45.485
41.7812 2.55268 -3.18793 0.00484715 -65.2863
41.8125 2.46542 -2.88942 -1.59553 -29.716
41.8438 2.36179 -3.47259 -2.14283 -17.8894
41.875 2.26792 -2.50803 -3.09707 -37.8574
41.9062 2.18646 -3.03606 -3.93235 -11.1545
41.9375 2.08082 -3.33467 -3.86284 16.1171
41.9688 1.99559 -2.22833 -2.66384 59.9568
42 1.91797 -3.03479 -0.870537 40.034
42.0312 1.81196 -3.36602 -0.246605 10.9688
42.0625 1.72528 -2.20152 0.251085 16.6279
42.0938 1.65713 -2.43054 0.39622 -4.6491
42.125 1.57966 -2.10913 0.663808 29.2022
42.1562 1.53771 -0.811714 1.7489 25.132
42.1875 1.51058 -0.93794 2.03594 5.12038
42.2188 1.493 -0.0201162 2.69123 32.1294
42.25 1.50001 0.110686 3.13853 -11.6141
42.2812 1.48737 -0.83215 2.60025 -3.94324
42.3125 1.46126 -0.707795 3.29098 38.4262
42.3438 1.4405 -0.732063 4.24709 19.2011
42.375 1.41412 -0.878306 4.79409 20.0588
42.4062 1.38972 -0.703231 5.27879 4.38562
42.4375 1.36753 -0.682509 5.11535 -6.85557
42.4688 1.35321 -0.175681 5.13449 4.49263
42.5 1.35255 -0.0167374 5.09881 -5.48262
42.5312 1.3446 -0.509516 5.04169 -1.0301
42.5625 1.32786 -0.377186 4.32911 -52.2443
42.5938 1.32575 0.1114 2.33996 -56.5924
42.625 1.3197 -0.637012 1.21908 -24.0266
42.6562 1.29617 -0.526993 0.194885 -43.3857
42.6875 1.29417 0.175335 -1.26598 -48.7993
42.7188 1.28878 -0.61399 -2.95673 -57.5459
42.75 1.26593 -0.617148 -4.43687 -32.929
42.7812 1.25485 -0.159279 -5.29972 -29.3215
42.8125 1.25164 -0.0671276 -6.16528 -18.405
42.8438 1.25127 0.0559519 -6.42256 -6.61876
42.875 1.25516 0.197925 -6.85984 -14.6939
42.9062 1.26598 0.545275 -6.80491 16.7477
42.9375 1.28891 0.848838 -6.43412 2.91419
42.9688 1.31486 0.802429 -5.90821 45.8145
43 1.34138 0.948002 -3.75183 73.0849
43.0312 1.37711 1.36338 -2.20052 25.543
43.0625 1.42415 1.55782 -1.95036 -9.0704
43.0938 1.47196 1.54412 -2.57744 -19.9684
43.125 1.52219 1.60302 -2.49011 26.9807
43.1562 1.56721 1.30473 -1.37197 38.2478
43.1875 1.61002 1.47409 -0.0340289 48.146
43.2188 1.65356 1.17156 1.16535 19.2289
43.25 1.68094 0.675396 1.26552 -2.61372
43.2812 1.70401 0.874899 1.25277 -2.8366
43.3125 1.73266 0.822124 1.10436 3.8895
43.3438 1.74801 0.149133 1.97935 46.7756
43.375 1.752 0.358752 3.31014 33.1759
43.4062 1.77604 1.02634 4.27142 31.4446
43.4375 1.80518 0.846588 5.00006 9.09742
43.4688 1.83787 1.29199 5.06547 6.68406
43.5 1.87404 0.771978 5.6797 23.7471
43.5312 1.88684 0.326419 5.88671 -11.9678
43.5625 1.90939 1.10701 5.2905 -23.7278
43.5938 1.93992 0.578467 4.11782 -53.6539
43.625 1.9519 0.635573 2.50442 -35.9724
43.6562 1.99884 2.25357 1.92633 -14.5114
43.6875 2.06837 1.89859 0.944637 -44.4321
43.7188 2.12416 2.03859 -0.139367 -21.0179
43.75 2.20628 3.04263 -0.987354 -44.4378
43.7812 2.2974 2.68371 -2.55773 -37.1105
43.8125 2.38279 2.9938 -2.74389 14.8248
43.8438 2.48507 3.34441 -2.64232 -13.0218
43.875 2.58103 2.82949 -2.832 15.184
43.9062 2.67478 3.38003 -1.69939 45.9961
43.9375 2.79372 4.07702 -0.316656 47.4903
43.9688 2.91898 3.87456 1.60808 72.399
44 3.04048 4.02403 3.61938 49.9535
44.0312 3.17341 4.47493 4.79735 28.1962
44.0625 3.32124 4.99589 5.28662 1.68242
44.0938 3.48048 5.08197 5.36564 17.1768
44.125 3.64052 5.31664 6.70174 59.4369
44.1562 3.81895 6.06072 8.25217 34.3368
44.1875 4.01011 6.01955 9.18177 32.5686
44.2188 4.19487 5.96337 10.3355 38.146
44.25 4.39066 6.50002 11.402 25.9888
44.2812 4.58778 5.98491 11.7008 -4.69769
44.3125 4.77415 6.20133 11.6839 11.6078
44.3438 4.97227 6.1198 12.3773 28.4511
44.375 5.14451 5.08507 13.5462 49.0378
44.4062 5.30422 5.06478 14.8856 19.6991
44.4375 5.44281 3.65659 14.4936 -34.3907
44.4688 5.54662 3.32621 13.273 -40.6499
44.5 5.64902 2.83657 12.2725 -19.5609
44.5312 5.70969 1.28025 11.5668 -39.015
44.5625 5.75365 1.59285 9.73666 -67.8781
44.5938 5.78624 0.168376 7.87088 -47.9155
44.625 5.77577 -0.367684 6.61915 -41.515
44.6562 5.77446 0.0942948 4.7583 -73.4
44.6875 5.76915 -0.425727 2.89113 -39.6582
44.7188 5.75902 -0.0553442 1.68907 -46.4364
44.75 5.76492 0.323688 0.377916 -27.3211
44.7812 5.78067 0.823496 -0.171746 -15.9869
44.8125 5.81419 1.00202 -0.363861 16.5052
44.8438 5.82698 -0.0174303 0.792327 39.6244
44.875 5.83905 0.873097 1.48637 11.6893
44.9062 5.85343 -0.335659 1.87596 7.70694
44.9375 5.83301 -0.568597 1.7176 -10.3214
44.9688 5.80842 -1.43635 1.73538 8.06165
45 5.75111 -1.69009 1.75261 -4.50486
45.0312 5.70273 -1.99992 2.19979 40.5579
45.0625 5.61293 -3.21258 3.9703 62.9523
45.0938 5.5353 -1.85084 5.58054 32.8223
45.125 5.46208 -3.25494 6.20309 19.1749
45.1562 5.34053 -4.07715 7.06554 30.8275
45.1875 5.22132 -3.71069 8.0913 39.4193
45.2188 5.08513 -5.32825 9.28568 26.6351
45.25 4.89373 -6.40241 9.84236 23.0636
45.2812 4.71031 -5.50326 10.9009 27.9503
45.3125 4.51549 -7.25448 10.8604 -19.3889
45.3438 4.28081 -7.13233 10.8434 20.0947
45.375 4.07679 -6.3595 11.0859 -19.7137
45.4062 3.86012 -7.44929 9.74961 -53.4482
45.4375 3.63297 -6.87865 8.20995 -44.533
45.4688 3.41672 -7.31135 6.87734 -41.7956
45.5 3.17937 -7.47166 5.60072 -37.8879
45.5312 2.96318 -6.55517 4.69684 -20.3762
45.5625 2.75045 -7.11668 3.8219 -47.0043
45.5938 2.53656 -6.22993 1.71064 -73.948
45.625 2.36242 -5.18154 0.196502 -18.6639
45.6562 2.19776 -5.38663 -0.0503158 -10.2195
45.6875 2.03643 -4.73935 -0.737429 -31.0035
45.7188 1.9011 -4.12577 -1.76106 -30.4791
45.75 1.77069 -4.09406 -2.16757 12.9589
45.7812 1.66093 -2.85843 -1.06874 41.9643
45.8125 1.57372 -3.09919 -0.572938 -14.685
45.8438 1.47086 -3.01891 -1.2947 -16.0707
45.875 1.40492 -1.33072 -1.38174 1.8962
45.9062 1.36157 -1.77794 -1.51644 -6.46613
45.9375 1.2977 -1.98785 -1.4163 12.3807
45.9688 1.24831 -1.27491 -1.06035 9.42257
46 1.20322 -1.74807 -0.43415 36.2586
46.0312 1.14552 -1.7923 0.941588 41.0747
46.0625 1.08624 -2.21861 1.78671 16.4858
46.0938 1.00844 -2.40792 2.44231 30.6959
46.125 0.954123 -1.14337 3.55815 32.2413
46.1562 0.917284 -1.38868 4.12693 8.30285
46.1875 0.8787 -0.797335 4.67344 30.4152
46.2188 0.867131 -0.202237 5.36779 -1.78343
46.25 0.854612 -0.545449 4.61921 -25.5141
46.2812 0.843429 -0.131443 4.87099 37.7009
46.3125 0.834022 -0.716661 5.49639 -19.8226
46.3438 0.8018 -0.965656 3.93751 -53.4026
46.375 0.792565 0.270434 3.18425 -2.46316
46.4062 0.791372 -0.707117 2.69703 -34.8868
46.4375 0.759926 -0.702187 1.77031 -10.0565
46.4688 0.767725 0.934277 1.75685 -9.38389
46.5 0.784536 -0.190921 0.794781 -39.1505
46.5312 0.769225 -0.211864 0.172385 -1.68586
46.5625 0.792396 1.50275 -0.10394 -24.885
46.5938 0.830885 0.588677 -1.0783 -27.8024
46.625 0.839779 0.482381 -1.84392 -28.108
46.6562 0.876013 1.60477 -2.69368 -12.4871
46.6875 0.912138 0.489062 -2.22135 29.7156
46.7188 0.92528 0.82233 -2.15971 -34.4386
46.75 0.964131 1.23183 -3.40068 -20.6508
46.7812 0.985268 0.309622 -3.23418 13.6141
46.8125 1.00777 1.30934 -3.31922 -13.8092
46.8438 1.05371 1.29486 -3.39764 10.4171
46.875 1.08817 1.20055 -3.35948 -18.7924
46.9062 1.13834 1.85414 -4.24997 -20.6818
46.9375 1.19014 1.45165 -3.9846 33.1579
46.9688 1.24176 2.00002 -2.94089 25.0993
47 1.30753 1.97131 -2.363 16.5159
47.0312 1.36358 1.80712 -1.88033 11.8304
47.0625 1.42622 2.0624 -1.56153 14.1799
47.0938 1.48155 1.48459 -0.750708 35.0808
47.125 1.52806 1.56027 0.169705 18.6145
47.1562 1.57442 1.34703 0.666187 23.1982
47.1875 1.61396 1.17179 1.83287 43.6038
47.2188 1.64107 0.524933 2.7093 9.03705
47.25 1.65807 0.783287 2.90374 14.2414
47.2812 1.68452 0.587759 3.52323 12.9661
47.3125 1.68848 -0.0637903 3.33643 -16.019
47.3438 1.70202 1.03071 3.27908 12.7832
47.375 1.74113 1.2701 3.38182 -16.0223
47.4062 1.78688 1.93178 2.66901 -14.804
47.4375 1.86746 3.05107 2.70697 8.33815
47.4688 1.96611 3.24489 2.75041 -3.10914
47.5 2.07436 3.66358 2.80197 4.26058
47.5312 2.18804 3.54851 2.52639 -26.6168
47.5625 2.29997 3.70471 1.45926 -31.1014
47.5938 2.4186 3.78205 0.914614 -6.83797
47.625 2.53219 3.52675 0.594937 -18.595
47.6562 2.64605 3.8531 -0.123433 -20.1386
47.6875 2.77155 4.07182 -0.351335 4.13288
47.7188 2.89632 3.9215 -0.229742 -0.334771
47.75 3.01879 3.94508 -0.191875 7.94353
47.7812 3.14466 4.13374 0.132915 4.56967
47.8125 3.27642 4.269 -0.00392081 -3.48852
47.8438 3.41113 4.35316 0.540879 37.2044
47.875 3.54844 4.47977 1.57155 17.5321
47.9062 3.69476 4.83569 1.73158 3.1422
47.9375 3.8399 4.33848 2.17241 25.2725
47.9688 3.9715 4.22603 3.38872 56.9722
48 4.10212 4.01196 5.60739 71.0882
48.0312 4.22476 4.01223 6.90443 9.4121
48.0625 4.35422 4.08977 6.92393 6.0914
48.0938 4.47454 3.79586 7.5947 35.2663
48.125 4.60851 4.80202 8.96695 48.1184
48.1562 4.75637 4.42089 10.3807 45.2205
48.1875 4.89644 4.89833 12.0989 60.5473
48.2188 5.05753 4.93697 13.3879 16.6424
48.25 5.19209 3.96078 13.8318 25.3863
48.2812 5.32324 4.32858 14.7821 21.7214
48.3125 5.4433 3.26436 14.8557 -12.9126
48.3438 5.54237 3.33133 14.1939 -27.1515
48.375 5.64468 2.85882 13.4535 -17.2855
48.4062 5.71547 1.9752 12.7737 -33.2871
48.4375 5.78328 2.2559 11.7575 -17.2517
48.4688 5.84197 1.45914 11.6485 -8.50982
48.5 5.88508 1.46198 10.5126 -55.333
48.5312 5.93445 1.66027 9.03782 -38.7794
48.5625 5.98641 1.5341 7.68205 -44.0006
48.5938 6.01756 0.407296 6.80604 -16.5525
48.625 6.02953 0.725083 6.06657 -27.7069
48.6562 6.05979 0.773335 5.2581 -37.8683
48.6875 6.06344 -0.258428 3.36374 -61.1316
48.7188 6.07137 0.877464 2.26307 -27.4781
48.75 6.09676 0.345784 1.05495 -28.1671
48.7812 6.09367 -0.22226 1.14034 10.4346
48.8125 6.09275 -0.0371146 0.995816 1.63468
48.8438 6.07033 -1.53557 1.89087 31.687
48.875 6.00514 -2.49582 1.9745 -5.28976
48.9062 5.9146 -3.25165 2.77894 43.3843
48.9375 5.80636 -3.8467 3.3893 -2.39435
48.9688 5.65302 -5.96112 3.55132 18.6543
49 5.47357 -4.94891 4.47107 39.4044
49.0312 5.318 -5.94822 5.61401 23.4107
49.0625 5.09936 -7.02459 6.17035 28.8546
49.0938 4.92313 -4.65025 7.75223 62.7076
49.125 4.75136 -6.71471 9.61926 53.0576
49.1562 4.5469 -5.41988 10.4633 -6.82808
49.1875 4.40703 -4.53733 9.95536 -4.18102
49.2188 4.22716 -6.53807 10.1353 -4.71347
49.25 4.04559 -4.90341 9.2662 -36.4942
49.2812 3.88539 -5.89286 8.51955 -18.1045
49.3125 3.69383 -5.68974 7.39831 -54.9323
49.3438 3.53406 -5.11759 5.6655 -47.3705
49.375 3.35434 -5.97723 4.49738 -30.0922
49.4062 3.19972 -3.80141 3.64057 -27.5436
49.4375 3.07781 -4.73786 2.64149 -34.6603
49.4688 2.90997 -5.13963 1.80369 -15.7453
49.5 2.78971 -2.95465 1.42721 -14.4891
49.5312 2.6692 -5.2767 0.9661 -6.66983
49.5625 2.49054 -5.16992 1.29537 22.1783
49.5938 2.3615 -3.78145 1.73853 2.01204
49.625 2.21207 -5.75925 1.71521 2.22742
49.6562 2.0414 -4.57043 1.73348 -8.0748
49.6875 1.91559 -4.18535 1.17935 -19.3096
49.7188 1.76207 -5.2152 0.961953 3.8767
49.75 1.6243 -3.5246 0.958221 -8.72013
49.7812 1.51106 -4.23917 0.682591 -0.995268
49.8125 1.36796 -4.26188 0.922434 8.54749
49.8438 1.26473 -2.7131 0.895314 -7.35769
49.875 1.16455 -3.81057 0.699663 -7.39751
49.9062 1.05399 -2.7821 0.21972 -19.9879
49.9375 0.981297 -2.53525 -0.0579903 5.25865
49.9688 0.873084 -4.06354 0.201355 5.98604
