0 0 0 0 0
0.03125 0.000305176 0.0195312 1.08011e-37 1.20475e-34
0.0625 0.0012207 0.0390625 7.17941e-28 3.677e-25
0.09375 0.00274658 0.0585937 2.68461e-22 8.99114e-20
0.125 0.00488281 0.078125 2.08374e-18 5.14114e-16
0.15625 0.00762939 0.0976562 1.86516e-15 3.58228e-13
0.1875 0.0109863 0.117188 4.07265e-13 6.30975e-11
0.21875 0.0149536 0.136719 3.32699e-11 4.25935e-09
0.25 0.0195313 0.15625 1.27703e-09 1.35412e-07
0.28125 0.0247192 0.175781 2.6172e-08 2.30247e-06
0.3125 0.0305175 0.195308 3.2504e-07 2.39605e-05
0.34375 0.0369259 0.214827 2.65405e-06 0.000161095
0.375 0.0439447 0.234395 1.45122e-05 0.000700859
0.40625 0.0515776 0.254156 5.58005e-05 0.00214256
0.4375 0.0598304 0.273974 0.000163506 0.0049977
0.46875 0.0686915 0.292881 0.000379283 0.00890607
0.5 0.0781181 0.310236 0.000727607 0.0136484
0.53125 0.0880853 0.328027 0.00125919 0.0208419
0.5625 0.0986537 0.348892 0.00204855 0.0297879
0.59375 0.10991 0.371523 0.0031301 0.0397672
0.625 0.12187 0.394019 0.00456535 0.0525951
0.65625 0.134562 0.418892 0.00643789 0.067412
0.6875 0.148073 0.445608 0.00878681 0.0830857
0.71875 0.162361 0.467684 0.0116458 0.100212
0.75 0.177251 0.484991 0.0150724 0.119351
0.78125 0.192674 0.501978 0.0191015 0.138165
0.8125 0.208592 0.515843 0.0236948 0.156058
0.84375 0.224866 0.525418 0.0288937 0.177175
0.875 0.241442 0.535756 0.0347602 0.197711
0.90625 0.258347 0.545722 0.0412425 0.217847
0.9375 0.275524 0.553598 0.0484376 0.243128
0.96875 0.292973 0.56371 0.0564066 0.265924
1 0.31077 0.575147 0.065044 0.287645
1.03125 0.328911 0.586073 0.0744407 0.31394
1.0625 0.347435 0.600085 0.0846213 0.336694
1.09375 0.366436 0.615965 0.095474 0.35848
1.125 0.385933 0.632138 0.107059 0.382855
1.15625 0.405983 0.651652 0.119367 0.404375
1.1875 0.426678 0.672855 0.132333 0.425845
1.21875 0.44804 0.694706 0.146 0.448844
1.25 0.470134 0.719765 0.160374 0.470909
1.28125 0.493037 0.746002 0.175438 0.493484
1.3125 0.516766 0.773071 0.191242 0.518386
1.34375 0.541386 0.802979 0.207855 0.545111
1.375 0.566956 0.833439 0.225337 0.574373
1.40625 0.593485 0.864821 0.243792 0.606785
1.4375 0.621034 0.898536 0.263207 0.63438
1.46875 0.649644 0.932495 0.283395 0.658415
1.5 0.679329 0.967721 0.304502 0.695773
1.53125 0.710142 1.00429 0.327114 0.75511
1.5625 0.742083 1.03974 0.351872 0.830312
1.59375 0.775136 1.07606 0.37886 0.891494
1.625 0.809358 1.11438 0.407224 0.920039
1.65625 0.844794 1.15366 0.436374 0.948663
1.6875 0.881476 1.19409 0.466685 0.991682
1.71875 0.919413 1.23359 0.498233 1.02466
1.75 0.958563 1.27202 0.530661 1.0519
1.78125 0.998922 1.31089 0.564144 1.09423
1.8125 1.04047 1.34738 0.599192 1.14948
1.84375 1.08311 1.38214 0.635922 1.19931
1.875 1.12688 1.4198 0.674097 1.24522
1.90625 1.17188 1.46002 0.713927 1.30659
1.9375 1.21814 1.50062 0.755792 1.37153
1.96875 1.26566 1.54092 0.799629 1.43588
2 1.31444 1.58084 0.845695 1.5131
2.03125 1.36445 1.61961 0.893992 1.57197
2.0625 1.41562 1.65402 0.943691 1.60827
2.09375 1.46779 1.68442 0.994536 1.64331
2.125 1.52089 1.71367 1.04586 1.62929
2.15625 1.57486 1.73945 1.09577 1.56162
2.1875 1.62956 1.76181 1.14351 1.4932
2.21875 1.68498 1.7848 1.18876 1.39307
2.25 1.74111 1.80698 1.2301 1.25065
2.28125 1.79789 1.82718 1.26712 1.12299
2.3125 1.85531 1.84777 1.30031 0.997577
2.34375 1.91337 1.86752 1.32924 0.853035
2.375 1.972 1.88425 1.35375 0.719397
2.40625 2.0311 1.89803 1.37435 0.598976
2.4375 2.09059 1.90799 1.39103 0.464252
2.46875 2.15029 1.91212 1.40323 0.318006
2.5 2.21002 1.90925 1.41114 0.192359
2.53125 2.26955 1.89953 1.41534 0.0751653
2.5625 2.32866 1.8823 1.41576 -0.0469282
2.59375 2.3871 1.85596 1.4126 -0.15377
2.625 2.44458 1.82171 1.40603 -0.270607
2.65625 2.50089 1.78085 1.39574 -0.379676
2.6875 2.5558 1.73273 1.38311 -0.415866
2.71875 2.60913 1.67946 1.37012 -0.415925
2.75 2.66073 1.62224 1.35709 -0.415237
2.78125 2.71046 1.55941 1.34458 -0.376778
2.8125 2.75816 1.49353 1.33417 -0.277138
2.84375 2.8038 1.42736 1.32811 -0.0985032
2.875 2.84736 1.36041 1.32826 0.102806
2.90625 2.88883 1.29339 1.3341 0.268763
2.9375 2.9282 1.22649 1.34544 0.467577
2.96875 2.96548 1.15909 1.36369 0.699586
3 3.00063 1.09006 1.38887 0.906263
3.03125 3.03358 1.01809 1.41994 1.07272
3.0625 3.06424 0.943975 1.45507 1.16192
3.09375 3.09256 0.868887 1.49206 1.20513
3.125 3.11855 0.794606 1.53068 1.27267
3.15625 3.14223 0.72037 1.57208 1.38586
3.1875 3.16354 0.64298 1.61783 1.54781
3.21875 3.1824 0.563957 1.66872 1.70167
3.25 3.19877 0.482858 1.72367 1.81039
3.28125 3.21252 0.396226 1.78187 1.91612
3.3125 3.22349 0.306015 1.84336 2.01312
3.34375 3.23164 0.215111 1.90715 2.06201
3.375 3.23694 0.124235 1.97213 2.10395
3.40625 3.23941 0.0344561 2.03955 2.22645
3.4375 3.23912 -0.0520614 2.11169 2.38635
3.46875 3.23621 -0.133731 2.18828 2.51435
3.5 3.2308 -0.211706 2.26933 2.68329
3.53125 3.22301 -0.286915 2.35607 2.85753
3.5625 3.21291 -0.359011 2.44693 2.94147
3.59375 3.2006 -0.42839 2.53904 2.93931
3.625 3.18615 -0.496285 2.6296 2.83942
3.65625 3.16959 -0.562573 2.71545 2.63859
3.6875 3.15103 -0.624656 2.79356 2.34871
3.71875 3.1306 -0.682136 2.86209 2.04353
3.75 3.10844 -0.735121 2.92169 1.77127
3.78125 3.08474 -0.780435 2.97227 1.45363
3.8125 3.05975 -0.81778 3.01214 1.0995
3.84375 3.03369 -0.848519 3.04143 0.783666
3.875 3.0068 -0.871478 3.06148 0.502919
3.90625 2.97931 -0.886875 3.07296 0.231502
3.9375 2.95142 -0.897258 3.07596 -0.0371276
3.96875 2.92325 -0.905137 3.07092 -0.280344
4 2.89487 -0.91054 3.05854 -0.51565
4.03125 2.86637 -0.91358 3.03832 -0.784238
4.0625 2.83778 -0.916249 3.00916 -1.08997
4.09375 2.80912 -0.917326 2.96953 -1.45706
4.125 2.78046 -0.916684 2.91781 -1.84909
4.15625 2.75182 -0.917039 2.85447 -2.1982
4.1875 2.72316 -0.916558 2.78045 -2.5425
4.21875 2.69455 -0.914376 2.69546 -2.89369
4.25 2.66601 -0.9121 2.60009 -3.20044
4.28125 2.63757 -0.907003 2.49597 -3.45475
4.3125 2.60937 -0.896983 2.38471 -3.65621
4.34375 2.58155 -0.883561 2.26813 -3.79304
4.375 2.55416 -0.86905 2.14856 -3.84355
4.40625 2.52722 -0.85545 2.02866 -3.82409
4.4375 2.50069 -0.843124 1.90967 -3.78907
4.46875 2.4745 -0.83322 1.79221 -3.72053
4.5 2.44856 -0.827773 1.67747 -3.62206
4.53125 2.42272 -0.8263 1.56576 -3.52643
4.5625 2.39689 -0.827534 1.45725 -3.41672
4.59375 2.37097 -0.831934 1.352 -3.32611
4.625 2.34485 -0.840882 1.2492 -3.24963
4.65625 2.31836 -0.854703 1.14928 -3.14161
4.6875 2.29137 -0.873596 1.05264 -3.05034
4.71875 2.2637 -0.898499 0.958559 -2.96361
4.75 2.23516 -0.929327 0.868106 -2.81662
4.78125 2.20556 -0.96599 0.782482 -2.67306
4.8125 2.17474 -1.00672 0.700256 -2.59917
4.84375 2.14263 -1.04867 0.619939 -2.53417
4.875 2.10918 -1.0923 0.542595 -2.40328
4.90625 2.07436 -1.13556 0.470374 -2.21034
4.9375 2.03826 -1.17436 0.405077 -1.95627
4.96875 2.001 -1.20987 0.348768 -1.64323
5 1.96266 -1.24313 0.302112 -1.35217
5.03125 1.92335 -1.2719 0.263811 -1.1017
5.0625 1.88321 -1.29634 0.233156 -0.864372
5.09375 1.84234 -1.31911 0.209346 -0.666635
5.125 1.80079 -1.3396 0.191167 -0.502378
5.15625 1.75866 -1.35661 0.177296 -0.400226
5.1875 1.716 -1.37366 0.165398 -0.365508
5.21875 1.6728 -1.39083 0.15463 -0.319177
5.25 1.62912 -1.404 0.1454 -0.277196
5.28125 1.58508 -1.41475 0.137057 -0.254898
5.3125 1.54071 -1.4242 0.129908 -0.194675
5.34375 1.49611 -1.42897 0.125133 -0.111041
5.375 1.45144 -1.42999 0.122989 -0.022124
5.40625 1.40676 -1.42941 0.124271 0.113784
5.4375 1.36213 -1.42646 0.130409 0.276922
5.46875 1.31762 -1.42168 0.141114 0.399773
5.5 1.27329 -1.41511 0.155165 0.501233
5.53125 1.22921 -1.40515 0.172625 0.616255
5.5625 1.1855 -1.39174 0.193349 0.701106
5.59375 1.14225 -1.3766 0.215894 0.733959
5.625 1.09946 -1.36151 0.238658 0.710942
5.65625 1.05716 -1.34589 0.259442 0.605663
5.6875 1.01535 -1.33009 0.275949 0.446722
5.71875 0.973988 -1.3179 0.287257 0.275494
5.75 0.932953 -1.30834 0.293001 0.0889544
5.78125 0.89223 -1.2978 0.29268 -0.110221
5.8125 0.851831 -1.28803 0.286144 -0.306778
5.84375 0.811718 -1.27906 0.273595 -0.494981
5.875 0.771916 -1.26782 0.255318 -0.671619
5.90625 0.732494 -1.25511 0.232026 -0.80803
5.9375 0.693481 -1.24141 0.205762 -0.855861
5.96875 0.654924 -1.22602 0.179398 -0.82379
6 0.61686 -1.21011 0.154309 -0.78639
6.03125 0.579302 -1.19328 0.12995 -0.775503
6.0625 0.542295 -1.17513 0.105768 -0.773334
6.09375 0.505851 -1.15738 0.0814532 -0.785778
6.125 0.469962 -1.13921 0.0566448 -0.797971
6.15625 0.434679 -1.11842 0.0320311 -0.768869
6.1875 0.400082 -1.09561 0.00903825 -0.69742
6.21875 0.366212 -1.07189 -0.0113463 -0.605408
6.25 0.333108 -1.04639 -0.0287293 -0.505533
6.28125 0.300833 -1.01906 -0.0427464 -0.38732
6.3125 0.269415 -0.991787 -0.0527137 -0.24798
6.34375 0.238845 -0.964537 -0.0579672 -0.0794299
6.375 0.20914 -0.936614 -0.056913 0.157708
6.40625 0.18029 -0.910313 -0.0480057 0.404328
6.4375 0.152212 -0.887088 -0.03223 0.60183
6.46875 0.124824 -0.866066 -0.0101262 0.818482
6.5 0.0980579 -0.847485 0.0186973 1.01196
6.53125 0.0718212 -0.83222 0.0521213 1.11689
6.5625 0.046019 -0.819265 0.0882945 1.19575
6.59375 0.020629 -0.805246 0.126222 1.21389
6.625 -0.00428248 -0.788875 0.163062 1.13106
6.65625 -0.0286764 -0.772394 0.196328 0.987344
6.6875 -0.0525434 -0.754539 0.223807 0.753646
6.71875 -0.0757958 -0.733164 0.242657 0.448907
6.75 -0.0983539 -0.710399 0.252068 0.160032
6.78125 -0.120165 -0.684606 0.252939 -0.104314
6.8125 -0.141082 -0.653415 0.245247 -0.395427
6.84375 -0.160981 -0.619761 0.227956 -0.708934
6.875 -0.17977 -0.581544 0.201463 -0.976533
6.90625 -0.197253 -0.536624 0.167246 -1.2133
6.9375 -0.213301 -0.490603 0.125734 -1.43485
6.96875 -0.227907 -0.443678 0.0785945 -1.56251
7 -0.240992 -0.393349 0.0290299 -1.60043
7.03125 -0.252493 -0.343029 -0.0210794 -1.60268
7.0625 -0.262444 -0.293799 -0.0710468 -1.59733
7.09375 -0.270848 -0.243841 -0.1211 -1.60528
7.125 -0.277666 -0.192208 -0.170778 -1.5575
7.15625 -0.282849 -0.139455 -0.217532 -1.42787
7.1875 -0.28638 -0.0863415 -0.26009 -1.29961
7.21875 -0.288216 -0.030537 -0.298674 -1.1624
7.25 -0.288261 0.0277728 -0.332184 -0.975427
7.28125 -0.286481 0.0861352 -0.35937 -0.760403
7.3125 -0.282872 0.144927 -0.37935 -0.51175
7.34375 -0.277432 0.202868 -0.391023 -0.231177
7.375 -0.270213 0.259003 -0.393491 0.0790949
7.40625 -0.261249 0.314595 -0.385823 0.41219
7.4375 -0.250567 0.368663 -0.367794 0.742704
7.46875 -0.238228 0.420827 -0.339067 1.10258
7.5 -0.224272 0.47222 -0.298866 1.46105
7.53125 -0.208731 0.521983 -0.248719 1.73183
7.5625 -0.191673 0.569485 -0.191409 1.92708
7.59375 -0.173147 0.616059 -0.128836 2.06659
7.625 -0.15318 0.661562 -0.0631429 2.12032
7.65625 -0.131826 0.704665 0.00252486 2.06541
7.6875 -0.109154 0.746168 0.0652153 1.94057
7.71875 -0.0852058 0.786066 0.123464 1.77826
7.75 -0.0600736 0.821409 0.175515 1.53923
7.78125 -0.033928 0.851127 0.219224 1.25897
7.8125 -0.00690951 0.877776 0.254422 0.994941
7.84375 0.0209173 0.902799 0.281153 0.708483
7.875 0.0494881 0.925312 0.298319 0.386886
7.90625 0.0787374 0.946733 0.305318 0.0632817
7.9375 0.108673 0.969376 0.302587 -0.229772
7.96875 0.139328 0.99247 0.291678 -0.454285
8 0.170705 1.01584 0.2751 -0.594075
8.03125 0.202827 1.03996 0.254992 -0.692571
8.0625 0.2357 1.0639 0.231567 -0.810477
8.09375 0.269332 1.08889 0.204439 -0.918961
8.125 0.303775 1.11559 0.174461 -1.0003
8.15625 0.339054 1.14226 0.141593 -1.10639
8.1875 0.37517 1.16927 0.105856 -1.15985
8.21875 0.412138 1.1966 0.0704949 -1.08959
8.25 0.449945 1.22279 0.0377329 -1.01608
8.28125 0.488542 1.24701 0.00675713 -0.959558
8.3125 0.527844 1.26766 -0.0214214 -0.832236
8.34375 0.567741 1.28549 -0.0450155 -0.678987
8.375 0.608168 1.30121 -0.0637015 -0.507546
8.40625 0.649007 1.31148 -0.0759948 -0.270824
8.4375 0.690098 1.3183 -0.0805545 -0.0240726
8.46875 0.731414 1.32599 -0.0775086 0.223933
8.5 0.772955 1.33222 -0.0661548 0.506338
8.53125 0.814667 1.33756 -0.0460181 0.774822
8.5625 0.85658 1.34522 -0.0182768 0.993162
8.59375 0.898739 1.35266 0.0158014 1.1872
8.625 0.941111 1.35921 0.0559045 1.37557
8.65625 0.983703 1.36676 0.101022 1.49216
8.6875 1.02652 1.3734 0.147883 1.49172
8.71875 1.06952 1.37863 0.193805 1.44466
8.75 1.11269 1.38365 0.237847 1.3644
8.78125 1.15599 1.38744 0.278451 1.2275
8.8125 1.19938 1.38964 0.314391 1.07064
8.84375 1.24283 1.39078 0.345015 0.880692
8.875 1.2863 1.39076 0.369039 0.656148
8.90625 1.32976 1.39105 0.38632 0.456546
8.9375 1.37326 1.39317 0.397825 0.281068
8.96875 1.41683 1.39548 0.40406 0.12524
9 1.46046 1.39618 0.406398 0.0379525
9.03125 1.50408 1.39591 0.407038 0.00691297
9.0625 1.54769 1.39479 0.406725 -0.0330343
9.09375 1.59123 1.39102 0.404458 -0.120644
9.125 1.6346 1.38426 0.398824 -0.241923
9.15625 1.67774 1.37725 0.389328 -0.366133
9.1875 1.72068 1.37074 0.375988 -0.481778
9.21875 1.7634 1.36318 0.360116 -0.51434
9.25 1.80588 1.35568 0.344744 -0.464886
9.28125 1.84814 1.34831 0.331016 -0.412229
9.3125 1.89013 1.33934 0.319518 -0.311393
9.34375 1.93184 1.32942 0.312088 -0.160003
9.375 1.9732 1.3174 0.309864 0.0283947
9.40625 2.01414 1.30219 0.314813 0.304751
9.4375 2.05457 1.2852 0.32977 0.662589
9.46875 2.09443 1.26492 0.356581 1.05482
9.5 2.13359 1.24056 0.395788 1.46016
9.53125 2.17193 1.21283 0.448548 1.92828
9.5625 2.20935 1.18114 0.51637 2.39924
9.59375 2.24572 1.14615 0.597227 2.75688
9.625 2.28093 1.1063 0.688067 3.05356
9.65625 2.31481 1.0615 0.78765 3.30469
9.6875 2.34727 1.01597 0.893316 3.43851
9.71875 2.37831 0.970557 1.00193 3.51174
9.75 2.40794 0.92655 1.11271 3.57052
9.78125 2.43627 0.887249 1.22432 3.56241
9.8125 2.46345 0.853835 1.33541 3.55826
9.84375 2.4897 0.826676 1.44751 3.62429
9.875 2.51517 0.804449 1.56189 3.6889
9.90625 2.54002 0.786258 1.67752 3.70422
9.9375 2.56436 0.772072 1.79324 3.70327
9.96875 2.58828 0.759295 1.90913 3.71415
10 2.61182 0.746922 2.02525 3.71622
10.0312 2.63498 0.735588 2.14149 3.72508
10.0625 2.65777 0.722732 2.25777 3.70467
10.0938 2.68013 0.708431 2.37212 3.60096
10.125 2.70208 0.696951 2.48223 3.43681
10.1562 2.72372 0.688253 2.58633 3.21833
10.1875 2.74511 0.680973 2.68323 2.98612
10.2188 2.76632 0.677271 2.77329 2.78213
10.25 2.78748 0.677035 2.8571 2.57581
10.2812 2.80865 0.678557 2.93357 2.30474
10.3125 2.82991 0.682067 3.00058 1.98072
10.3438 2.8513 0.687347 3.05723 1.6403
10.375 2.87289 0.694874 3.10278 1.2745
10.4062 2.89477 0.705908 3.13739 0.953345
10.4375 2.91704 0.719661 3.16295 0.684916
10.4688 2.93975 0.733988 3.18015 0.416433
10.5 2.9629 0.747561 3.18908 0.155048
10.5312 2.98646 0.759745 3.18953 -0.135285
10.5625 3.01033 0.766672 3.1802 -0.463346
10.5938 3.03429 0.765269 3.16078 -0.774237
10.625 3.0581 0.757295 3.13175 -1.09543
10.6562 3.08153 0.740565 3.09115 -1.51888
10.6875 3.10426 0.712451 3.03671 -1.95527
10.7188 3.12596 0.675122 2.96936 -2.35884
10.75 3.14635 0.62784 2.88883 -2.79393
10.7812 3.1651 0.570187 2.79566 -3.14998
10.8125 3.18189 0.503045 2.69255 -3.45072
10.8438 3.19643 0.425461 2.57987 -3.75534
10.875 3.2084 0.339522 2.45877 -3.97268
10.9062 3.21758 0.247213 2.33312 -4.04482
10.9375 3.22379 0.149268 2.20703 -4.01633
10.9688 3.22688 0.0485948 2.08267 -3.92423
11 3.22679 -0.0551478 1.96354 -3.67137
11.0312 3.2234 -0.161867 1.85422 -3.32014
11.0625 3.21668 -0.268193 1.75631 -2.93923
11.0938 3.20662 -0.37623 1.67067 -2.5514
11.125 3.19315 -0.485238 1.59554 -2.281
11.1562 3.17634 -0.589813 1.52717 -2.0973
11.1875 3.15634 -0.6897 1.46491 -1.87571
11.2188 3.1333 -0.783781 1.41038 -1.61333
11.25 3.10744 -0.869617 1.36388 -1.36866
11.2812 3.07904 -0.946271 1.32433 -1.17233
11.3125 3.0484 -1.01364 1.2902 -1.00988
11.3438 3.01577 -1.07273 1.26194 -0.784052
11.375 2.98143 -1.12422 1.24173 -0.507537
11.4062 2.94556 -1.17124 1.23027 -0.222196
11.4375 2.90824 -1.21704 1.22815 0.0883681
11.4688 2.8695 -1.26208 1.23556 0.376696
11.5 2.82935 -1.30771 1.25094 0.595616
11.5312 2.78775 -1.35552 1.27234 0.774252
11.5625 2.74461 -1.40498 1.29963 0.975928
11.5938 2.69994 -1.4538 1.33313 1.15888
11.625 2.65377 -1.50111 1.37153 1.29291
11.6562 2.60612 -1.54811 1.41353 1.38314
11.6875 2.55702 -1.59437 1.45663 1.3478
11.7188 2.5065 -1.63855 1.49618 1.16476
11.75 2.45464 -1.6802 1.52872 0.909399
11.7812 2.4015 -1.72004 1.55236 0.589754
11.8125 2.34717 -1.75654 1.56468 0.186181
11.8438 2.29179 -1.78645 1.56342 -0.274037
11.875 2.23557 -1.81089 1.54721 -0.765648
11.9062 2.17867 -1.8298 1.5157 -1.24479
11.9375 2.12129 -1.84107 1.46992 -1.67489
11.9688 2.06366 -1.8467 1.41197 -2.01404
12 2.00593 -1.8468 1.34526 -2.24016
12.0312 1.94829 -1.84188 1.27252 -2.40825
12.0625 1.89083 -1.83551 1.19541 -2.51234
12.0938 1.8336 -1.82618 1.11626 -2.54784
12.125 1.77673 -1.813 1.03628 -2.56763
12.1562 1.72029 -1.79923 0.95644 -2.52489
12.1875 1.6643 -1.78362 0.879556 -2.38154
12.2188 1.60884 -1.76532 0.808304 -2.16764
12.25 1.55396 -1.74731 0.744762 -1.89116
12.2812 1.49964 -1.72923 0.690087 -1.6171
12.3125 1.44589 -1.71052 0.642914 -1.41196
12.3438 1.39272 -1.69274 0.601765 -1.2133
12.375 1.3401 -1.67446 0.567954 -0.935458
12.4062 1.2881 -1.65314 0.543959 -0.595865
12.4375 1.2368 -1.62951 0.530678 -0.257229
12.4688 1.18626 -1.60477 0.527657 0.059183
12.5 1.13654 -1.57669 0.533875 0.327244
12.5312 1.08777 -1.54409 0.547387 0.52897
12.5625 1.04006 -1.50942 0.566643 0.699581
12.5938 0.993457 -1.47217 0.59056 0.815687
12.625 0.948083 -1.43139 0.616455 0.823705
12.6562 0.904001 -1.38992 0.641148 0.744442
12.6875 0.861217 -1.34802 0.662059 0.57468
12.7188 0.819764 -1.30491 0.675734 0.28126
12.75 0.779654 -1.26234 0.678899 -0.0822832
12.7812 0.740863 -1.2202 0.670629 -0.446497
12.8125 0.703409 -1.17641 0.650825 -0.825233
12.8438 0.667368 -1.12969 0.618996 -1.20804
12.875 0.632822 -1.08118 0.575616 -1.56632
12.9062 0.599796 -1.0324 0.521059 -1.92401
12.9375 0.568316 -0.981944 0.455972 -2.22384
12.9688 0.538436 -0.930553 0.383221 -2.41751
13 0.510123 -0.882152 0.30568 -2.52929
13.0312 0.483274 -0.836321 0.226508 -2.51326
13.0625 0.457848 -0.791138 0.149795 -2.38479
13.0938 0.433794 -0.749138 0.0778871 -2.2128
13.125 0.410979 -0.711624 0.0116038 -2.03126
13.1562 0.389293 -0.676528 -0.0491627 -1.85329
13.1875 0.368677 -0.643269 -0.10336 -1.59653
13.2188 0.349065 -0.612233 -0.148116 -1.26291
13.25 0.330388 -0.583498 -0.182118 -0.906997
13.2812 0.31257 -0.557292 -0.204262 -0.505943
13.3125 0.295531 -0.533685 -0.214195 -0.145897
13.3438 0.279184 -0.512984 -0.214221 0.139251
13.375 0.26344 -0.495064 -0.20534 0.434474
13.4062 0.248217 -0.479664 -0.186788 0.756905
13.4375 0.233442 -0.466077 -0.15779 1.10059
13.4688 0.219089 -0.452366 -0.118251 1.42054
13.5 0.205168 -0.438751 -0.0697125 1.67426
13.5312 0.191652 -0.426504 -0.0144631 1.84459
13.5625 0.178507 -0.414777 0.0444342 1.90966
13.5938 0.165723 -0.403549 0.10437 1.92292
13.625 0.153279 -0.392816 0.164299 1.90177
13.6562 0.141179 -0.381511 0.222161 1.78034
13.6875 0.129434 -0.370228 0.27429 1.53849
13.7188 0.118041 -0.358779 0.31749 1.2161
13.75 0.107028 -0.345736 0.349609 0.826094
13.7812 0.096448 -0.331191 0.368336 0.365688
13.8125 0.08634 -0.315549 0.372605 -0.0849053
13.8438 0.0767384 -0.2987 0.363225 -0.51964
13.875 0.0676921 -0.279888 0.33986 -0.97198
13.9062 0.0592627 -0.259504 0.303365 -1.34614
13.9375 0.0514692 -0.239375 0.25626 -1.66995
13.9688 0.0442998 -0.219521 0.199031 -1.98063
14 0.0377294 -0.201603 0.134057 -2.14682
14.0312 0.0316587 -0.187322 0.0663407 -2.17286
14.0625 0.026021 -0.17334 -0.00113132 -2.13486
14.0938 0.0208154 -0.16038 -0.0662431 -2.01749
14.125 0.0159614 -0.150425 -0.126454 -1.82796
14.1562 0.0114449 -0.137785 -0.180307 -1.61951
14.1875 0.0073807 -0.122413 -0.227634 -1.40323
14.2188 0.00377234 -0.108664 -0.267186 -1.11151
14.25 0.000615016 -0.0926123 -0.296348 -0.749923
14.2812 -0.0019766 -0.0730048 -0.313999 -0.378698
14.3125 -0.00394738 -0.0531112 -0.319852 0.00506503
14.3438 -0.00528674 -0.0324544 -0.314056 0.35296
14.375 -0.00597832 -0.0119968 -0.298632 0.625897
14.4062 -0.00604104 0.0081323 -0.274905 0.89999
14.4375 -0.00545851 0.0291348 -0.24192 1.21424
14.4688 -0.0042379 0.0486556 -0.199181 1.5148
14.5 -0.00241591 0.0683801 -0.147573 1.78467
14.5312 6.5748e-05 0.0906783 -0.0880316 2.012
14.5625 0.00324745 0.112832 -0.0232699 2.10556
14.5938 0.00712694 0.135819 0.0423048 2.08188
14.625 0.0117483 0.159769 0.106641 2.0312
14.6562 0.0170886 0.181765 0.168555 1.91516
14.6875 0.02312 0.204736 0.225371 1.70769
14.7188 0.0299062 0.229586 0.274404 1.41351
14.75 0.037459 0.253748 0.312591 1.01462
14.7812 0.0457819 0.279362 0.337148 0.551065
14.8125 0.0549369 0.306599 0.346869 0.0718203
14.8438 0.064944 0.333986 0.341902 -0.383517
14.875 0.0758283 0.362861 0.323166 -0.814319
14.9062 0.0876234 0.391822 0.291104 -1.23201
14.9375 0.100308 0.420028 0.246882 -1.58337
14.9688 0.113885 0.44905 0.192968 -1.85666
15 0.128369 0.477672 0.131506 -2.06315
15.0312 0.143726 0.505036 0.0651967 -2.15783
15.0625 0.159921 0.531146 -0.00188915 -2.11402
15.0938 0.176904 0.555535 -0.0658759 -1.96956
15.125 0.194638 0.579488 -0.124462 -1.77235
15.1562 0.213117 0.60291 -0.176151 -1.52895
15.1875 0.232309 0.625335 -0.219802 -1.26356
15.2188 0.252202 0.647833 -0.254893 -0.97339
15.25 0.272783 0.668923 -0.279884 -0.615015
15.2812 0.293985 0.68772 -0.292959 -0.21999
15.3125 0.315745 0.704341 -0.293555 0.183346
15.3438 0.337958 0.716494 -0.281547 0.580674
15.375 0.360494 0.725638 -0.257717 0.936092
15.4062 0.383306 0.734042 -0.223602 1.23719
15.4375 0.406329 0.738573 -0.18092 1.49229
15.4688 0.429434 0.740136 -0.129846 1.7901
15.5 0.452611 0.743636 -0.0686519 2.11835
15.5312 0.475925 0.748497 0.00143389 2.34921
15.5625 0.499393 0.75368 0.0775956 2.5206
15.5938 0.523064 0.76197 0.158155 2.60942
15.625 0.547061 0.774427 0.23888 2.53671
15.6562 0.571489 0.789156 0.316417 2.4304
15.6875 0.596391 0.804699 0.390629 2.30348
15.7188 0.621796 0.821563 0.458921 2.04506
15.75 0.647755 0.840024 0.517614 1.70478
15.7812 0.674309 0.85969 0.564953 1.31138
15.8125 0.701512 0.881732 0.598633 0.834019
15.8438 0.72944 0.905862 0.617184 0.365819
15.875 0.75813 0.930379 0.622442 -0.0181339
15.9062 0.787607 0.956527 0.616312 -0.373716
15.9375 0.817931 0.984257 0.599336 -0.702518
15.9688 0.849118 1.01166 0.57332 -0.946828
16 0.881166 1.03964 0.541023 -1.1076
16.0312 0.914105 1.06856 0.504976 -1.18218
16.0625 0.947958 1.0982 0.468428 -1.13394
16.0938 0.98276 1.12933 0.435452 -0.959395
16.125 1.01854 1.16069 0.409156 -0.716609
16.1562 1.05531 1.19242 0.391178 -0.422756
16.1875 1.09309 1.22601 0.383321 -0.0780827
16.2188 1.13194 1.26045 0.385861 0.230902
16.25 1.17188 1.2962 0.397774 0.545209
16.2812 1.21297 1.33345 0.421058 0.956734
16.3125 1.25522 1.37039 0.45752 1.3684
16.3438 1.29863 1.40809 0.50629 1.75447
16.375 1.34323 1.44625 0.567239 2.14048
16.4062 1.389 1.48311 0.639247 2.45338
16.4375 1.43594 1.52125 0.720066 2.71792
16.4688 1.4841 1.56147 0.809199 2.98781
16.5 1.53353 1.60187 0.906879 3.26511
16.5312 1.58423 1.64312 1.01315 3.52761
16.5625 1.63623 1.68446 1.12629 3.69156
16.5938 1.6895 1.72472 1.24254 3.72758
16.625 1.74401 1.76391 1.35774 3.61565
16.6562 1.7997 1.79947 1.46676 3.34123
16.6875 1.85642 1.82975 1.56591 2.99847
16.7188 1.91402 1.85593 1.65343 2.58195
16.75 1.97237 1.8777 1.72571 2.02228
16.7812 2.03131 1.89347 1.779 1.38043
16.8125 2.09066 1.90396 1.81134 0.674171
16.8438 2.15028 1.9115 1.82031 -0.103091
16.875 2.21009 1.91492 1.80591 -0.786264
16.9062 2.26988 1.91057 1.77325 -1.28027
16.9375 2.3294 1.89749 1.72645 -1.71427
16.9688 2.38839 1.87589 1.66651 -2.105
17 2.44654 1.84407 1.59634 -2.36243
17.0312 2.50353 1.8013 1.52004 -2.50433
17.0625 2.55903 1.75003 1.44091 -2.54041
17.0938 2.61283 1.69134 1.36265 -2.4439
17.125 2.66467 1.6256 1.28968 -2.205
17.1562 2.71439 1.55588 1.22583 -1.87027
17.1875 2.76188 1.48349 1.17347 -1.46927
17.2188 2.80708 1.40864 1.13449 -1.02307
17.25 2.84992 1.33387 1.10967 -0.55567
17.2812 2.89046 1.26086 1.10089 0.0112777
17.3125 2.92875 1.19006 1.11065 0.607098
17.3438 2.96486 1.12137 1.13862 1.1855
17.375 2.99886 1.05493 1.18462 1.74354
17.4062 3.03083 0.991564 1.24626 2.18657
17.4375 3.06085 0.929665 1.32122 2.61792
17.4688 3.08894 0.868095 1.4099 3.04819
17.5 3.11511 0.806726 1.51097 3.40838
17.5312 3.13934 0.743427 1.62212 3.69054
17.5625 3.16154 0.67736 1.74063 3.87569
17.5938 3.18163 0.607461 1.86284 3.91623
17.625 3.19947 0.533518 1.98368 3.79703
17.6562 3.21494 0.456315 2.09934 3.59547
17.6875 3.22795 0.375888 2.20779 3.33786
17.7188 3.23842 0.293686 2.30765 3.04968
17.75 3.24628 0.208946 2.39826 2.74806
17.7812 3.25146 0.122765 2.47913 2.4175
17.8125 3.25396 0.0368818 2.54833 1.99325
17.8438 3.25375 -0.0502897 2.603 1.50175
17.875 3.25082 -0.137377 2.6422 1.01151
17.9062 3.24518 -0.223081 2.66698 0.592431
17.9375 3.2369 -0.305758 2.68017 0.257899
17.9688 3.22613 -0.383131 2.68313 -0.0666476
18 3.21301 -0.45537 2.6765 -0.346723
18.0312 3.19774 -0.520826 2.66211 -0.561664
18.0625 3.18054 -0.578912 2.64264 -0.659266
18.0938 3.16161 -0.631557 2.62205 -0.652645
18.125 3.14109 -0.681337 2.60166 -0.654798
18.1562 3.11904 -0.730161 2.58151 -0.624143
18.1875 3.09549 -0.77591 2.56282 -0.581069
18.2188 3.07057 -0.81872 2.5446 -0.582881
18.25 3.04434 -0.859889 2.52758 -0.47942
18.2812 3.01688 -0.896121 2.51568 -0.279838
18.3125 2.98838 -0.927225 2.51009 -0.0685403
18.3438 2.95897 -0.954253 2.51263 0.248578
18.375 2.92879 -0.976728 2.52549 0.553423
18.4062 2.89794 -0.997362 2.54578 0.732711
18.4375 2.86648 -1.01557 2.57138 0.913905
18.4688 2.83451 -1.03077 2.603 1.10197
18.5 2.80205 -1.04644 2.63931 1.20146
18.5312 2.76913 -1.05954 2.67662 1.16013
18.5625 2.73587 -1.06935 2.71002 0.94667
18.5938 2.70228 -1.0799 2.73381 0.546255
18.625 2.66842 -1.0859 2.74275 0.0109468
18.6562 2.63448 -1.08603 2.73382 -0.592939
18.6875 2.60056 -1.0844 2.70516 -1.24413
18.7188 2.56677 -1.07685 2.65631 -1.87749
18.75 2.53332 -1.06357 2.58742 -2.54914
18.7812 2.50031 -1.04803 2.496 -3.30384
18.8125 2.46786 -1.02858 2.38197 -3.96614
18.8438 2.43605 -1.00702 2.2496 -4.48974
18.875 2.40493 -0.984697 2.10227 -4.91961
18.9062 2.37452 -0.961656 1.94386 -5.18823
18.9375 2.34479 -0.941731 1.77941 -5.32667
18.9688 2.31561 -0.925945 1.61109 -5.44189
19 2.28687 -0.914369 1.44012 -5.4792
19.0312 2.2584 -0.909435 1.26976 -5.41379
19.0625 2.22996 -0.911223 1.1022 -5.29783
19.0938 2.20138 -0.918976 0.93997 -5.06019
19.125 2.17247 -0.932521 0.787024 -4.7217
19.1562 2.14306 -0.950156 0.644957 -4.36844
19.1875 2.11305 -0.970879 0.51441 -3.97641
19.2188 2.08234 -0.995049 0.397116 -3.51973
19.25 2.05084 -1.0211 0.295036 -3.00449
19.2812 2.01852 -1.04776 0.209931 -2.4308
19.3125 1.98533 -1.07643 0.143882 -1.78629
19.3438 1.95121 -1.10799 0.0984649 -1.12584
19.375 1.91606 -1.14183 0.0727865 -0.533588
19.4062 1.87985 -1.17555 0.0640067 -0.0452193
19.4375 1.8426 -1.20792 0.0692867 0.380278
19.4688 1.80435 -1.24027 0.0877979 0.801586
19.5 1.76512 -1.26993 0.11868 1.15761
19.5312 1.72503 -1.29463 0.15912 1.416
19.5625 1.68423 -1.31645 0.206026 1.55944
19.5938 1.64278 -1.33598 0.254562 1.51484
19.625 1.60075 -1.3539 0.299137 1.31945
19.6562 1.55818 -1.37005 0.336037 1.02839
19.6875 1.51514 -1.38423 0.362912 0.691361
19.7188 1.47167 -1.39791 0.379485 0.371131
19.75 1.4278 -1.40898 0.385703 0.0131027
19.7812 1.38364 -1.41714 0.379527 -0.412928
19.8125 1.33924 -1.42405 0.360345 -0.798098
19.8438 1.29467 -1.42732 0.330877 -1.06807
19.875 1.25007 -1.42681 0.294834 -1.21719
19.9062 1.20553 -1.42339 0.256204 -1.23485
19.9375 1.16115 -1.41619 0.218451 -1.17777
19.9688 1.11705 -1.40562 0.182394 -1.13633
20 1.07333 -1.39177 0.14717 -1.11675
20.0312 1.03008 -1.37631 0.113127 -1.04849
20.0625 0.98732 -1.36012 0.0823252 -0.919179
20.0938 0.945111 -1.34062 0.0555088 -0.799378
20.125 0.903547 -1.31963 0.0328165 -0.637165
20.1562 0.862624 -1.29936 0.0163781 -0.417963
20.1875 0.822359 -1.2772 0.00564329 -0.288949
20.2188 0.782808 -1.25423 -0.00209963 -0.197976
20.25 0.743955 -1.23245 -0.00595397 -0.0423427
20.2812 0.705782 -1.21058 -0.00491895 0.102991
20.3125 0.668287 -1.1893 0.000578837 0.258377
20.3438 0.631444 -1.16857 0.0118452 0.466789
20.375 0.595257 -1.14737 0.0295162 0.655678
20.4062 0.55973 -1.1264 0.0523682 0.802313
20.4375 0.524863 -1.10489 0.0794215 0.92325
20.4688 0.490689 -1.08199 0.109465 0.987626
20.5 0.457269 -1.05615 0.140624 1.00498
20.5312 0.424724 -1.02633 0.172481 1.03564
20.5625 0.393127 -0.996015 0.204716 1.00302
20.5938 0.362478 -0.965068 0.233275 0.798019
20.625 0.33284 -0.931593 0.253674 0.503311
20.6562 0.304232 -0.899941 0.264601 0.192008
20.6875 0.276562 -0.871193 0.265396 -0.141885
20.7188 0.249774 -0.843455 0.25614 -0.438028
20.75 0.223829 -0.817248 0.238861 -0.656373
20.7812 0.198696 -0.791208 0.215578 -0.830434
20.8125 0.174367 -0.766271 0.187071 -0.990559
20.8438 0.150778 -0.743566 0.154254 -1.09405
20.875 0.127897 -0.720896 0.119817 -1.09301
20.9062 0.105694 -0.700863 0.0868756 -1.0001
20.9375 0.0840507 -0.684636 0.0583413 -0.811282
20.9688 0.0628987 -0.669281 0.0365348 -0.589792
21 0.0421849 -0.657229 0.0207161 -0.435738
21.0312 0.0217825 -0.648792 0.00873956 -0.335865
21.0625 0.00162861 -0.641287 -0.00043645 -0.250785
21.0938 -0.0183282 -0.636494 -0.00663351 -0.138797
21.125 -0.0381673 -0.633084 -0.00891934 -0.0107083
21.1562 -0.0578808 -0.628413 -0.00763927 0.0902972
21.1875 -0.0774358 -0.622851 -0.0031431 0.198962
21.2188 -0.0967744 -0.614085 0.00435038 0.265186
21.25 -0.11578 -0.601927 0.0125479 0.253355
21.2812 -0.134374 -0.587538 0.0203354 0.250713
21.3125 -0.152443 -0.567809 0.0283986 0.266187
21.3438 -0.169809 -0.543058 0.0371895 0.303648
21.375 -0.186357 -0.515396 0.047787 0.375948
21.4062 -0.201966 -0.4825 0.06026 0.409122
21.4375 -0.216448 -0.443531 0.0725261 0.367059
21.4688 -0.229644 -0.40044 0.083105 0.313274
21.5 -0.241437 -0.353583 0.0920633 0.250464
21.5312 -0.251694 -0.302019 0.0977764 0.101694
21.5625 -0.260268 -0.246139 0.098307 -0.0604738
21.5938 -0.267044 -0.18696 0.094082 -0.222658
21.625 -0.271923 -0.124923 0.0829834 -0.508632
21.6562 -0.274841 -0.0618699 0.061794 -0.844289
21.6875 -0.275793 0.00100496 0.0305338 -1.1518
21.7188 -0.274764 0.065091 -0.00958955 -1.39746
21.75 -0.271716 0.129865 -0.0553604 -1.51224
21.7812 -0.266666 0.193108 -0.103522 -1.56863
21.8125 -0.25965 0.256115 -0.153278 -1.61002
21.8438 -0.250644 0.320336 -0.203585 -1.59871
21.875 -0.239642 0.383316 -0.252408 -1.51121
21.9062 -0.22672 0.443148 -0.297066 -1.33187
21.9375 -0.211983 0.499431 -0.334698 -1.05944
21.9688 -0.19554 0.552397 -0.362146 -0.682616
22 -0.177496 0.601598 -0.37719 -0.291682
22.0312 -0.157996 0.645667 -0.381579 -0.00704632
22.0625 -0.137166 0.68736 -0.377978 0.245243
22.0938 -0.11505 0.727467 -0.365483 0.562911
22.125 -0.0917413 0.763845 -0.342838 0.880152
22.1562 -0.067314 0.799648 -0.310608 1.18692
22.1875 -0.0417701 0.834693 -0.26845 1.50538
22.2188 -0.0151757 0.867195 -0.217628 1.72452
22.25 0.0124428 0.900656 -0.161545 1.86315
22.2812 0.0411077 0.933409 -0.100918 2.0193
22.3125 0.0707552 0.96395 -0.0356033 2.15242
22.3438 0.101363 0.994993 0.0331341 2.24125
22.375 0.132922 1.02425 0.10419 2.30189
22.4062 0.165366 1.0524 0.176663 2.3281
22.4375 0.198717 1.08212 0.248789 2.2673
22.4688 0.232983 1.11065 0.317053 2.08508
22.5 0.268136 1.13954 0.378453 1.83673
22.5312 0.30423 1.17057 0.431236 1.53008
22.5625 0.341284 1.20067 0.473536 1.17129
22.5938 0.379272 1.23073 0.503936 0.760422
22.625 0.418203 1.26052 0.519991 0.252944
22.6562 0.458035 1.28859 0.519389 -0.290953
22.6875 0.498738 1.31622 0.50179 -0.837804
22.7188 0.540259 1.34017 0.467103 -1.37297
22.75 0.582445 1.35924 0.41699 -1.81545
22.7812 0.625196 1.37655 0.354821 -2.14173
22.8125 0.668441 1.39028 0.284771 -2.31532
22.8438 0.712044 1.39986 0.211017 -2.40469
22.875 0.755906 1.40677 0.13436 -2.49213
22.9062 0.799927 1.40994 0.0570186 -2.41798
22.9375 0.843998 1.41024 -0.0146747 -2.15006
22.9688 0.888039 1.4078 -0.0766579 -1.80809
23 0.931948 1.40188 -0.127069 -1.41024
23.0312 0.975639 1.39423 -0.164668 -0.999485
23.0625 1.01909 1.38655 -0.189854 -0.616922
23.0938 1.06232 1.38127 -0.203328 -0.242285
23.125 1.10544 1.37859 -0.20439 0.188775
23.1562 1.1485 1.37711 -0.190759 0.689995
23.1875 1.19156 1.37983 -0.161148 1.20638
23.2188 1.23477 1.38569 -0.115265 1.72714
23.25 1.27815 1.39061 -0.0541307 2.15968
23.2812 1.3217 1.39733 0.0181205 2.4473
23.3125 1.3655 1.4058 0.0984147 2.69012
23.3438 1.40954 1.41246 0.185931 2.89983
23.375 1.45378 1.41914 0.278771 3.02813
23.4062 1.49825 1.42641 0.374502 3.08929
23.4375 1.54292 1.43253 0.471054 3.07071
23.4688 1.58778 1.43854 0.564861 2.90749
23.5 1.63283 1.44477 0.651627 2.63461
23.5312 1.67807 1.45017 0.728851 2.29284
23.5625 1.72345 1.45352 0.793954 1.86393
23.5938 1.76888 1.45385 0.845288 1.42381
23.625 1.81428 1.45128 0.882597 0.948163
23.6562 1.85954 1.44415 0.903354 0.364816
23.6875 1.90448 1.43144 0.905002 -0.256294
23.7188 1.94898 1.41572 0.888015 -0.814059
23.75 1.99293 1.39647 0.855292 -1.26151
23.7812 2.03621 1.37304 0.810462 -1.58194
23.8125 2.07873 1.3478 0.758306 -1.72627
23.8438 2.12042 1.31986 0.704027 -1.72965
23.875 2.1612 1.29038 0.651388 -1.61738
23.9062 2.20107 1.26118 0.604257 -1.38105
23.9375 2.23999 1.2292 0.566226 -1.02966
23.9688 2.27787 1.19476 0.541595 -0.521955
24 2.31466 1.15978 0.534577 0.0798916
24.0312 2.35034 1.12361 0.546713 0.693055
24.0625 2.38488 1.08653 0.577092 1.23126
24.0938 2.41824 1.04875 0.622684 1.68225
24.125 2.45043 1.01166 0.682608 2.16213
24.1562 2.4815 0.976955 0.758118 2.67138
24.1875 2.5115 0.942891 0.849587 3.18215
24.2188 2.54043 0.909354 0.956705 3.66295
24.25 2.56836 0.878219 1.07759 4.05602
24.2812 2.59533 0.848175 1.20905 4.3413
24.3125 2.6214 0.820822 1.34848 4.58536
24.3438 2.64668 0.797711 1.4961 4.8687
24.375 2.67126 0.775808 1.653 5.17577
24.4062 2.6952 0.756996 1.81972 5.49181
24.4375 2.71861 0.740581 1.99545 5.73504
24.4688 2.74145 0.720883 2.17708 5.87614
24.5 2.76363 0.698511 2.36174 5.9189
24.5312 2.78507 0.672358 2.54516 5.78868
24.5625 2.80559 0.640125 2.72177 5.48968
24.5938 2.82504 0.604237 2.88695 5.06486
24.625 2.84332 0.56525 3.03727 4.53363
24.6562 2.86037 0.526791 3.16844 3.83223
24.6875 2.8763 0.493114 3.27588 3.04384
24.7188 2.89123 0.46373 3.3587 2.24715
24.75 2.90537 0.44318 3.41561 1.39664
24.7812 2.91905 0.433045 3.44741 0.670894
24.8125 2.9325 0.42944 3.45852 0.0330875
24.8438 2.94598 0.434995 3.44859 -0.674466
24.875 2.95978 0.448831 3.41695 -1.33285
24.9062 2.97408 0.466865 3.3662 -1.90434
24.9375 2.98902 0.490342 3.29887 -2.38045
24.9688 3.00476 0.517147 3.21928 -2.68517
25 3.02133 0.543592 3.13221 -2.879
25.0312 3.0387 0.567281 3.03949 -3.05436
25.0625 3.05673 0.585417 2.94138 -3.22334
25.0938 3.07522 0.596427 2.8383 -3.36466
25.125 3.09388 0.595789 2.73203 -3.41771
25.1562 3.1123 0.580626 2.62582 -3.36424
25.1875 3.13003 0.551042 2.52259 -3.23183
25.2188 3.14657 0.505253 2.42418 -3.06882
25.25 3.16145 0.44416 2.33021 -2.95647
25.2812 3.17418 0.368071 2.23904 -2.87584
25.3125 3.1843 0.277918 2.15094 -2.7534
25.3438 3.19145 0.177942 2.06769 -2.557
25.375 3.19533 0.0693036 1.99259 -2.22599
25.4062 3.19571 -0.0461831 1.92924 -1.83372
25.4375 3.1924 -0.165995 1.87716 -1.5124
25.4688 3.18531 -0.288087 1.83427 -1.23607
25.5 3.17441 -0.408615 1.79973 -0.97487
25.5312 3.1598 -0.525808 1.77339 -0.714806
25.5625 3.14159 -0.638564 1.75401 -0.554487
25.5938 3.11996 -0.744585 1.73698 -0.554825
25.625 3.09514 -0.843147 1.71848 -0.643459
25.6562 3.06734 -0.934931 1.69563 -0.835744
25.6875 3.03677 -1.02012 1.66551 -1.10337
25.7188 3.00366 -1.09744 1.62552 -1.47768
25.75 2.96827 -1.16634 1.57245 -1.91493
25.7812 2.93085 -1.22714 1.50665 -2.28125
25.8125 2.89167 -1.2784 1.43079 -2.55616
25.8438 2.85104 -1.32104 1.34829 -2.69903
25.875 2.80918 -1.35698 1.26363 -2.69431
25.9062 2.7663 -1.38629 1.18159 -2.52662
25.9375 2.72257 -1.41257 1.1078 -2.16035
25.9688 2.67802 -1.43842 1.04865 -1.59917
26 2.63267 -1.46373 1.00855 -0.969198
26.0312 2.58652 -1.49066 0.987669 -0.373311
26.0625 2.53948 -1.5202 0.984914 0.189658
26.0938 2.49149 -1.55115 0.998776 0.683849
26.125 2.44253 -1.58223 1.02716 1.13345
26.1562 2.39261 -1.61261 1.06992 1.60391
26.1875 2.34175 -1.6419 1.12639 1.97354
26.2188 2.29001 -1.66881 1.19029 2.06812
26.25 2.23749 -1.69228 1.25327 1.93484
26.2812 2.18428 -1.71278 1.3096 1.64272
26.3125 2.13047 -1.72984 1.35428 1.19538
26.3438 2.07621 -1.74219 1.38368 0.686772
26.375 2.02162 -1.75149 1.39748 0.199389
26.4062 1.96678 -1.75761 1.39599 -0.300146
26.4375 1.91184 -1.75744 1.37871 -0.798019
26.4688 1.85698 -1.75335 1.34672 -1.24434
26.5 1.80227 -1.74734 1.3009 -1.68722
26.5312 1.74782 -1.73685 1.24206 -2.05279
26.5625 1.69375 -1.72291 1.17432 -2.26344
26.5938 1.64015 -1.70754 1.10108 -2.4234
26.625 1.58704 -1.69181 1.02284 -2.58146
26.6562 1.5344 -1.67729 0.940123 -2.70304
26.6875 1.48219 -1.66403 0.854606 -2.76046
26.7188 1.43037 -1.65272 0.767858 -2.79111
26.75 1.37888 -1.64302 0.680376 -2.79753
26.7812 1.32768 -1.63426 0.593912 -2.72306
26.8125 1.27672 -1.62714 0.51069 -2.59741
26.8438 1.22599 -1.61953 0.432186 -2.412
26.875 1.1755 -1.61183 0.360857 -2.14256
26.9062 1.12523 -1.60586 0.298707 -1.82725
26.9375 1.07516 -1.59806 0.24757 -1.4239
26.9688 1.02537 -1.58786 0.211091 -0.894287
27 0.975928 -1.57615 0.191991 -0.334425
27.0312 0.926921 -1.55919 0.189438 0.157924
27.0625 0.878533 -1.53694 0.20115 0.580352
27.0938 0.830915 -1.50945 0.224815 0.917574
27.125 0.784284 -1.47347 0.257641 1.17534
27.1562 0.738891 -1.43089 0.297963 1.39756
27.1875 0.694914 -1.38234 0.343945 1.51986
27.2188 0.652577 -1.32615 0.391078 1.4642
27.25 0.612068 -1.26614 0.433356 1.20839
27.2812 0.573464 -1.20403 0.464885 0.790681
27.3125 0.536842 -1.13958 0.482085 0.304312
27.3438 0.502243 -1.07478 0.483878 -0.181251
27.375 0.469676 -1.00932 0.471908 -0.562155
27.4062 0.439158 -0.944097 0.449594 -0.86479
27.4375 0.41065 -0.88064 0.417759 -1.16694
27.4688 0.384106 -0.818449 0.377614 -1.38656
27.5 0.359471 -0.758732 0.331356 -1.57943
27.5312 0.336651 -0.70231 0.278918 -1.76283
27.5625 0.315539 -0.649562 0.222516 -1.82876
27.5938 0.295998 -0.601987 0.165069 -1.84743
27.625 0.277867 -0.559001 0.107255 -1.84499
27.6562 0.261021 -0.519925 0.0501845 -1.80435
27.6875 0.24532 -0.485824 -0.00540452 -1.75012
27.7188 0.230596 -0.457517 -0.0589311 -1.67235
27.75 0.216667 -0.434703 -0.10972 -1.57123
27.7812 0.203398 -0.414782 -0.156404 -1.40469
27.8125 0.190721 -0.397116 -0.197207 -1.20743
27.8438 0.17853 -0.383752 -0.231586 -0.977163
27.875 0.166721 -0.371952 -0.256901 -0.623971
27.9062 0.155285 -0.360288 -0.270064 -0.217391
27.9375 0.144161 -0.352291 -0.27024 0.215672
27.9688 0.133251 -0.345782 -0.255928 0.707622
28 0.122558 -0.338799 -0.22581 1.22025
28.0312 0.112046 -0.334365 -0.179957 1.70152
28.0625 0.101666 -0.329445 -0.12075 2.06416
28.0938 0.0914893 -0.321671 -0.0522202 2.30393
28.125 0.0815473 -0.314902 0.0219559 2.41934
28.1562 0.0718163 -0.307281 0.0977645 2.42291
28.1875 0.062385 -0.295884 0.173216 2.40031
28.2188 0.0533276 -0.283891 0.246559 2.26184
28.25 0.0446501 -0.270992 0.312587 1.93825
28.2812 0.0364289 -0.254651 0.366397 1.48487
28.3125 0.0287509 -0.236645 0.404065 0.909289
28.3438 0.0216495 -0.217508 0.42293 0.305194
28.375 0.015182 -0.196052 0.423967 -0.223082
28.4062 0.00941281 -0.172935 0.41006 -0.648049
28.4375 0.00439463 -0.147803 0.384578 -0.969609
28.4688 0.000197038 -0.120693 0.349834 -1.25354
28.5 -0.00315411 -0.0940268 0.306251 -1.53285
28.5312 -0.00569641 -0.0689473 0.254437 -1.7739
28.5625 -0.0074843 -0.0459394 0.196065 -1.95007
28.5938 -0.0086047 -0.0264454 0.133314 -2.05383
28.625 -0.00918099 -0.011145 0.0684168 -2.09016
28.6562 -0.00934455 3.69031e-05 0.00301611 -2.0937
28.6875 -0.00921091 0.0081476 -0.0622564 -2.07578
28.7188 -0.00885161 0.0146471 -0.125907 -1.98473
28.75 -0.00830534 0.0202311 -0.185945 -1.85904
28.7812 -0.00758626 0.0258588 -0.242005 -1.7176
28.8125 -0.00668777 0.0316078 -0.292035 -1.46305
28.8438 -0.00560784 0.0377798 -0.332694 -1.13619
28.875 -0.00429255 0.0470766 -0.362853 -0.784984
28.9062 -0.00263337 0.0593657 -0.380859 -0.352373
28.9375 -0.000573513 0.0726864 -0.384202 0.145289
28.9688 0.00193731 0.0885914 -0.371452 0.674445
29 0.00499491 0.107448 -0.341987 1.20962
29.0312 0.00867146 0.128203 -0.296072 1.72255
29.0625 0.0130341 0.151434 -0.235149 2.15525
29.0938 0.0181607 0.17711 -0.162916 2.44516
29.125 0.0241447 0.206727 -0.0834012 2.62779
29.1562 0.031131 0.240952 -9.30939e-05 2.67473
29.1875 0.0392259 0.277471 0.0821733 2.57594
29.2188 0.0485099 0.317465 0.160638 2.44238
29.25 0.059102 0.360588 0.233818 2.21104
29.2812 0.0710421 0.403578 0.296707 1.78505
29.3125 0.0843442 0.448185 0.344235 1.24602
29.3438 0.0990601 0.493285 0.374029 0.652899
29.375 0.115145 0.535935 0.384876 0.0481698
29.4062 0.132564 0.579041 0.3782 -0.448094
29.4375 0.151324 0.621022 0.358535 -0.791291
29.4688 0.171333 0.659078 0.329243 -1.08335
29.5 0.192512 0.696389 0.29088 -1.36619
29.5312 0.214842 0.732191 0.24439 -1.60237
29.5625 0.238229 0.76386 0.190872 -1.82175
29.5938 0.262547 0.791981 0.131033 -1.99021
29.625 0.28769 0.81652 0.0679166 -2.02764
29.6562 0.313544 0.83756 0.00516461 -1.98251
29.6875 0.339999 0.854949 -0.0557966 -1.91502
29.7188 0.366946 0.869341 -0.114048 -1.80224
29.75 0.394317 0.882042 -0.167747 -1.62541
29.7812 0.422044 0.892035 -0.215224 -1.40689
29.8125 0.450055 0.900655 -0.255019 -1.12415
29.8438 0.478328 0.908329 -0.284452 -0.747415
29.875 0.506774 0.911332 -0.301415 -0.336866
29.9062 0.535252 0.9111 -0.305181 0.106807
29.9375 0.563701 0.909096 -0.294007 0.61531
29.9688 0.592028 0.903309 -0.266724 1.12741
30 0.62015 0.896551 -0.223592 1.63515
30.0312 0.648058 0.889195 -0.164556 2.13634
30.0625 0.6757 0.879829 -0.0909111 2.55992
30.0938 0.703078 0.873176 -0.00561581 2.88221
30.125 0.730312 0.87012 0.0880846 3.09464
30.1562 0.757477 0.868992 0.186554 3.1887
30.1875 0.784682 0.873318 0.286271 3.1757
30.2188 0.812131 0.884343 0.383978 3.0624
30.25 0.840007 0.900597 0.476913 2.87556
30.2812 0.868472 0.921979 0.562996 2.61821
30.3125 0.897675 0.947641 0.639176 2.22984
30.3438 0.92774 0.977158 0.70071 1.68943
30.375 0.958781 1.00986 0.744471 1.12021
30.4062 0.99087 1.04402 0.77164 0.633423
30.4375 1.02405 1.0796 0.784985 0.24003
30.4688 1.05836 1.11625 0.788295 -0.000773863
30.5 1.0938 1.15213 0.785786 -0.164295
30.5312 1.13035 1.18648 0.77734 -0.380016
30.5625 1.16794 1.21928 0.762753 -0.534632
30.5938 1.20653 1.24996 0.744527 -0.633789
30.625 1.24604 1.27776 0.723216 -0.713963
30.6562 1.28637 1.30303 0.701801 -0.624738
30.6875 1.32745 1.32609 0.685209 -0.436067
30.7188 1.36922 1.34706 0.674441 -0.249745
30.75 1.41165 1.36858 0.670115 -0.0187388
30.7812 1.45478 1.39166 0.67358 0.243587
30.8125 1.49863 1.41466 0.68556 0.526873
30.8438 1.54322 1.43991 0.706798 0.840108
30.875 1.58866 1.46884 0.738804 1.22003
30.9062 1.63503 1.49883 0.783237 1.61698
30.9375 1.68236 1.53103 0.839519 1.98962
30.9688 1.73076 1.56663 0.908426 2.43143
31 1.78029 1.60426 0.991132 2.84141
31.0312 1.83106 1.64554 1.08487 3.15116
31.0625 1.88318 1.69072 1.18815 3.45655
31.0938 1.93674 1.7373 1.29979 3.65688
31.125 1.99176 1.78318 1.41466 3.6665
31.1562 2.04817 1.8265 1.52756 3.54034
31.1875 2.10588 1.86641 1.63464 3.28932
31.2188 2.16474 1.89893 1.73164 2.89508
31.25 2.22445 1.92049 1.81422 2.36936
31.2812 2.28467 1.93201 1.87822 1.69871
31.3125 2.34506 1.93051 1.91874 0.876049
31.3438 2.40517 1.91442 1.93249 0.00207077
31.375 2.46458 1.88545 1.91873 -0.883783
31.4062 2.52286 1.84231 1.87789 -1.7048
31.4375 2.5796 1.78716 1.81435 -2.32334
31.4688 2.63445 1.72157 1.7353 -2.68634
31.5 2.68708 1.64525 1.6497 -2.74981
31.5312 2.73718 1.55963 1.56483 -2.67364
31.5625 2.78447 1.4658 1.48339 -2.516
31.5938 2.82874 1.36645 1.40903 -2.22581
31.625 2.86983 1.26234 1.34542 -1.81651
31.6562 2.90762 1.15651 1.29773 -1.2058
31.6875 2.94216 1.05511 1.27078 -0.519245
31.7188 2.97361 0.95859 1.26538 0.177904
31.75 3.00215 0.869456 1.28176 0.859271
31.7812 3.02808 0.792243 1.31845 1.4844
31.8125 3.05177 0.725278 1.37417 2.06826
31.8438 3.07352 0.668737 1.44662 2.55393
31.875 3.09368 0.623173 1.53304 2.95887
31.9062 3.11254 0.585379 1.6297 3.19453
31.9375 3.13035 0.555585 1.73161 3.32888
31.9688 3.14734 0.532504 1.83811 3.48483
32 3.16366 0.511946 1.94843 3.55537
32.0312 3.17934 0.491687 2.05965 3.56385
32.0625 3.19436 0.468439 2.17141 3.585
32.0938 3.20854 0.438189 2.28267 3.51167
32.125 3.22163 0.397356 2.38985 3.344
32.1562 3.23324 0.343594 2.4917 3.16841
32.1875 3.24296 0.275497 2.58674 2.89182
32.2188 3.25032 0.193896 2.67195 2.57195
32.25 3.25497 0.102311 2.7483 2.31254
32.2812 3.25662 0.00134716 2.81495 1.91699
32.3125 3.25498 -0.106793 2.86644 1.36685
32.3438 3.24992 -0.217279 2.90013 0.785906
32.375 3.2414 -0.328176 2.91523 0.177171
32.4062 3.22944 -0.435719 2.91138 -0.415691
32.4375 3.21424 -0.535575 2.88996 -0.943361
32.4688 3.19606 -0.626361 2.85286 -1.42908
32.5 3.17522 -0.705429 2.8009 -1.8837
32.5312 3.15212 -0.770739 2.73628 -2.23551
32.5625 3.12717 -0.823991 2.66165 -2.53738
32.5938 3.10073 -0.866833 2.57861 -2.74763
32.625 3.07309 -0.900271 2.4921 -2.7592
32.6562 3.04454 -0.926474 2.40736 -2.64833
32.6875 3.01523 -0.948707 2.328 -2.40238
32.7188 2.98525 -0.970356 2.25859 -2.03305
32.75 2.95457 -0.993101 2.20047 -1.69722
32.7812 2.92316 -1.01759 2.15265 -1.34927
32.8125 2.89095 -1.04411 2.11695 -0.930176
32.8438 2.85788 -1.07243 2.09457 -0.4979
32.875 2.82393 -1.1005 2.0863 -0.0270303
32.9062 2.78913 -1.12572 2.09257 0.41735
32.9375 2.75359 -1.14915 2.11192 0.817831
32.9688 2.71734 -1.16954 2.14338 1.18784
33 2.68055 -1.18469 2.1856 1.5031
33.0312 2.64332 -1.19738 2.23597 1.68486
33.0625 2.60576 -1.20556 2.28838 1.63554
33.0938 2.56804 -1.20812 2.33684 1.44763
33.125 2.53028 -1.20779 2.37718 1.10125
33.1562 2.49263 -1.19988 2.40399 0.597623
33.1875 2.45536 -1.18462 2.41375 0.0121441
33.2188 2.41862 -1.16602 2.40364 -0.676281
33.25 2.38255 -1.1415 2.37041 -1.46802
33.2812 2.34732 -1.11344 2.311 -2.34038
33.3125 2.31296 -1.08534 2.22422 -3.21223
33.3438 2.27948 -1.05745 2.11001 -4.09994
33.375 2.24684 -1.03224 1.96868 -4.91718
33.4062 2.21494 -1.00993 1.80482 -5.53734
33.4375 2.18369 -0.990429 1.6244 -5.98251
33.4688 2.15299 -0.975536 1.43238 -6.28914
33.5 2.12266 -0.966423 1.23239 -6.48899
33.5312 2.0925 -0.965371 1.02831 -6.5528
33.5625 2.06223 -0.97316 0.823424 -6.55112
33.5938 2.0316 -0.98842 0.620602 -6.38144
33.625 2.00038 -1.01132 0.427556 -5.94248
33.6562 1.96832 -1.04146 0.250066 -5.40629
33.6875 1.93524 -1.07577 0.0910518 -4.74026
33.7188 1.90106 -1.11249 -0.0447388 -3.93875
33.75 1.86569 -1.15172 -0.154678 -3.08738
33.7812 1.82907 -1.1916 -0.236819 -2.15678
33.8125 1.79122 -1.23102 -0.289198 -1.20016
33.8438 1.75214 -1.26938 -0.312439 -0.298114
33.875 1.71192 -1.30419 -0.308285 0.560854
33.9062 1.67067 -1.33538 -0.277628 1.39098
33.9375 1.62849 -1.36335 -0.222629 2.10143
33.9688 1.58551 -1.38672 -0.147873 2.66319
34 1.54187 -1.4055 -0.0572902 3.11282
34.0312 1.49772 -1.41906 0.0448515 3.38873
34.0625 1.45323 -1.42742 0.152266 3.45327
34.0938 1.40856 -1.43034 0.258956 3.35036
34.125 1.36391 -1.42602 0.360067 3.09343
34.1562 1.31949 -1.41645 0.45079 2.69736
34.1875 1.27542 -1.40275 0.528277 2.25879
34.2188 1.23187 -1.38379 0.591259 1.75115
34.25 1.18896 -1.36269 0.636418 1.12564
34.2812 1.1467 -1.34148 0.661263 0.460855
34.3125 1.10511 -1.32045 0.664862 -0.234801
34.3438 1.06415 -1.30157 0.646837 -0.906643
34.375 1.02376 -1.28376 0.609106 -1.49325
34.4062 0.98391 -1.26663 0.554692 -1.96383
34.4375 0.944565 -1.25182 0.488082 -2.27595
34.4688 0.905672 -1.23704 0.41345 -2.48771
34.5 0.867259 -1.22142 0.333492 -2.61596
34.5312 0.829322 -1.20669 0.250365 -2.70484
34.5625 0.791837 -1.19244 0.164486 -2.78318
34.5938 0.75478 -1.17956 0.0773923 -2.77237
34.625 0.718105 -1.16753 -0.00762445 -2.64732
34.6562 0.681827 -1.15404 -0.0864462 -2.371
34.6875 0.645983 -1.13981 -0.154679 -1.98663
34.7188 0.610612 -1.1234 -0.210105 -1.5493
34.75 0.575802 -1.1042 -0.250888 -1.05946
34.7812 0.5416 -1.08463 -0.276836 -0.610409
34.8125 0.508036 -1.06294 -0.288844 -0.142813
34.8438 0.475186 -1.03951 -0.284962 0.39122
34.875 0.443052 -1.01714 -0.265241 0.852282
34.9062 0.411636 -0.992915 -0.232448 1.24207
34.9375 0.381026 -0.965892 -0.18779 1.61013
34.9688 0.351273 -0.938156 -0.132529 1.91073
35 0.322415 -0.90819 -0.0694064 2.11498
35.0312 0.294532 -0.876202 -0.000927746 2.26057
35.0625 0.267656 -0.843718 0.0710526 2.3228
35.0938 0.241823 -0.809132 0.142458 2.22207
35.125 0.217112 -0.772076 0.20907 2.03484
35.1562 0.193576 -0.734127 0.268968 1.78013
35.1875 0.171237 -0.695386 0.319229 1.42922
35.2188 0.150128 -0.655478 0.358606 1.09995
35.25 0.130258 -0.616681 0.387941 0.765117
35.2812 0.111546 -0.58155 0.405455 0.344849
35.3125 0.0938842 -0.549148 0.409418 -0.0838221
35.3438 0.0771871 -0.52037 0.400946 -0.445875
35.375 0.0612955 -0.497655 0.38205 -0.761202
35.4062 0.0460403 -0.479191 0.353548 -1.05178
35.4375 0.0313098 -0.464271 0.317787 -1.20825
35.4688 0.0169788 -0.453501 0.279039 -1.27363
35.5 0.00293547 -0.445817 0.237633 -1.37843
35.5312 -0.0109306 -0.442443 0.193535 -1.43102
35.5625 -0.0247581 -0.442903 0.148069 -1.4959
35.5938 -0.0386311 -0.445413 0.0992025 -1.62813
35.625 -0.052639 -0.451865 0.047533 -1.65544
35.6562 -0.0669072 -0.46155 -0.0034508 -1.60252
35.6875 -0.08149 -0.471753 -0.051989 -1.48403
35.7188 -0.0963878 -0.481444 -0.0948641 -1.24646
35.75 -0.111544 -0.487775 -0.129791 -0.993636
35.7812 -0.126822 -0.489277 -0.1571 -0.752321
35.8125 -0.142078 -0.48623 -0.176659 -0.497835
35.8438 -0.157146 -0.476947 -0.188037 -0.225396
35.875 -0.171821 -0.461281 -0.190524 0.0647673
35.9062 -0.185915 -0.439654 -0.184403 0.319205
35.9375 -0.199212 -0.409797 -0.170842 0.546654
35.9688 -0.211439 -0.371441 -0.150577 0.739789
36 -0.222347 -0.325168 -0.125308 0.869907
36.0312 -0.231651 -0.268452 -0.0964135 0.975738
36.0625 -0.239033 -0.202966 -0.0649881 1.01747
36.0938 -0.244282 -0.131993 -0.0340705 0.943579
36.125 -0.247215 -0.0547649 -0.00683583 0.789916
36.1562 -0.247668 0.0261012 0.0148488 0.592997
36.1875 -0.245559 0.109377 0.0300289 0.375481
36.2188 -0.240809 0.194497 0.0379877 0.127074
36.25 -0.233433 0.277057 0.037768 -0.137296
36.2812 -0.223515 0.357398 0.0299999 -0.350719
36.3125 -0.211138 0.43357 0.0158696 -0.561884
36.3438 -0.196493 0.502729 -0.00553757 -0.805742
36.375 -0.179767 0.566898 -0.0337293 -0.983287
36.4062 -0.161133 0.624401 -0.0663208 -1.09424
36.4375 -0.1408 0.676397 -0.101223 -1.11794
36.4688 -0.118892 0.724876 -0.135056 -1.04136
36.5 -0.0955611 0.767308 -0.166683 -0.991527
36.5312 -0.0709719 0.806142 -0.196983 -0.938119
36.5625 -0.0451998 0.842578 -0.224787 -0.838716
36.5938 -0.0183711 0.873463 -0.249427 -0.736864
36.625 0.00934466 0.89985 -0.270497 -0.603062
36.6562 0.0378454 0.923827 -0.286308 -0.38843
36.6875 0.0670579 0.945323 -0.293095 -0.0196557
36.7188 0.096901 0.964283 -0.286638 0.434855
36.75 0.127315 0.982277 -0.265907 0.896775
36.7812 0.158306 1.0014 -0.230269 1.3801
36.8125 0.189916 1.02186 -0.18078 1.76309
36.8438 0.222196 1.04463 -0.120837 2.07757
36.875 0.255234 1.06999 -0.0503512 2.43522
36.9062 0.289071 1.09554 0.0305473 2.72004
36.9375 0.323717 1.12224 0.118424 2.88969
36.9688 0.359238 1.15136 0.210235 2.96616
37 0.395678 1.18073 0.302157 2.88787
37.0312 0.433053 1.21187 0.389147 2.65999
37.0625 0.471456 1.24625 0.467521 2.34517
37.0938 0.510945 1.28096 0.535024 1.96113
37.125 0.551521 1.3162 0.589002 1.47481
37.1562 0.593214 1.35191 0.626271 0.901089
37.1875 0.635975 1.38398 0.644936 0.28741
37.2188 0.679673 1.41227 0.643859 -0.358295
37.25 0.724223 1.4385 0.623047 -0.956184
37.2812 0.769538 1.4609 0.585211 -1.45418
37.3125 0.815476 1.47832 0.532372 -1.92542
37.3438 0.861885 1.49104 0.46556 -2.32979
37.375 0.908611 1.49848 0.388142 -2.60753
37.4062 0.955477 1.4999 0.303461 -2.79475
37.4375 1.00229 1.49523 0.215175 -2.82154
37.4688 1.04887 1.48512 0.128972 -2.67433
37.5 1.09506 1.4704 0.0490491 -2.42408
37.5312 1.14074 1.45239 -0.0214895 -2.07907
37.5625 1.18581 1.43216 -0.0807316 -1.71297
37.5938 1.23024 1.41091 -0.128009 -1.29286
37.625 1.27401 1.39054 -0.16028 -0.761561
37.6562 1.31716 1.37192 -0.175484 -0.208816
37.6875 1.35978 1.35642 -0.172401 0.430715
37.7188 1.40199 1.34583 -0.147299 1.1849
37.75 1.44395 1.34077 -0.0982859 1.95098
37.7812 1.48587 1.34328 -0.0254388 2.70455
37.8125 1.52799 1.3538 0.0695992 3.34989
37.8438 1.57054 1.3696 0.182181 3.83234
37.875 1.61366 1.39171 0.307946 4.19842
37.9062 1.65759 1.42068 0.443275 4.43906
37.9375 1.70247 1.45142 0.583758 4.52226
37.9688 1.7483 1.4818 0.723778 4.40153
38 1.79508 1.51209 0.856607 4.06811
38.0312 1.84278 1.53966 0.976362 3.57161
38.0625 1.89127 1.56327 1.0783 2.92978
38.0938 1.94043 1.58172 1.15847 2.19203
38.125 1.99005 1.59264 1.21475 1.39685
38.1562 2.03988 1.5946 1.24492 0.528083
38.1875 2.08959 1.58495 1.2483 -0.292092
38.2188 2.13881 1.56349 1.22785 -1.00454
38.25 2.18719 1.53057 1.18607 -1.65531
38.2812 2.23434 1.48556 1.12592 -2.16167
38.3125 2.27996 1.43347 1.05302 -2.47499
38.3438 2.32388 1.37594 0.972832 -2.63111
38.375 2.36589 1.31219 0.890615 -2.59143
38.4062 2.40587 1.24623 0.813318 -2.32248
38.4375 2.44375 1.17752 0.747095 -1.89163
38.4688 2.47945 1.10751 0.696784 -1.30081
38.5 2.51301 1.04059 0.667059 -0.590006
38.5312 2.54451 0.975994 0.660331 0.16258
38.5625 2.57405 0.915481 0.676982 0.891626
38.5938 2.6018 0.861545 0.715335 1.5571
38.625 2.62796 0.813507 0.774155 2.20233
38.6562 2.6527 0.771017 0.852504 2.80978
38.6875 2.67621 0.734356 0.950248 3.45405
38.7188 2.69867 0.70452 1.06786 4.04932
38.75 2.7203 0.680975 1.20227 4.55289
38.7812 2.74128 0.662521 1.35276 5.07466
38.8125 2.76178 0.650494 1.51828 5.4958
38.8438 2.78199 0.643208 1.69533 5.8256
38.875 2.802 0.637689 1.88164 6.08729
38.9062 2.82187 0.634275 2.07558 6.3264
38.9375 2.84163 0.629787 2.2767 6.53274
38.9688 2.86119 0.622047 2.48324 6.67967
39 2.88048 0.611657 2.69325 6.7274
39.0312 2.89935 0.594379 2.90104 6.5364
39.0625 2.91753 0.568004 3.10049 6.21127
39.0938 2.93477 0.534271 3.28746 5.71639
39.125 2.95084 0.492434 3.45538 4.99355
39.1562 2.96546 0.442021 3.59708 4.0361
39.1875 2.97842 0.386808 3.70603 2.9274
39.2188 2.98964 0.332135 3.77942 1.74801
39.25 2.99924 0.283625 3.81392 0.456658
39.2812 3.00749 0.246525 3.80918 -0.737585
39.3125 3.01479 0.223665 3.76785 -1.92357
39.3438 3.02164 0.216856 3.68895 -3.09785
39.375 3.0285 0.224874 3.57688 -4.03503
39.4062 3.03581 0.244498 3.43881 -4.766
39.4375 3.04387 0.272134 3.28161 -5.25386
39.4688 3.05286 0.303646 3.11249 -5.54242
39.5 3.06286 0.336341 2.93691 -5.66869
39.5312 3.07383 0.364678 2.7595 -5.66848
39.5625 3.08555 0.383651 2.58393 -5.54299
39.5938 3.09768 0.389742 2.41431 -5.30145
39.625 3.10971 0.376855 2.25325 -4.98748
39.6562 3.12102 0.34391 2.1042 -4.52979
39.6875 3.131 0.291001 1.97069 -4.01392
39.7188 3.139 0.217755 1.85371 -3.46064
39.75 3.14443 0.12741 1.75486 -2.86915
39.7812 3.1468 0.021558 1.67386 -2.31864
39.8125 3.14566 -0.0955143 1.61032 -1.73797
39.8438 3.14076 -0.219421 1.56564 -1.11706
39.875 3.1319 -0.348078 1.54097 -0.452402
39.9062 3.11902 -0.475044 1.53776 0.248313
39.9375 3.10227 -0.595849 1.55641 0.941455
39.9688 3.08186 -0.709183 1.59583 1.55757
40 3.05807 -0.810736 1.65189 2.0027
40.0312 3.03131 -0.900264 1.71945 2.29162
40.0625 3.0019 -0.980141 1.79251 2.33336
40.0938 2.97018 -1.04845 1.86233 2.09509
40.125 2.93647 -1.10814 1.92107 1.62285
40.1562 2.90099 -1.16091 1.96094 0.885726
40.1875 2.864 -1.20509 1.97419 -0.0653764
40.2188 2.82572 -1.24453 1.9556 -1.13694
40.25 2.78626 -1.27974 1.90296 -2.22656
40.2812 2.74577 -1.31143 1.81707 -3.25779
40.3125 2.70432 -1.34103 1.70028 -4.19623
40.3438 2.662 -1.36717 1.55671 -4.95096
40.375 2.61886 -1.39371 1.39393 -5.41033
40.4062 2.57489 -1.41998 1.22256 -5.48653
40.4375 2.53016 -1.44251 1.05556 -5.13304
40.4688 2.48474 -1.46432 0.905344 -4.43687
40.5 2.43864 -1.48593 0.780176 -3.55415
40.5312 2.39187 -1.50742 0.684038 -2.589
40.5625 2.3444 -1.53161 0.618826 -1.58087
40.5938 2.29612 -1.55867 0.585145 -0.579759
40.625 2.24695 -1.58868 0.582237 0.38591
40.6562 2.19678 -1.62275 0.608062 1.23007
40.6875 2.14552 -1.65742 0.655931 1.7794
40.7188 2.09323 -1.68904 0.716577 2.06991
40.75 2.03997 -1.71875 0.783256 2.15712
40.7812 1.98585 -1.74414 0.848649 1.99052
40.8125 1.93103 -1.76314 0.906274 1.68723
40.8438 1.8757 -1.77725 0.953524 1.3254
40.875 1.82003 -1.78423 0.988626 0.922342
40.9062 1.76428 -1.78253 1.0118 0.574376
40.9375 1.70871 -1.77243 1.02523 0.295388
40.9688 1.65358 -1.75464 1.03102 0.0886487
41 1.59911 -1.73022 1.03143 -0.0571273
41.0312 1.54551 -1.69954 1.02762 -0.182967
41.0625 1.49291 -1.66682 1.02034 -0.280205
41.0938 1.44133 -1.63399 1.00977 -0.40779
41.125 1.39079 -1.60096 0.994091 -0.606985
41.1562 1.34123 -1.572 0.970948 -0.89468
41.1875 1.29251 -1.54665 0.936686 -1.31809
41.2188 1.24452 -1.52553 0.88805 -1.79214
41.25 1.19707 -1.5123 0.824928 -2.24781
41.2812 1.14996 -1.50386 0.747375 -2.71517
41.3125 1.10302 -1.50121 0.655946 -3.11439
41.3438 1.05606 -1.50521 0.55424 -3.37299
41.375 1.00894 -1.5104 0.44648 -3.49588
41.4062 0.961636 -1.51742 0.338257 -3.38106
41.4375 0.914095 -1.52472 0.238018 -2.9999
41.4688 0.866384 -1.52827 0.152159 -2.47958
41.5 0.818599 -1.52946 0.0839006 -1.87851
41.5312 0.770859 -1.52437 0.0348932 -1.26432
41.5625 0.723417 -1.51091 0.00429317 -0.702323
41.5938 0.676474 -1.49253 -0.00937807 -0.178314
41.625 0.630226 -1.46542 -0.00726995 0.305938
41.6562 0.584998 -1.42767 0.00911813 0.725951
41.6875 0.541093 -1.38043 0.0363386 0.979223
41.7188 0.498849 -1.32126 0.0680831 1.02255
41.75 0.458606 -1.25309 0.0985974 0.902925
41.7812 0.420615 -1.17672 0.122799 0.625381
41.8125 0.38515 -1.09232 0.13731 0.309332
41.8438 0.352337 -1.00828 0.142576 0.0322542
41.875 0.322117 -0.925803 0.13989 -0.183787
41.9062 0.294458 -0.845191 0.132925 -0.233455
41.9375 0.269218 -0.771191 0.126343 -0.180615
41.9688 0.246221 -0.701059 0.122195 -0.0709555
42 0.225358 -0.635257 0.122631 0.101825
42.0312 0.20645 -0.575614 0.128319 0.25813
42.0625 0.189353 -0.519061 0.138665 0.398789
42.0938 0.173951 -0.467863 0.152169 0.439279
42.125 0.160051 -0.422353 0.164758 0.354293
42.1562 0.147527 -0.379801 0.173688 0.200045
42.1875 0.13625 -0.343114 0.17562 -0.103252
42.2188 0.126025 -0.311824 0.166281 -0.497622
42.25 0.11673 -0.283783 0.144614 -0.88626
42.2812 0.108226 -0.261558 0.111299 -1.23298
42.3125 0.100323 -0.245081 0.0686431 -1.47831
42.3438 0.0928516 -0.234124 0.0201222 -1.60396
42.375 0.0856296 -0.228859 -0.0298912 -1.56881
42.4062 0.0785058 -0.227837 -0.076415 -1.3864
42.4375 0.071331 -0.232237 -0.114846 -1.04062
42.4688 0.063963 -0.239329 -0.139649 -0.528913
42.5 0.0563705 -0.246984 -0.147546 0.0222788
42.5312 0.0484866 -0.258056 -0.138498 0.54721
42.5625 0.0402492 -0.268586 -0.114608 0.954044
42.5938 0.0317236 -0.277086 -0.0803204 1.22688
42.625 0.0229255 -0.285679 -0.0384611 1.44126
42.6562 0.013925 -0.289242 0.00876382 1.56451
42.6875 0.00488868 -0.288932 0.0584619 1.6011
42.7188 -0.0041136 -0.286212 0.107301 1.49202
42.75 -0.0128934 -0.273828 0.150014 1.22769
42.7812 -0.0211472 -0.253739 0.183731 0.924325
42.8125 -0.0287119 -0.229383 0.206969 0.550489
42.8438 -0.0353989 -0.197275 0.218443 0.208833
42.875 -0.0409882 -0.15999 0.221936 0.0377813
42.9062 -0.045372 -0.120044 0.221423 -0.067035
42.9375 -0.0484623 -0.077522 0.218262 -0.121956
42.9688 -0.0502167 -0.0347453 0.214485 -0.114898
43 -0.0506202 0.00924273 0.211155 -0.0969393
43.0312 -0.0496311 0.0538994 0.208548 -0.0706885
43.0625 -0.0472717 0.0967423 0.206309 -0.0842319
43.0938 -0.0436133 0.136669 0.202491 -0.173323
43.125 -0.0387968 0.170316 0.194491 -0.356842
43.1562 -0.0330437 0.196753 0.179207 -0.631182
43.1875 -0.0265813 0.215255 0.154708 -0.942352
43.2188 -0.0196928 0.224231 0.119717 -1.30685
43.25 -0.0126248 0.227448 0.0730091 -1.67025
43.2812 -0.00552842 0.225719 0.0164894 -1.92935
43.3125 0.00143313 0.219537 -0.0467047 -2.09951
43.3438 0.00820338 0.214043 -0.113117 -2.11554
43.375 0.0148117 0.208719 -0.176813 -1.93602
43.4062 0.021255 0.204229 -0.233057 -1.64747
43.4375 0.0276269 0.204316 -0.278354 -1.22394
43.4688 0.0340593 0.20795 -0.308063 -0.660801
43.5 0.0406853 0.21745 -0.31893 -0.0257658
43.5312 0.0477278 0.234199 -0.309485 0.62214
43.5625 0.0553718 0.25599 -0.281353 1.15041
43.5938 0.0638118 0.285644 -0.239067 1.53871
43.625 0.0732904 0.321526 -0.186248 1.81945
43.6562 0.0839358 0.360541 -0.126942 1.95443
43.6875 0.0958928 0.405781 -0.0648412 2.0143
43.7188 0.109334 0.454559 -0.00172159 2.00532
43.75 0.124309 0.50418 0.0589281 1.85231
43.7812 0.140868 0.555706 0.112845 1.58201
43.8125 0.159032 0.606681 0.156863 1.22389
43.8438 0.178795 0.658457 0.189207 0.853712
43.875 0.200188 0.710193 0.211004 0.555698
43.9062 0.223135 0.757849 0.224935 0.354009
43.9375 0.247543 0.804268 0.234158 0.24586
43.9688 0.273377 0.848341 0.24031 0.143215
44 0.300521 0.888561 0.243106 0.0415487
44.0312 0.328906 0.927766 0.243087 -0.0495618
44.0625 0.358463 0.963042 0.239127 -0.216093
44.0938 0.389077 0.996526 0.229526 -0.391468
44.125 0.420753 1.03017 0.214668 -0.572068
44.1562 0.45338 1.0564 0.19265 -0.849332
44.1875 0.486716 1.0767 0.161643 -1.12588
44.2188 0.520633 1.0927 0.122636 -1.37154
44.25 0.5549 1.09875 0.0758638 -1.61627
44.2812 0.589249 1.09925 0.0225197 -1.77776
44.3125 0.623572 1.09641 -0.0339403 -1.81434
44.3438 0.6577 1.08686 -0.0894474 -1.71396
44.375 0.691478 1.07486 -0.139559 -1.46924
44.4062 0.724855 1.06041 -0.17974 -1.07822
44.4375 0.757691 1.04027 -0.205759 -0.576016
44.4688 0.789844 1.01727 -0.215439 -0.0400916
44.5 0.821242 0.991538 -0.207883 0.530453
44.5312 0.851785 0.963073 -0.182221 1.10517
44.5625 0.881441 0.93514 -0.139524 1.61461
44.5938 0.910256 0.90967 -0.082187 2.03718
44.625 0.938348 0.889196 -0.0135688 2.33202
44.6562 0.965892 0.874589 0.0625239 2.5278
44.6875 0.993084 0.867297 0.143964 2.67762
44.7188 1.02021 0.870818 0.229504 2.79223
44.75 1.04761 0.883566 0.318001 2.85648
44.7812 1.07554 0.906472 0.406572 2.7859
44.8125 1.1044 0.942345 0.490892 2.59867
44.8438 1.13452 0.986374 0.56839 2.35132
44.875 1.16612 1.03754 0.63752 2.07807
44.9062 1.19945 1.0966 0.699188 1.88523
44.9375 1.23468 1.15803 0.755907 1.74741
44.9688 1.27183 1.21919 0.808703 1.64058
45 1.31085 1.27699 0.858796 1.56211
45.0312 1.35157 1.32807 0.905837 1.44446
45.0625 1.39379 1.37335 0.949317 1.34311
45.0938 1.43731 1.41035 0.98947 1.21385
45.125 1.48184 1.4379 1.02475 1.0481
45.1562 1.52711 1.45859 1.05535 0.907349
45.1875 1.57293 1.47273 1.08063 0.69753
45.2188 1.6191 1.48132 1.09889 0.479704
45.25 1.66546 1.48495 1.11103 0.299277
45.2812 1.71188 1.48595 1.11786 0.150748
45.3125 1.75835 1.48875 1.12158 0.103313
45.3438 1.80496 1.49434 1.125 0.126583
45.375 1.8518 1.50472 1.13055 0.248869
45.4062 1.89906 1.52089 1.14161 0.472937
45.4375 1.9469 1.54112 1.1611 0.791203
45.4688 1.99544 1.56619 1.19175 1.17129
45.5 2.04481 1.59385 1.23415 1.54401
45.5312 2.09506 1.62223 1.28849 1.93041
45.5625 2.14623 1.65361 1.35367 2.21394
45.5938 2.19841 1.68534 1.42542 2.36157
45.625 2.25155 1.71587 1.50003 2.38592
45.6562 2.30565 1.7461 1.5727 2.24045
45.6875 2.36062 1.77031 1.639 1.98929
45.7188 2.41621 1.78616 1.69635 1.6743
45.75 2.47216 1.79279 1.74323 1.31212
45.7812 2.5281 1.78459 1.7767 0.797786
45.8125 2.58356 1.76313 1.79172 0.156243
45.8438 2.63816 1.72839 1.78634 -0.503517
45.875 2.69141 1.6768 1.76039 -1.13931
45.9062 2.74283 1.61247 1.71755 -1.55201
45.9375 2.79205 1.53545 1.66627 -1.69004
45.9688 2.83866 1.44548 1.61454 -1.57364
46 2.88231 1.34693 1.57077 -1.19232
46.0312 2.92274 1.23924 1.54127 -0.685681
46.0625 2.95969 1.12429 1.52861 -0.106312
46.0938 2.99298 1.00572 1.53622 0.619734
46.125 3.02251 0.884438 1.56829 1.42988
46.1562 3.04828 0.765505 1.62441 2.13458
46.1875 3.07043 0.653454 1.70015 2.69307
46.2188 3.08919 0.548446 1.79142 3.12201
46.25 3.10485 0.456861 1.89346 3.38096
46.2812 3.11795 0.384532 2.00119 3.4887
46.3125 3.12905 0.328956 2.10971 3.42496
46.3438 3.13871 0.292694 2.21336 3.18221
46.375 3.14757 0.277969 2.30711 2.79605
46.4062 3.15625 0.279777 2.38705 2.31047
46.4375 3.16519 0.294155 2.45145 1.81531
46.4688 3.17471 0.315534 2.50077 1.34389
46.5 3.18492 0.337544 2.53554 0.885489
46.5312 3.19576 0.354872 2.55696 0.50894
46.5625 3.20698 0.361011 2.56898 0.281063
46.5938 3.21815 0.350478 2.57513 0.115549
46.625 3.22865 0.317581 2.57661 -0.0102938
46.6562 3.23773 0.259452 2.57494 -0.0947144
46.6875 3.2446 0.17592 2.57096 -0.147302
46.7188 3.24846 0.0669325 2.56685 -0.102717
46.75 3.24858 -0.0616677 2.56438 -0.0705493
46.7812 3.24449 -0.201672 2.56139 -0.136535
46.8125 3.23593 -0.345822 2.55472 -0.310228
46.8438 3.2229 -0.487254 2.54129 -0.543863
46.875 3.20558 -0.619608 2.52206 -0.660298
46.9062 3.18433 -0.737634 2.50108 -0.675089
46.9375 3.15962 -0.840945 2.48015 -0.659766
46.9688 3.13196 -0.926423 2.46011 -0.623029
47 3.10193 -0.99257 2.44067 -0.635839
47.0312 3.07007 -1.04361 2.41953 -0.724202
47.0625 3.03687 -1.07854 2.39537 -0.820919
47.0938 3.0028 -1.10088 2.36817 -0.920945
47.125 2.96813 -1.11666 2.33808 -0.995896
47.1562 2.93309 -1.12528 2.30627 -1.0403
47.1875 2.89782 -1.13172 2.27302 -1.08648
47.2188 2.86233 -1.14032 2.23817 -1.15607
47.25 2.82654 -1.15015 2.19997 -1.28902
47.2812 2.7904 -1.16402 2.15871 -1.32816
47.3125 2.75375 -1.18144 2.11753 -1.31135
47.3438 2.71655 -1.19988 2.0768 -1.28123
47.375 2.67875 -1.21975 2.03872 -1.14164
47.4062 2.64033 -1.23874 2.00571 -0.968302
47.4375 2.60133 -1.25672 1.97896 -0.723488
47.4688 2.5618 -1.27244 1.96159 -0.380672
47.5 2.52187 -1.28251 1.95479 -0.0713618
47.5312 2.48167 -1.28976 1.95594 0.129603
47.5625 2.44131 -1.2926 1.96204 0.242663
47.5938 2.40096 -1.28904 1.96935 0.190833
47.625 2.36077 -1.28246 1.97227 -0.0203602
47.6562 2.32086 -1.271 1.96724 -0.318077
47.6875 2.28136 -1.25648 1.95129 -0.714235
47.7188 2.24234 -1.24006 1.92224 -1.15368
47.75 2.20394 -1.21642 1.87783 -1.72013
47.7812 2.16634 -1.18992 1.81305 -2.44224
47.8125 2.12957 -1.16317 1.72455 -3.22995
47.8438 2.09368 -1.13312 1.61102 -4.02546
47.875 2.05873 -1.10445 1.47468 -4.66114
47.9062 2.02463 -1.07792 1.32223 -5.05785
47.9375 1.99135 -1.05314 1.16065 -5.25607
47.9688 1.95876 -1.03335 0.994854 -5.34482
48 1.92674 -1.01642 0.827204 -5.37021
48.0312 1.89517 -1.00563 0.660516 -5.27378
48.0625 1.86377 -1.0051 0.499075 -5.03516
48.0938 1.83227 -1.01277 0.347236 -4.66217
48.125 1.80034 -1.03292 0.208626 -4.19954
48.1562 1.76757 -1.06617 0.0852018 -3.69223
48.1875 1.73362 -1.10814 -0.0216063 -3.13579
48.2188 1.69821 -1.15974 -0.110578 -2.56011
48.25 1.66108 -1.21682 -0.181799 -1.9974
48.2812 1.62216 -1.27427 -0.234883 -1.38597
48.3125 1.58142 -1.33282 -0.267817 -0.721603
48.3438 1.53889 -1.38833 -0.280301 -0.0788245
48.375 1.49474 -1.43582 -0.272155 0.615204
48.4062 1.44921 -1.47692 -0.24157 1.33022
48.4375 1.40251 -1.51028 -0.190287 1.93427
48.4688 1.35494 -1.5322 -0.121266 2.47505
48.5 1.30684 -1.54494 -0.0367456 2.9055
48.5312 1.25848 -1.5482 0.0585616 3.17248
48.5625 1.21021 -1.53921 0.160317 3.31402
48.5938 1.16238 -1.52037 0.263342 3.23574
48.625 1.11527 -1.49337 0.360275 2.94461
48.6562 1.06914 -1.45781 0.446567 2.56926
48.6875 1.02424 -1.41479 0.520103 2.12065
48.7188 0.980762 -1.36702 0.57803 1.5725
48.75 0.938823 -1.31663 0.617865 0.97245
48.7812 0.898493 -1.26431 0.638321 0.322029
48.8125 0.859798 -1.21251 0.636869 -0.428425
48.8438 0.822695 -1.16232 0.611592 -1.17332
48.875 0.787121 -1.11541 0.565125 -1.76973
48.9062 0.752897 -1.07628 0.503186 -2.15443
48.9375 0.719802 -1.04211 0.432979 -2.30478
48.9688 0.68774 -1.01072 0.360476 -2.32601
49 0.656557 -0.986141 0.2878 -2.32518
49.0312 0.626072 -0.96491 0.215039 -2.33453
49.0625 0.596241 -0.944792 0.14191 -2.33856
49.0938 0.566977 -0.928681 0.0697678 -2.26126
49.125 0.53819 -0.913643 0.00147588 -2.09885
49.1562 0.509855 -0.900529 -0.0608395 -1.88084
49.1875 0.481872 -0.890379 -0.115706 -1.62826
49.2188 0.454232 -0.878152 -0.16251 -1.36332
49.25 0.426984 -0.866173 -0.200483 -1.05987
49.2812 0.400084 -0.855015 -0.2285 -0.730814
49.3125 0.37359 -0.840056 -0.245845 -0.371203
49.3438 0.34758 -0.825038 -0.251272 0.0268849
49.375 0.322011 -0.811161 -0.244067 0.437833
49.4062 0.296901 -0.795774 -0.223617 0.871289
49.4375 0.272262 -0.781437 -0.190187 1.25268
49.4688 0.248061 -0.767175 -0.14603 1.56979
49.5 0.224331 -0.75148 -0.0922925 1.85785
49.5312 0.20109 -0.735885 -0.0312843 2.02079
49.5625 0.178361 -0.718184 0.0327255 2.06078
49.5938 0.156238 -0.697154 0.0965385 2.00545
49.625 0.134826 -0.672414 0.157104 1.86067
49.6562 0.114271 -0.642236 0.212303 1.66032
49.6875 0.0947307 -0.607727 0.259984 1.38133
49.7188 0.076331 -0.569096 0.29867 1.10096
49.75 0.0592011 -0.526844 0.328754 0.813851
49.7812 0.0434153 -0.483278 0.348877 0.471695
49.8125 0.029007 -0.438839 0.358428 0.137779
49.8438 0.0159646 -0.396592 0.356684 -0.264343
49.875 0.00417471 -0.358497 0.342094 -0.644128
49.9062 -0.0064692 -0.32334 0.318503 -0.837766
49.9375 -0.0161009 -0.294528 0.290916 -0.910197
49.9688 -0.0249692 -0.274397 0.263037 -0.852093
