0 0 0 0 0
0.03125 0.0004375 0.028 2.22251e-37 2.47065e-34
0.0625 0.00175 0.056 1.47553e-27 7.55702e-25
0.09375 0.0039375 0.084 5.51743e-22 1.84787e-19
0.125 0.007 0.112 4.28252e-18 1.05661e-15
0.15625 0.0109375 0.14 3.83328e-15 7.36234e-13
0.1875 0.01575 0.168 8.37015e-13 1.29679e-10
0.21875 0.0214375 0.196 6.83767e-11 8.75386e-09
0.25 0.028 0.224 2.62457e-09 2.783e-07
0.28125 0.0354375 0.252 5.37891e-08 4.73206e-06
0.3125 0.0437499 0.279993 6.68026e-07 4.9244e-05
0.34375 0.0529369 0.307977 5.45466e-06 0.000331085
0.375 0.0629991 0.336028 2.98259e-05 0.00144042
0.40625 0.0739417 0.364358 0.000114683 0.00440346
0.4375 0.0857728 0.392769 0.000336044 0.0102715
0.46875 0.0984761 0.419874 0.000779518 0.0183042
0.5 0.11199 0.444754 0.00149541 0.0280506
0.53125 0.126279 0.470259 0.00258793 0.0428348
0.5625 0.14143 0.500172 0.00421025 0.0612203
0.59375 0.157567 0.532617 0.00643305 0.0817296
0.625 0.174713 0.56487 0.00938275 0.108091
0.65625 0.192909 0.600533 0.013231 0.138536
0.6875 0.212278 0.638835 0.0180581 0.170737
0.71875 0.232762 0.670479 0.0239328 0.205908
0.75 0.254109 0.695277 0.0309729 0.245185
0.78125 0.276218 0.719604 0.039249 0.283768
0.8125 0.299036 0.739434 0.0486814 0.320415
0.84375 0.322363 0.753101 0.0593534 0.363627
0.875 0.346121 0.767848 0.0713909 0.405588
0.90625 0.370348 0.782045 0.0846849 0.446631
0.9375 0.394962 0.793248 0.0994312 0.498113
0.96875 0.419964 0.807667 0.115751 0.544389
1 0.445462 0.823997 0.133425 0.588249
1.03125 0.471452 0.83964 0.15263 0.641257
1.0625 0.497991 0.859763 0.173412 0.686894
1.09375 0.525216 0.882631 0.195536 0.730146
1.125 0.553156 0.906026 0.21911 0.778432
1.15625 0.581898 0.934333 0.244116 0.820826
1.1875 0.611578 0.965204 0.270406 0.86249
1.21875 0.642232 0.997189 0.298057 0.907204
1.25 0.673957 1.03398 0.327083 0.950008
1.28125 0.706874 1.07268 0.357434 0.993069
1.3125 0.741012 1.11283 0.389206 1.04127
1.34375 0.776475 1.15733 0.422549 1.09291
1.375 0.813354 1.20291 0.457553 1.14866
1.40625 0.851673 1.25012 0.494422 1.21115
1.4375 0.891528 1.30099 0.533132 1.26321
1.46875 0.932988 1.35249 0.573288 1.30862
1.5 0.976081 1.40605 0.615228 1.3823
1.53125 1.02089 1.46176 0.660115 1.497
1.5625 1.06742 1.51619 0.70909 1.63841
1.59375 1.11567 1.57222 0.76218 1.74811
1.625 1.16572 1.6313 0.817623 1.79326
1.65625 1.21764 1.69168 0.874296 1.83957
1.6875 1.27147 1.75352 0.932851 1.9071
1.71875 1.32722 1.81381 0.993188 1.94922
1.75 1.38481 1.87217 1.0546 1.98454
1.78125 1.44423 1.9308 1.11755 2.04881
1.8125 1.50545 1.98621 1.18278 2.12546
1.84375 1.56835 2.03936 1.25022 2.18771
1.875 1.63295 2.0962 1.31943 2.24183
1.90625 1.69939 2.15587 1.39038 2.29901
1.9375 1.76768 2.21467 1.46308 2.3548
1.96875 1.83777 2.27054 1.53785 2.4368
2 1.90956 2.32293 1.61544 2.52097
2.03125 1.98291 2.37092 1.69454 2.52801
2.0625 2.05764 2.40994 1.77312 2.50226
2.09375 2.13344 2.44035 1.85064 2.44135
2.125 2.21013 2.46665 1.924 2.22673
2.15625 2.28753 2.48602 1.98895 1.92942
2.1875 2.36542 2.498 2.04459 1.62399
2.21875 2.44363 2.5072 2.08954 1.23888
2.25 2.52207 2.51148 2.12171 0.824532
2.28125 2.60052 2.50801 2.14151 0.447929
2.3125 2.67875 2.49729 2.14994 0.0940081
2.34375 2.7565 2.47733 2.14742 -0.256496
2.375 2.83345 2.44476 2.13399 -0.595845
2.40625 2.90914 2.39708 2.11083 -0.878174
2.4375 2.98311 2.3346 2.07902 -1.16568
2.46875 3.0549 2.25664 2.03792 -1.45218
2.5 3.12397 2.16153 1.98966 -1.61507
2.53125 3.18986 2.0534 1.93763 -1.71158
2.5625 3.2522 1.93464 1.88321 -1.75394
2.59375 3.31067 1.80606 1.82926 -1.68244
2.625 3.36503 1.6729 1.7789 -1.52367
2.65625 3.41521 1.53827 1.73556 -1.22271
2.6875 3.46119 1.4048 1.70373 -0.804972
2.71875 3.50304 1.27406 1.68539 -0.369823
2.75 3.54085 1.14702 1.68048 0.0534416
2.78125 3.57479 1.02555 1.68893 0.500096
2.8125 3.60499 0.908326 1.71298 1.05702
2.84375 3.63163 0.798099 1.75515 1.62798
2.875 3.65495 0.6947 1.81346 2.08368
2.90625 3.67505 0.592021 1.88437 2.44241
2.9375 3.69196 0.490346 1.9657 2.76347
2.96875 3.7057 0.388502 2.0574 3.10795
3 3.71621 0.283752 2.15938 3.39991
3.03125 3.72341 0.176814 2.269 3.61345
3.0625 3.72725 0.0686784 2.38562 3.85653
3.09375 3.72772 -0.0384109 2.50999 4.09928
3.125 3.72484 -0.145712 2.64201 4.36203
3.15625 3.71858 -0.255855 2.78321 4.67232
3.1875 3.7088 -0.370591 2.93293 4.88306
3.21875 3.69537 -0.489711 3.08669 4.9309
3.25 3.67821 -0.608208 3.23959 4.83492
3.28125 3.65736 -0.725887 3.38822 4.67397
3.3125 3.63286 -0.840985 3.53132 4.47097
3.34375 3.60492 -0.945325 3.66653 4.16516
3.375 3.57389 -1.03914 3.79092 3.78895
3.40625 3.54005 -1.12542 3.90297 3.37544
3.4375 3.50365 -1.20262 4.00108 2.88113
3.46875 3.46497 -1.27115 4.08106 2.20361
3.5 3.42426 -1.3337 4.13749 1.40393
3.53125 3.38167 -1.39138 4.16892 0.603058
3.5625 3.33738 -1.44113 4.17405 -0.29968
3.59375 3.2917 -1.48105 4.14934 -1.27629
3.625 3.24491 -1.5118 4.09564 -2.13235
3.65625 3.19733 -1.53125 4.0176 -2.84228
3.6875 3.14935 -1.53763 3.9191 -3.44243
3.71875 3.10135 -1.53226 3.80389 -3.90457
3.75 3.05367 -1.51784 3.67662 -4.22367
3.78125 3.00656 -1.49589 3.54034 -4.49759
3.8125 2.96025 -1.46723 3.39581 -4.73857
3.84375 2.91489 -1.43594 3.24534 -4.87423
3.875 2.87051 -1.4044 3.0919 -4.93898
3.90625 2.82713 -1.37167 2.93705 -4.96621
3.9375 2.78477 -1.33995 2.78177 -4.96653
3.96875 2.74335 -1.31117 2.62723 -4.91253
4 2.70281 -1.28322 2.47505 -4.83073
4.03125 2.66316 -1.2539 2.32493 -4.77663
4.0625 2.62444 -1.22432 2.1771 -4.6722
4.09375 2.58663 -1.19628 2.03325 -4.53577
4.125 2.54967 -1.16912 1.89369 -4.38597
4.15625 2.51354 -1.14385 1.7603 -4.13053
4.1875 2.47814 -1.12198 1.63632 -3.80045
4.21875 2.44339 -1.10213 1.52259 -3.48562
4.25 2.40923 -1.08525 1.41788 -3.22667
4.28125 2.37551 -1.07351 1.32024 -3.03404
4.3125 2.34207 -1.06777 1.22753 -2.90956
4.34375 2.30869 -1.07031 1.13781 -2.84169
4.375 2.27504 -1.0855 1.04919 -2.84382
4.40625 2.2407 -1.11444 0.959274 -2.92283
4.4375 2.2053 -1.15187 0.865517 -3.0996
4.46875 2.16864 -1.19566 0.764315 -3.38403
4.5 2.13051 -1.2455 0.654853 -3.5955
4.53125 2.09078 -1.29781 0.540799 -3.69812
4.5625 2.04939 -1.35079 0.423788 -3.78324
4.59375 2.00637 -1.40208 0.305544 -3.75884
4.625 1.96176 -1.45317 0.190262 -3.60183
4.65625 1.91553 -1.50568 0.081273 -3.36377
4.6875 1.86772 -1.55296 -0.0196177 -3.08914
4.71875 1.81853 -1.59484 -0.111275 -2.76329
4.75 1.76806 -1.63404 -0.191523 -2.36566
4.78125 1.71649 -1.66469 -0.259089 -1.96068
4.8125 1.66413 -1.6853 -0.314133 -1.56171
4.84375 1.61123 -1.69909 -0.35642 -1.1325
4.875 1.55801 -1.70505 -0.383677 -0.592374
4.90625 1.50474 -1.70304 -0.393237 -0.0360402
4.9375 1.45164 -1.69469 -0.387325 0.401092
4.96875 1.39888 -1.6816 -0.368015 0.842961
5 1.34656 -1.66656 -0.335036 1.24285
5.03125 1.29474 -1.64912 -0.29207 1.49211
5.0625 1.24352 -1.62905 -0.241409 1.7677
5.09375 1.19291 -1.61032 -0.181131 2.0793
5.125 1.14287 -1.59205 -0.112755 2.27911
5.15625 1.09343 -1.57188 -0.0388177 2.46376
5.1875 1.0446 -1.55433 0.0418634 2.70151
5.21875 0.996256 -1.53923 0.129523 2.89464
5.25 0.948441 -1.51998 0.221723 2.98553
5.28125 0.901283 -1.49828 0.314503 2.9227
5.3125 0.854782 -1.47775 0.40257 2.68676
5.34375 0.80896 -1.45401 0.480872 2.30108
5.375 0.763938 -1.42756 0.54513 1.79698
5.40625 0.719709 -1.40348 0.592637 1.23737
5.4375 0.676225 -1.37909 0.621887 0.620772
5.46875 0.633533 -1.35329 0.630478 -0.0838569
5.5 0.591632 -1.3283 0.616214 -0.830083
5.53125 0.550547 -1.3004 0.578803 -1.55695
5.5625 0.510383 -1.2702 0.51972 -2.20434
5.59375 0.471127 -1.24274 0.442573 -2.70809
5.625 0.432694 -1.21714 0.351708 -3.09171
5.65625 0.395043 -1.19284 0.250523 -3.35668
5.6875 0.358126 -1.16991 0.144089 -3.41997
5.71875 0.321918 -1.14765 0.0383851 -3.32937
5.75 0.286379 -1.1269 -0.0631646 -3.15324
5.78125 0.251522 -1.10284 -0.157423 -2.85941
5.8125 0.217512 -1.07341 -0.240959 -2.47678
5.84375 0.184428 -1.04408 -0.31163 -2.036
5.875 0.152282 -1.01234 -0.367566 -1.53343
5.90625 0.121209 -0.975987 -0.406707 -0.957964
5.9375 0.0912726 -0.940238 -0.42684 -0.329878
5.96875 0.0624432 -0.904644 -0.427894 0.248825
6 0.034735 -0.868921 -0.411834 0.776816
6.03125 0.00811859 -0.834588 -0.379409 1.29396
6.0625 -0.0174188 -0.79978 -0.33147 1.76566
6.09375 -0.0418916 -0.767121 -0.269387 2.20508
6.125 -0.0653824 -0.735973 -0.193774 2.63245
6.15625 -0.0878493 -0.701414 -0.104972 3.04708
6.1875 -0.109227 -0.66725 -0.00390912 3.4065
6.21875 -0.129572 -0.63462 0.106994 3.67749
6.25 -0.148858 -0.599261 0.224826 3.83541
6.28125 -0.167026 -0.563839 0.344094 3.7483
6.3125 -0.184107 -0.529073 0.456268 3.39326
6.34375 -0.200058 -0.491162 0.554114 2.83889
6.375 -0.21478 -0.450885 0.63227 2.15097
6.40625 -0.228229 -0.409654 0.688181 1.4187
6.4375 -0.24037 -0.367127 0.719767 0.578419
6.46875 -0.25114 -0.321295 0.723308 -0.355475
6.5 -0.260392 -0.270037 0.697725 -1.27966
6.53125 -0.267987 -0.215628 0.643328 -2.19873
6.5625 -0.273812 -0.155593 0.561116 -3.03989
6.59375 -0.277601 -0.0854362 0.455069 -3.71825
6.625 -0.279102 -0.0103351 0.330436 -4.23247
6.65625 -0.278225 0.0670473 0.192206 -4.58353
6.6875 -0.274877 0.147514 0.0462915 -4.71364
6.71875 -0.269006 0.228109 -0.100022 -4.61896
6.75 -0.260618 0.30884 -0.24065 -4.35269
6.78125 -0.2497 0.389864 -0.370211 -3.91299
6.8125 -0.23626 0.470114 -0.48416 -3.37171
6.84375 -0.220332 0.548914 -0.580602 -2.79361
6.875 -0.20198 0.625275 -0.658045 -2.14631
6.90625 -0.181259 0.700858 -0.71354 -1.38773
6.9375 -0.158203 0.773822 -0.744313 -0.586368
6.96875 -0.132964 0.840557 -0.750725 0.171789
7 -0.105682 0.905828 -0.73338 0.942558
7.03125 -0.0763355 0.972105 -0.692134 1.68181
7.0625 -0.0449696 1.03457 -0.629413 2.31598
7.09375 -0.0116827 1.0964 -0.548147 2.87756
7.125 0.0236062 1.1626 -0.449552 3.44018
7.15625 0.0609764 1.22871 -0.332872 4.01723
7.1875 0.100394 1.29433 -0.200235 4.43584
7.21875 0.141899 1.36212 -0.0570472 4.72293
7.25 0.185511 1.42861 0.0947954 4.98096
7.28125 0.231165 1.49303 0.252281 5.05657
7.3125 0.278797 1.55458 0.408452 4.90575
7.34375 0.32826 1.61012 0.556822 4.55317
7.375 0.379402 1.66284 0.690695 3.98194
7.40625 0.432167 1.71335 0.804204 3.26746
7.4375 0.486421 1.75798 0.894349 2.49681
7.46875 0.542008 1.79938 0.959913 1.69016
7.5 0.598859 1.83837 0.999126 0.80435
7.53125 0.656849 1.87217 1.00955 -0.140373
7.5625 0.715842 1.90324 0.990561 -1.0661
7.59375 0.775796 1.93353 0.943849 -1.90151
7.625 0.836663 1.96149 0.873383 -2.58017
7.65625 0.898369 1.98754 0.784316 -3.09113
7.6875 0.960883 2.0134 0.682236 -3.40711
7.71875 1.0242 2.03872 0.573302 -3.54037
7.75 1.08828 2.06206 0.462222 -3.54976
7.78125 1.15307 2.08452 0.352556 -3.45444
7.8125 1.21859 2.10932 0.247058 -3.2833
7.84375 1.28494 2.13749 0.148774 -2.97743
7.875 1.35218 2.16566 0.0624931 -2.53182
7.90625 1.42027 2.19213 -0.00925891 -2.05864
7.9375 1.48919 2.21846 -0.0656305 -1.53428
7.96875 1.55889 2.24091 -0.104341 -0.93762
8 1.62917 2.25601 -0.124545 -0.369963
8.03125 1.69984 2.26597 -0.128658 0.0876307
8.0625 1.77072 2.26868 -0.119877 0.469565
8.09375 1.84152 2.26158 -0.0991548 0.864517
8.125 1.91199 2.24724 -0.0652527 1.31311
8.15625 1.98189 2.22453 -0.016922 1.77827
8.1875 2.05089 2.1892 0.0459354 2.25159
8.21875 2.1186 2.14309 0.124257 2.75819
8.25 2.18475 2.08898 0.216974 3.14124
8.28125 2.24905 2.02399 0.318806 3.36152
8.3125 2.31116 1.95034 0.426585 3.5226
8.34375 2.37091 1.87315 0.53708 3.507
8.375 2.4282 1.79311 0.643568 3.29186
8.40625 2.48298 1.71336 0.743219 3.10623
8.4375 2.5353 1.63541 0.838667 3.00434
8.46875 2.58524 1.56155 0.930381 2.85083
8.5 2.63297 1.49384 1.01605 2.62125
8.53125 2.6786 1.42649 1.09364 2.33722
8.5625 2.72213 1.36007 1.16164 2.00497
8.59375 2.76366 1.29829 1.21846 1.63275
8.625 2.80329 1.23776 1.26455 1.33563
8.65625 2.84104 1.17918 1.30255 1.09732
8.6875 2.87705 1.12626 1.33356 0.906865
8.71875 2.91148 1.07836 1.36078 0.859404
8.75 2.9445 1.03561 1.38895 0.976848
8.78125 2.97627 0.998745 1.42385 1.2741
8.8125 3.00697 0.967176 1.46838 1.56474
8.84375 3.03677 0.940086 1.52179 1.87196
8.875 3.06575 0.915254 1.58688 2.31857
8.90625 3.09399 0.891906 1.66819 2.90594
8.9375 3.12149 0.867658 1.76928 3.56731
8.96875 3.14816 0.838801 1.8914 4.25912
9 3.17387 0.806003 2.03617 5.00817
9.03125 3.1985 0.769882 2.20379 5.70533
9.0625 3.22196 0.731003 2.39222 6.35125
9.09375 3.24416 0.688646 2.60055 6.9776
9.125 3.26493 0.639653 2.82807 7.57889
9.15625 3.28409 0.586141 3.07363 8.11949
9.1875 3.30154 0.529945 3.33403 8.51631
9.21875 3.31714 0.46757 3.60361 8.69367
9.25 3.33074 0.402803 3.87434 8.58129
9.28125 3.34238 0.343112 4.13665 8.15423
9.3125 3.35223 0.288016 4.38096 7.43982
9.34375 3.36046 0.240715 4.59962 6.52952
9.375 3.36741 0.206174 4.7876 5.47687
9.40625 3.37344 0.180992 4.94033 4.27638
9.4375 3.37882 0.165525 5.05429 3.01918
9.46875 3.38389 0.16045 5.12914 1.76031
9.5 3.3889 0.160853 5.16262 0.351384
9.53125 3.39399 0.165374 5.15021 -1.13938
9.5625 3.39926 0.17221 5.09225 -2.55968
9.59375 3.40475 0.178396 4.9906 -3.93595
9.625 3.41039 0.182273 4.84783 -5.16216
9.65625 3.41609 0.181813 4.67059 -6.14655
9.6875 3.42171 0.176802 4.46491 -7.01009
9.71875 3.42709 0.166747 4.23271 -7.84086
9.75 3.43208 0.152325 3.9761 -8.55359
9.78125 3.43658 0.134776 3.70011 -9.0772
9.8125 3.44049 0.11557 3.41076 -9.41077
9.84375 3.44382 0.098025 3.11406 -9.53728
9.875 3.44659 0.0780881 2.81765 -9.38233
9.90625 3.44862 0.0505531 2.53056 -8.9505
9.9375 3.44968 0.0156782 2.26057 -8.29566
9.96875 3.44947 -0.0313377 2.01366 -7.49087
10 3.44752 -0.0967227 1.79279 -6.64675
10.0312 3.44322 -0.181925 1.59758 -5.86466
10.0625 3.43596 -0.285678 1.42516 -5.17901
10.0938 3.42516 -0.409444 1.2744 -4.44654
10.125 3.41015 -0.553867 1.14895 -3.56297
10.1562 3.39039 -0.712738 1.05157 -2.6944
10.1875 3.36549 -0.882276 0.978292 -2.02874
10.2188 3.33519 -1.05782 0.923673 -1.46999
10.25 3.29938 -1.23355 0.886374 -0.923558
10.2812 3.25812 -1.40595 0.864972 -0.467665
10.3125 3.21158 -1.57154 0.855958 -0.121505
10.3438 3.15998 -1.7291 0.857006 0.18415
10.375 3.10364 -1.87406 0.866772 0.420989
10.4062 3.04304 -2.00167 0.881933 0.533374
10.4375 2.97871 -2.11261 0.90001 0.634011
10.4688 2.91117 -2.20732 0.922127 0.780632
10.5 2.84096 -2.2825 0.948119 0.869703
10.5312 2.76869 -2.34023 0.976134 0.925176
10.5625 2.69482 -2.38602 1.00613 0.994919
10.5938 2.61969 -2.42032 1.0382 1.05355
10.625 2.54366 -2.44419 1.07152 1.06989
10.6562 2.46703 -2.45785 1.10464 1.04734
10.6875 2.39013 -2.46295 1.13679 1.00126
10.7188 2.31317 -2.46083 1.16631 0.873317
10.75 2.23644 -2.44817 1.19086 0.696705
10.7812 2.16024 -2.42832 1.21005 0.538747
10.8125 2.08472 -2.40317 1.22522 0.443102
10.8438 2.01013 -2.36989 1.23792 0.364021
10.875 1.93664 -2.33308 1.24773 0.268963
10.9062 1.86433 -2.29406 1.25549 0.23747
10.9375 1.7933 -2.25151 1.26255 0.205786
10.9688 1.7236 -2.20937 1.26783 0.125449
11 1.65521 -2.16732 1.26976 -0.0172362
11.0312 1.58816 -2.12377 1.26583 -0.241697
11.0625 1.52247 -2.08051 1.25463 -0.47318
11.0938 1.45811 -2.03915 1.23617 -0.711756
11.125 1.39498 -2.00255 1.21015 -0.951449
11.1562 1.33291 -1.97011 1.17647 -1.21797
11.1875 1.27181 -1.94119 1.13277 -1.59846
11.2188 1.2115 -1.91982 1.07567 -2.06697
11.25 1.15178 -1.90285 1.00294 -2.59303
11.2812 1.09259 -1.88516 0.914313 -3.04791
11.3125 1.03394 -1.86855 0.815039 -3.26467
11.3438 0.975811 -1.85109 0.712177 -3.29732
11.375 0.918287 -1.82989 0.610113 -3.21633
11.4062 0.861476 -1.80528 0.512328 -3.02234
11.4375 0.805512 -1.77549 0.422634 -2.6927
11.4688 0.750552 -1.74155 0.345393 -2.2376
11.5 0.696684 -1.70558 0.283091 -1.74731
11.5312 0.643981 -1.66708 0.236546 -1.22494
11.5625 0.592486 -1.6291 0.206431 -0.714867
11.5938 0.542133 -1.59374 0.190876 -0.292669
11.625 0.492882 -1.55811 0.187701 0.0810123
11.6562 0.444747 -1.52295 0.194827 0.349644
11.6875 0.39766 -1.49105 0.208058 0.478368
11.7188 0.351569 -1.45792 0.22365 0.500173
11.75 0.306597 -1.41965 0.238126 0.413213
11.7812 0.26285 -1.38026 0.249201 0.294547
11.8125 0.220342 -1.33957 0.256109 0.135342
11.8438 0.179194 -1.29272 0.257255 -0.0560638
11.875 0.139607 -1.24016 0.253474 -0.174817
11.9062 0.101725 -1.18349 0.246172 -0.305658
11.9375 0.0657038 -1.12062 0.233836 -0.478869
11.9688 0.031768 -1.0501 0.217276 -0.563692
12 0.000134366 -0.973566 0.198683 -0.644768
12.0312 -0.0290197 -0.891275 0.175255 -0.878361
12.0625 -0.0555158 -0.803837 0.143262 -1.16465
12.0938 -0.0792237 -0.712785 0.102832 -1.42026
12.125 -0.10002 -0.617724 0.0548192 -1.63793
12.1562 -0.117849 -0.524238 0.001838 -1.73453
12.1875 -0.132834 -0.435203 -0.0536312 -1.83504
12.2188 -0.145066 -0.348305 -0.11425 -2.05734
12.25 -0.15469 -0.269306 -0.182008 -2.26305
12.2812 -0.161969 -0.196948 -0.254283 -2.33627
12.3125 -0.167018 -0.127047 -0.326314 -2.24675
12.3438 -0.170006 -0.0659053 -0.393036 -1.99512
12.375 -0.171201 -0.0107867 -0.449186 -1.57393
12.4062 -0.170693 0.0425062 -0.490692 -1.08327
12.4375 -0.168638 0.0872465 -0.516956 -0.591337
12.4688 -0.165318 0.124716 -0.52692 -0.0364824
12.5 -0.160852 0.160897 -0.518947 0.551272
12.5312 -0.155294 0.194159 -0.491873 1.18975
12.5625 -0.148749 0.224526 -0.445128 1.77383
12.5938 -0.141257 0.255139 -0.382887 2.19332
12.625 -0.132792 0.286861 -0.308059 2.59731
12.6562 -0.123306 0.32068 -0.221584 2.90332
12.6875 -0.112719 0.357354 -0.128596 3.02864
12.7188 -0.100942 0.396927 -0.032937 3.08155
12.75 -0.0878773 0.439603 0.0626988 3.01464
12.7812 -0.0734577 0.483106 0.154383 2.84393
12.8125 -0.0577001 0.525128 0.240003 2.6276
12.8438 -0.0406514 0.565632 0.318185 2.37333
12.875 -0.0223956 0.601517 0.388187 2.09818
12.9062 -0.0031479 0.628896 0.448109 1.71166
12.9375 0.0168396 0.649492 0.494034 1.2212
12.9688 0.0374018 0.665738 0.524415 0.720202
13 0.0583905 0.676486 0.538285 0.1496
13.0312 0.079621 0.68153 0.532977 -0.492165
13.0625 0.100964 0.684406 0.507742 -1.11923
13.0938 0.122403 0.687675 0.463041 -1.74029
13.125 0.143931 0.689804 0.399728 -2.28725
13.1562 0.165506 0.691245 0.32183 -2.67619
13.1875 0.187173 0.696242 0.233207 -2.98868
13.2188 0.20906 0.70482 0.135749 -3.23266
13.25 0.231225 0.713734 0.0319115 -3.40931
13.2812 0.253691 0.724791 -0.0772074 -3.56354
13.3125 0.276574 0.740346 -0.189032 -3.55016
13.3438 0.299983 0.758054 -0.296219 -3.26693
13.375 0.323971 0.777651 -0.390907 -2.76324
13.4062 0.348619 0.800177 -0.467728 -2.14559
13.4375 0.373986 0.823193 -0.524782 -1.49908
13.4688 0.400058 0.845291 -0.560683 -0.789116
13.5 0.426807 0.866326 -0.57437 -0.104031
13.5312 0.454175 0.884678 -0.568151 0.498101
13.5625 0.482065 0.899811 -0.542777 1.13587
13.5938 0.510397 0.913345 -0.497099 1.77759
13.625 0.539149 0.926825 -0.432782 2.31571
13.6562 0.568322 0.940122 -0.353885 2.71271
13.6875 0.597901 0.952939 -0.263919 3.04359
13.7188 0.627887 0.966442 -0.16384 3.34956
13.75 0.658329 0.982324 -0.0558531 3.54014
13.7812 0.689304 1.00021 0.0564696 3.63626
13.8125 0.720842 1.01826 0.170245 3.61962
13.8438 0.752965 1.03821 0.281305 3.47622
13.875 0.785767 1.06147 0.387118 3.28524
13.9062 0.819312 1.08545 0.485188 2.95992
13.9375 0.853635 1.1121 0.570434 2.47768
13.9688 0.888881 1.14438 0.639216 1.91178
14 0.925178 1.17875 0.689129 1.27212
14.0312 0.962584 1.2163 0.718278 0.588937
14.0625 1.00128 1.26091 0.725852 -0.100823
14.0938 1.0414 1.30637 0.712516 -0.740794
14.125 1.08288 1.3481 0.680348 -1.30324
14.1562 1.12565 1.38914 0.632298 -1.74744
14.1875 1.16966 1.42596 0.572685 -2.04492
14.2188 1.21469 1.45475 0.505845 -2.2121
14.25 1.26053 1.4784 0.43535 -2.29509
14.2812 1.30703 1.49683 0.362284 -2.3794
14.3125 1.35404 1.51118 0.287699 -2.3636
14.3438 1.40146 1.52365 0.216561 -2.16004
14.375 1.44922 1.53251 0.154728 -1.7561
14.4062 1.49726 1.54268 0.109461 -1.10998
14.4375 1.5457 1.55782 0.0859509 -0.400321
14.4688 1.59461 1.57255 0.0841762 0.288194
14.5 1.64399 1.58847 0.103966 0.972416
14.5312 1.69394 1.60858 0.14459 1.63006
14.5625 1.74452 1.6281 0.206573 2.34892
14.5938 1.79569 1.64695 0.291506 3.07944
14.625 1.84747 1.66701 0.398512 3.7608
14.6562 1.89987 1.68616 0.525709 4.35925
14.6875 1.95285 1.70456 0.669779 4.85109
14.7188 2.00638 1.72103 0.828638 5.30714
14.75 2.06036 1.73275 1.00011 5.63849
14.7812 2.11462 1.73856 1.17996 5.86948
14.8125 2.16894 1.73677 1.36666 6.057
14.8438 2.22311 1.72929 1.55582 6.00105
14.875 2.27698 1.71748 1.74015 5.79737
14.9062 2.33039 1.7001 1.91859 5.61539
14.9375 2.38323 1.68182 2.0893 5.27261
14.9688 2.43554 1.66652 2.24663 4.79011
15 2.48741 1.65406 2.38857 4.28906
15.0312 2.53895 1.64491 2.51426 3.75121
15.0625 2.59026 1.63944 2.62304 3.2105
15.0938 2.64147 1.63869 2.71474 2.65873
15.125 2.69269 1.6395 2.78979 2.15782
15.1562 2.74393 1.64008 2.85015 1.70904
15.1875 2.79522 1.64315 2.89713 1.31488
15.2188 2.84662 1.64588 2.93348 1.02146
15.25 2.8981 1.64911 2.96106 0.744703
15.2812 2.94973 1.65603 2.98044 0.504057
15.3125 3.0016 1.6631 2.99277 0.287405
15.3438 3.05367 1.66923 2.99932 0.160784
15.375 3.1059 1.67356 3.00483 0.216666
15.4062 3.15824 1.67548 3.01342 0.327673
15.4375 3.2106 1.67467 3.02443 0.358087
15.4688 3.26285 1.66857 3.0347 0.284846
15.5 3.31486 1.66005 3.04123 0.112113
15.5312 3.36658 1.64933 3.04045 -0.169666
15.5625 3.41788 1.63248 3.03156 -0.367545
15.5938 3.46853 1.60795 3.01939 -0.392421
15.625 3.51827 1.57393 3.00738 -0.380369
15.6562 3.56677 1.52718 2.995 -0.424432
15.6875 3.61349 1.45863 2.9805 -0.498089
15.7188 3.65766 1.36345 2.96442 -0.527537
15.75 3.69843 1.24163 2.94738 -0.561621
15.7812 3.73494 1.08995 2.92998 -0.54229
15.8125 3.76628 0.911488 2.91286 -0.581551
15.8438 3.7917 0.712627 2.89234 -0.733336
15.875 3.81069 0.502034 2.86762 -0.839344
15.9062 3.82304 0.287478 2.84066 -0.858703
15.9375 3.82867 0.0744621 2.8161 -0.694891
15.9688 3.8278 -0.127772 2.79623 -0.613273
16 3.82084 -0.315571 2.77654 -0.640483
16.0312 3.80828 -0.484463 2.75723 -0.582157
16.0625 3.7908 -0.630771 2.74048 -0.490903
16.0938 3.76905 -0.757876 2.72593 -0.457507
16.125 3.74365 -0.864667 2.71135 -0.46564
16.1562 3.71518 -0.955054 2.69804 -0.372569
16.1875 3.68406 -1.03472 2.68796 -0.283557
16.2188 3.65062 -1.10455 2.67971 -0.250678
16.25 3.61507 -1.17036 2.67197 -0.250301
16.2812 3.57749 -1.23398 2.6637 -0.283581
16.3125 3.53798 -1.29411 2.65455 -0.280858
16.3438 3.49665 -1.35065 2.64819 -0.0956951
16.375 3.45361 -1.40337 2.6496 0.194078
16.4062 3.40898 -1.45193 2.66107 0.55247
16.4375 3.36295 -1.49222 2.68394 0.889055
16.4688 3.31578 -1.52593 2.71537 1.11974
16.5 3.26759 -1.55839 2.75447 1.38592
16.5312 3.21841 -1.58835 2.80113 1.57729
16.5625 3.16832 -1.61806 2.85177 1.64584
16.5938 3.11725 -1.65113 2.90254 1.57258
16.625 3.06511 -1.6855 2.94792 1.29574
16.6562 3.01189 -1.72095 2.9811 0.788744
16.6875 2.95754 -1.75776 2.99539 0.11204
16.7188 2.90202 -1.79539 2.98801 -0.581481
16.75 2.84533 -1.83292 2.95882 -1.30031
16.7812 2.78748 -1.86935 2.90556 -2.12525
16.8125 2.72848 -1.90649 2.82557 -2.99363
16.8438 2.66834 -1.94177 2.71817 -3.89122
16.875 2.60718 -1.97193 2.58222 -4.78822
16.9062 2.54512 -1.99939 2.42176 -5.4284
16.9375 2.48227 -2.0216 2.24517 -5.85624
16.9688 2.41888 -2.03339 2.05664 -6.19029
17 2.35529 -2.03486 1.85969 -6.39131
17.0312 2.29179 -2.02762 1.65911 -6.39999
17.0625 2.22864 -2.01299 1.46297 -6.11091
17.0938 2.16606 -1.99147 1.27841 -5.69536
17.125 2.10422 -1.966 1.10785 -5.19553
17.1562 2.04316 -1.94235 0.955023 -4.5773
17.1875 1.9828 -1.92087 0.821747 -3.95062
17.2188 1.9231 -1.89966 0.708491 -3.29619
17.25 1.86406 -1.87954 0.615114 -2.6933
17.2812 1.80562 -1.86049 0.540275 -2.07657
17.3125 1.74778 -1.84076 0.48667 -1.34435
17.3438 1.69061 -1.81777 0.456051 -0.621375
17.375 1.63421 -1.79133 0.447927 0.106815
17.4062 1.57869 -1.76125 0.46241 0.798472
17.4375 1.5242 -1.72504 0.495679 1.29138
17.4688 1.47092 -1.684 0.541058 1.59081
17.5 1.419 -1.63806 0.594445 1.82274
17.5312 1.36863 -1.58407 0.654645 2.01841
17.5625 1.32005 -1.52466 0.719566 2.11877
17.5938 1.27337 -1.46186 0.785814 2.09331
17.625 1.22873 -1.39464 0.847975 1.84146
17.6562 1.18622 -1.32627 0.898825 1.3944
17.6875 1.14582 -1.25932 0.93439 0.868592
17.7188 1.10747 -1.19673 0.952158 0.257567
17.75 1.07092 -1.14378 0.950289 -0.378715
17.7812 1.03589 -1.09986 0.927856 -1.07433
17.8125 1.00209 -1.06525 0.882394 -1.83627
17.8438 0.969177 -1.04285 0.813336 -2.58165
17.875 0.936827 -1.02833 0.721194 -3.30181
17.9062 0.90486 -1.01844 0.60897 -3.83907
17.9375 0.873117 -1.01383 0.483152 -4.19867
17.9688 0.841477 -1.01115 0.347289 -4.47667
18 0.809919 -1.0087 0.205029 -4.6049
18.0312 0.778428 -1.00657 0.0603055 -4.64566
18.0625 0.747029 -1.00257 -0.0836648 -4.52644
18.0938 0.715782 -0.997123 -0.219998 -4.16825
18.125 0.684721 -0.990523 -0.342907 -3.67996
18.1562 0.653887 -0.982773 -0.448779 -3.08037
18.1875 0.623302 -0.974372 -0.535108 -2.44609
18.2188 0.593034 -0.961962 -0.601399 -1.78351
18.25 0.563202 -0.947458 -0.645737 -1.04841
18.2812 0.533806 -0.933527 -0.667155 -0.329032
18.3125 0.50492 -0.913923 -0.666349 0.386887
18.3438 0.476732 -0.890117 -0.642389 1.15567
18.375 0.449257 -0.868733 -0.593861 1.94553
18.4062 0.422438 -0.847349 -0.521855 2.63462
18.4375 0.396303 -0.825631 -0.431238 3.13218
18.4688 0.370795 -0.807692 -0.328052 3.44137
18.5 0.345779 -0.793934 -0.217804 3.59501
18.5312 0.321137 -0.783776 -0.104206 3.66289
18.5625 0.296757 -0.777013 0.0101716 3.64328
18.5938 0.272554 -0.772129 0.123271 3.60055
18.625 0.248497 -0.767456 0.235029 3.52813
18.6562 0.224595 -0.762083 0.341064 3.2101
18.6875 0.200886 -0.754891 0.433699 2.70586
18.7188 0.177445 -0.744732 0.509813 2.15912
18.75 0.154379 -0.730845 0.56824 1.57614
18.7812 0.131812 -0.712765 0.607903 0.946054
18.8125 0.109859 -0.691954 0.625785 0.173991
18.8438 0.0885919 -0.668429 0.618172 -0.657521
18.875 0.0681379 -0.639759 0.584905 -1.47386
18.9062 0.0486407 -0.607853 0.526131 -2.27224
18.9375 0.0301571 -0.574784 0.444815 -2.89663
18.9688 0.0127447 -0.539256 0.34666 -3.36981
19 -0.00354797 -0.503861 0.23529 -3.73444
19.0312 -0.0187767 -0.471205 0.114692 -3.96733
19.0625 -0.0330251 -0.441264 -0.0118231 -4.11
19.0938 -0.0464026 -0.415667 -0.140123 -4.05877
19.125 -0.0590364 -0.39313 -0.262891 -3.76037
19.1562 -0.0709848 -0.371866 -0.372975 -3.25562
19.1875 -0.0823013 -0.352638 -0.465344 -2.65422
19.2188 -0.0930193 -0.332943 -0.538995 -2.05518
19.25 -0.103084 -0.310829 -0.593056 -1.39516
19.2812 -0.112416 -0.285669 -0.626392 -0.749029
19.3125 -0.120871 -0.25416 -0.639869 -0.0978926
19.3438 -0.128231 -0.215934 -0.631538 0.6306
19.375 -0.134307 -0.171845 -0.601781 1.24432
19.4062 -0.138885 -0.119631 -0.554889 1.75233
19.4375 -0.141705 -0.0598997 -0.49253 2.22527
19.4688 -0.142584 0.00421419 -0.417315 2.55835
19.5 -0.141415 0.0709298 -0.334525 2.71247
19.5312 -0.138127 0.140032 -0.248951 2.75944
19.5625 -0.132614 0.213552 -0.161556 2.84703
19.5938 -0.124768 0.288159 -0.0706634 2.96549
19.625 -0.114642 0.359698 0.0232265 3.03468
19.6562 -0.102254 0.433968 0.118422 3.04394
19.6875 -0.08751 0.508803 0.212086 2.92078
19.7188 -0.0705319 0.576805 0.298897 2.60311
19.75 -0.0514837 0.642106 0.373437 2.1615
19.7812 -0.0304487 0.702631 0.43433 1.74125
19.8125 -0.00766979 0.754006 0.481726 1.27021
19.8438 0.0166284 0.800342 0.512481 0.688609
19.875 0.042278 0.839732 0.524419 0.0634643
19.9062 0.069035 0.87203 0.515263 -0.662209
19.9375 0.0967589 0.90199 0.483763 -1.31978
19.9688 0.125381 0.929413 0.434941 -1.78192
20 0.154845 0.956571 0.373261 -2.15033
20.0312 0.185177 0.984534 0.302003 -2.38307
20.0625 0.216359 1.011 0.225905 -2.46094
20.0938 0.248385 1.03918 0.150211 -2.34801
20.125 0.281324 1.06868 0.0809807 -2.06044
20.1562 0.315153 1.09628 0.0231165 -1.60463
20.1875 0.349865 1.12598 -0.0168197 -0.925804
20.2188 0.385553 1.15809 -0.0347417 -0.237538
20.25 0.422242 1.19006 -0.0323485 0.3904
20.2812 0.45995 1.22349 -0.0104482 0.998481
20.3125 0.498698 1.25594 0.0288154 1.49944
20.3438 0.538431 1.28712 0.0832087 1.98865
20.375 0.579158 1.31936 0.153051 2.46817
20.4062 0.620866 1.34942 0.236264 2.83796
20.4375 0.663489 1.37876 0.329315 3.09958
20.4688 0.707063 1.41016 0.428863 3.25461
20.5 0.751627 1.44215 0.531703 3.30904
20.5312 0.797235 1.4777 0.634467 3.25158
20.5625 0.844037 1.51836 0.734472 3.14944
20.5938 0.892181 1.56388 0.831441 3.05795
20.625 0.941866 1.61755 0.925828 2.99104
20.6562 0.993371 1.68013 1.01877 2.95315
20.6875 1.04694 1.74922 1.10909 2.79413
20.7188 1.10272 1.82089 1.19134 2.44166
20.75 1.16076 1.89403 1.26042 1.96857
20.7812 1.22111 1.968 1.31449 1.50477
20.8125 1.2837 2.03601 1.35513 1.09394
20.8438 1.34828 2.09658 1.38192 0.605889
20.875 1.41469 2.15273 1.39321 0.134295
20.9062 1.48277 2.20312 1.39094 -0.286506
20.9375 1.55233 2.24819 1.37455 -0.760362
20.9688 1.62323 2.28815 1.34522 -1.07212
21 1.69531 2.3248 1.30968 -1.18579
21.0312 1.76853 2.36139 1.27174 -1.22806
21.0625 1.84285 2.3945 1.23414 -1.16066
21.0938 1.91817 2.42622 1.19982 -1.02987
21.125 1.99453 2.46086 1.17039 -0.837889
21.1562 2.07195 2.49373 1.14854 -0.545839
21.1875 2.1504 2.52822 1.13686 -0.200352
21.2188 2.23002 2.56726 1.13533 0.0804639
21.25 2.31083 2.60398 1.14046 0.230456
21.2812 2.39274 2.63844 1.14893 0.297587
21.3125 2.47567 2.66676 1.15786 0.253043
21.3438 2.55926 2.68015 1.16399 0.139853
21.375 2.64298 2.67429 1.16712 0.0688014
21.4062 2.72612 2.64155 1.16809 -0.0253038
21.4375 2.80777 2.57971 1.1636 -0.296986
21.4688 2.88704 2.48782 1.14809 -0.700777
21.5 2.9629 2.36158 1.12015 -1.08267
21.5312 3.03432 2.20527 1.08058 -1.43825
21.5625 3.10049 2.02548 1.03237 -1.59711
21.5938 3.16072 1.82696 0.983457 -1.50253
21.625 3.21457 1.61847 0.940599 -1.19169
21.6562 3.26189 1.41145 0.912398 -0.568488
21.6875 3.30286 1.21194 0.906815 0.232288
21.7188 3.3378 1.02735 0.92826 1.15326
21.75 3.36729 0.863713 0.978535 2.04891
21.7812 3.39197 0.718534 1.05624 2.94007
21.8125 3.41242 0.594909 1.16321 3.90742
21.8438 3.42939 0.494203 1.29987 4.82601
21.875 3.4435 0.411486 1.46362 5.62213
21.9062 3.45529 0.345774 1.64873 6.18807
21.9375 3.46522 0.291066 1.84886 6.60331
21.9688 3.47355 0.24318 2.06005 6.88045
22 3.4805 0.202387 2.27647 6.93275
22.0312 3.48619 0.161791 2.4916 6.81807
22.0625 3.49063 0.12311 2.70171 6.61197
22.0938 3.49396 0.0909134 2.90392 6.32834
22.125 3.49635 0.0632315 3.0984 6.14874
22.1562 3.498 0.0435328 3.29 6.13808
22.1875 3.49913 0.0287463 3.48328 6.24078
22.2188 3.49981 0.0161368 3.67918 6.26367
22.25 3.50018 0.00721735 3.87291 6.12186
22.2812 3.50018 -0.00945435 4.06141 5.92757
22.3125 3.49947 -0.0373747 4.24162 5.57319
22.3438 3.49775 -0.0752058 4.4083 5.0796
22.375 3.49458 -0.130879 4.55795 4.47005
22.4062 3.48941 -0.202204 4.68506 3.60932
22.4375 3.4818 -0.287159 4.77937 2.35599
22.4688 3.47132 -0.384972 4.82857 0.751631
22.5 3.45768 -0.488884 4.82548 -0.93602
22.5312 3.44073 -0.595816 4.77187 -2.46274
22.5625 3.4205 -0.697167 4.67313 -3.83272
22.5938 3.39731 -0.784231 4.53489 -4.95234
22.625 3.37166 -0.854208 4.36776 -5.69001
22.6562 3.34415 -0.90262 4.18173 -6.17614
22.6875 3.31548 -0.928955 3.98499 -6.36153
22.7188 3.28626 -0.939027 3.78651 -6.31784
22.75 3.2569 -0.938239 3.59182 -6.10363
22.7812 3.2277 -0.929211 3.40724 -5.69137
22.8125 3.19886 -0.917331 3.23613 -5.26739
22.8438 3.17033 -0.909361 3.0775 -4.89826
22.875 3.14197 -0.90602 2.92871 -4.64504
22.9062 3.11366 -0.907178 2.78644 -4.46555
22.9375 3.08521 -0.914479 2.64919 -4.32901
22.9688 3.05646 -0.925997 2.51536 -4.24016
23 3.02733 -0.937905 2.38394 -4.17559
23.0312 2.99788 -0.946088 2.25439 -4.10651
23.0625 2.96826 -0.948572 2.12835 -3.93754
23.0938 2.93866 -0.944504 2.0098 -3.62574
23.125 2.9093 -0.933419 1.90273 -3.22368
23.1562 2.88036 -0.918356 1.80811 -2.83125
23.1875 2.85194 -0.900347 1.72617 -2.41476
23.2188 2.82409 -0.881939 1.65572 -2.13176
23.25 2.79676 -0.868718 1.59127 -1.99906
23.2812 2.76972 -0.863282 1.53105 -1.85213
23.3125 2.74267 -0.871 1.47521 -1.73585
23.3438 2.71509 -0.897228 1.42075 -1.79441
23.375 2.68636 -0.946006 1.36002 -2.133
23.4062 2.65566 -1.02317 1.28536 -2.68362
23.4375 2.62213 -1.12641 1.18894 -3.54488
23.4688 2.58507 -1.24888 1.06173 -4.59564
23.5 2.54392 -1.38663 0.903292 -5.50622
23.5312 2.49833 -1.53103 0.720246 -6.16359
23.5625 2.4483 -1.6688 0.52095 -6.54465
23.5938 2.39418 -1.79223 0.314463 -6.60902
23.625 2.33644 -1.90037 0.112137 -6.2735
23.6562 2.2756 -1.98986 -0.0742655 -5.61659
23.6875 2.21229 -2.05945 -0.237146 -4.78981
23.7188 2.14706 -2.11274 -0.372931 -3.89083
23.75 2.08039 -2.15171 -0.479322 -2.89649
23.7812 2.0127 -2.17879 -0.553082 -1.82766
23.8125 1.94434 -2.194 -0.594742 -0.859786
23.8438 1.87568 -2.19915 -0.607139 0.0763909
23.875 1.80695 -2.19874 -0.589736 1.01991
23.9062 1.73832 -2.19264 -0.545703 1.75899
23.9375 1.66994 -2.18387 -0.480949 2.38776
23.9688 1.60182 -2.17537 -0.396346 3.01361
24 1.53399 -2.16587 -0.294373 3.4813
24.0312 1.46646 -2.15604 -0.180026 3.82718
24.0625 1.39925 -2.14503 -0.0555994 4.13155
24.0938 1.3324 -2.13308 0.0784597 4.46289
24.125 1.26596 -2.11845 0.224195 4.86591
24.1562 1.20008 -2.09689 0.381682 5.19117
24.1875 1.13492 -2.07279 0.547578 5.41359
24.2188 1.07057 -2.04429 0.718688 5.4998
24.25 1.0073 -2.00319 0.888295 5.30713
24.2812 0.94545 -1.95413 1.04798 4.87979
24.3125 0.885238 -1.89756 1.19078 4.2079
24.3438 0.826976 -1.82981 1.30747 3.20625
24.375 0.770905 -1.75873 1.388 1.89633
24.4062 0.717068 -1.68637 1.42253 0.259361
24.4375 0.665508 -1.61436 1.40197 -1.58394
24.4688 0.616076 -1.5508 1.32451 -3.34181
24.5 0.568523 -1.49324 1.19551 -4.87063
24.5312 0.522684 -1.44207 1.02339 -6.08294
24.5625 0.478288 -1.40053 0.819439 -6.90474
24.5938 0.4351 -1.36435 0.595675 -7.35774
24.625 0.392931 -1.33617 0.36299 -7.48524
24.6562 0.351513 -1.31503 0.13066 -7.33695
24.6875 0.310745 -1.29419 -0.0920645 -6.85483
24.7188 0.270587 -1.2768 -0.294424 -6.06235
24.75 0.230928 -1.26084 -0.470149 -5.18258
24.7812 0.191848 -1.23924 -0.617996 -4.26585
24.8125 0.153528 -1.21241 -0.735607 -3.24336
24.8438 0.116143 -1.1788 -0.820045 -2.16011
24.875 0.0799426 -1.13672 -0.871143 -1.12235
24.9062 0.0451724 -1.08725 -0.890514 -0.112353
24.9375 0.0120818 -1.02914 -0.877731 0.929356
24.9688 -0.0190923 -0.965702 -0.833278 1.89724
25 -0.0482743 -0.901867 -0.759729 2.81047
25.0312 -0.0754337 -0.835781 -0.657814 3.69699
25.0625 -0.100497 -0.76859 -0.530093 4.45795
25.0938 -0.123511 -0.704902 -0.379616 5.17303
25.125 -0.144574 -0.643297 -0.20715 5.8489
25.1562 -0.163735 -0.58357 -0.0153303 6.40674
25.1875 -0.181099 -0.528557 0.191742 6.81217
25.2188 -0.19681 -0.477437 0.407508 6.93904
25.25 -0.210961 -0.42852 0.621443 6.68614
25.2812 -0.223611 -0.381367 0.821406 6.05429
25.3125 -0.234801 -0.334542 0.99662 5.10866
25.3438 -0.244471 -0.283083 1.13729 3.83944
25.375 -0.252414 -0.224215 1.2338 2.304
25.4062 -0.258443 -0.161193 1.2792 0.561943
25.4375 -0.262441 -0.093544 1.2666 -1.38787
25.4688 -0.264215 -0.0189847 1.19304 -3.28769
25.5 -0.263594 0.0588827 1.06357 -4.9561
25.5312 -0.260535 0.136824 0.886807 -6.2812
25.5625 -0.255044 0.214474 0.676359 -7.10374
25.5938 -0.247147 0.290487 0.447214 -7.50286
25.625 -0.236934 0.362156 0.210853 -7.57094
25.6562 -0.2246 0.425597 -0.0227733 -7.33211
25.6875 -0.210428 0.48017 -0.244378 -6.80359
25.7188 -0.194657 0.527917 -0.445433 -6.03128
25.75 -0.177529 0.566659 -0.619704 -5.09977
25.7812 -0.159315 0.598547 -0.763002 -4.0587
25.8125 -0.140133 0.628693 -0.873066 -2.9863
25.8438 -0.120075 0.654032 -0.949849 -1.93263
25.875 -0.0992814 0.67712 -0.99418 -0.906812
25.9062 -0.0777114 0.703817 -1.00615 0.153271
25.9375 -0.0552963 0.730489 -0.984196 1.24252
25.9688 -0.0320464 0.758191 -0.93006 2.19307
26 -0.0078548 0.790823 -0.847991 3.06488
26.0312 0.0174182 0.82736 -0.73775 3.99489
26.0625 0.0439194 0.86993 -0.599331 4.82862
26.0938 0.0718557 0.918898 -0.438432 5.43747
26.125 0.101419 0.974711 -0.260363 5.95873
26.1562 0.132894 1.04154 -0.0661876 6.45244
26.1875 0.166594 1.11586 0.140973 6.76759
26.2188 0.202664 1.19316 0.354566 6.86759
26.25 0.241203 1.27367 0.567341 6.68951
26.2812 0.282247 1.35214 0.768543 6.12696
26.3125 0.325632 1.42314 0.947146 5.25777
26.3438 0.371096 1.48471 1.09408 4.0969
26.375 0.418297 1.53403 1.20081 2.70733
26.4062 0.466845 1.57106 1.26166 1.15303
26.4375 0.516354 1.59516 1.27058 -0.608168
26.4688 0.566407 1.60639 1.22332 -2.40566
26.5 0.616661 1.60856 1.12138 -4.08995
26.5312 0.666857 1.60281 0.970937 -5.46069
26.5625 0.716814 1.59492 0.785281 -6.35133
26.5938 0.766588 1.59126 0.577286 -6.90899
26.625 0.816291 1.59017 0.357721 -7.06537
26.6562 0.866044 1.59577 0.13939 -6.87757
26.6875 0.916137 1.61163 -0.0708384 -6.54334
26.7188 0.966836 1.6341 -0.266086 -5.89048
26.75 1.01834 1.66318 -0.436337 -4.98529
26.7812 1.07084 1.69724 -0.576934 -4.00295
26.8125 1.12447 1.73631 -0.686269 -2.99977
26.8438 1.17943 1.78152 -0.764778 -2.02164
26.875 1.23579 1.82486 -0.812003 -0.996488
26.9062 1.29345 1.86565 -0.827827 -0.0386595
26.9375 1.35239 1.90513 -0.815338 0.835033
26.9688 1.41239 1.93226 -0.775728 1.69169
27 1.47302 1.94673 -0.710687 2.44685
27.0312 1.53396 1.95085 -0.624726 3.01776
27.0625 1.59475 1.93666 -0.524109 3.40369
27.0938 1.65483 1.9068 -0.412078 3.77197
27.125 1.71382 1.86627 -0.288535 4.1216
27.1562 1.77135 1.81429 -0.155395 4.39013
27.1875 1.82713 1.75467 -0.0140129 4.67357
27.2188 1.88097 1.69058 0.138037 5.07076
27.25 1.93276 1.62318 0.301808 5.36102
27.2812 1.98242 1.55538 0.469653 5.3403
27.3125 2.02995 1.48594 0.633838 5.1342
27.3438 2.07528 1.41535 0.787374 4.6379
27.375 2.11849 1.35161 0.921616 3.93945
27.4062 2.15982 1.29468 1.03253 3.13279
27.4375 2.19947 1.24418 1.11621 2.22311
27.4688 2.23772 1.20644 1.17228 1.3765
27.5 2.27497 1.17843 1.20259 0.575407
27.5312 2.31142 1.15464 1.21026 -0.0354075
27.5625 2.34717 1.13424 1.20377 -0.323484
27.5938 2.38232 1.11548 1.1935 -0.287028
27.625 2.41689 1.09728 1.1877 -0.067097
27.6562 2.45093 1.08143 1.1907 0.290006
27.6875 2.48452 1.06919 1.20727 0.774387
27.7188 2.5178 1.06143 1.2388 1.2496
27.75 2.55094 1.06149 1.28702 1.86777
27.7812 2.58425 1.07192 1.35599 2.52767
27.8125 2.61807 1.09453 1.44359 3.06701
27.8438 2.6528 1.1306 1.54736 3.5637
27.875 2.68887 1.18036 1.66492 3.9338
27.9062 2.7267 1.24275 1.79221 4.20907
27.9375 2.76663 1.31337 1.92836 4.51744
27.9688 2.80881 1.38572 2.07554 4.91675
28 2.85317 1.45165 2.23615 5.36444
28.0312 2.89942 1.50685 2.41118 5.84925
28.0625 2.94719 1.54649 2.60217 6.36772
28.0938 2.9958 1.56002 2.8081 6.79494
28.125 3.04441 1.5467 3.02638 7.16888
28.1562 3.0922 1.50692 3.25457 7.38615
28.1875 3.13826 1.43604 3.48462 7.29474
28.2188 3.18172 1.34245 3.70887 7.03383
28.25 3.22201 1.23394 3.92158 6.51763
28.2812 3.25874 1.11699 4.11233 5.64188
28.3125 3.2919 1.0074 4.27205 4.55101
28.3438 3.32187 0.913043 4.39484 3.28085
28.375 3.34917 0.838231 4.47671 1.9755
28.4062 3.37451 0.786954 4.5199 0.811008
28.4375 3.39853 0.752361 4.52813 -0.281658
28.4688 3.42162 0.727071 4.50228 -1.36835
28.5 3.44401 0.705685 4.44389 -2.33067
28.5312 3.46566 0.677996 4.35905 -3.07428
28.5625 3.4863 0.642256 4.25231 -3.74927
28.5938 3.50577 0.603502 4.12622 -4.28744
28.625 3.52397 0.559811 3.98562 -4.70308
28.6562 3.54074 0.513774 3.83333 -5.01032
28.6875 3.5561 0.469711 3.67452 -5.13812
28.7188 3.57011 0.42695 3.51216 -5.25369
28.75 3.58282 0.386996 3.34664 -5.3324
28.7812 3.59431 0.348832 3.17875 -5.42056
28.8125 3.60465 0.314203 3.00731 -5.5627
28.8438 3.614 0.284467 2.83033 -5.7677
28.875 3.62242 0.253412 2.64785 -5.87997
28.9062 3.62978 0.216808 2.46469 -5.81508
28.9375 3.63586 0.170108 2.28666 -5.52968
28.9688 3.64024 0.10684 2.12236 -4.93817
29 3.64232 0.022177 1.98044 -4.11691
29.0312 3.64137 -0.0873835 1.86576 -3.22575
29.0625 3.63659 -0.222835 1.77867 -2.34358
29.0938 3.62718 -0.383235 1.71941 -1.45831
29.125 3.6124 -0.56613 1.68651 -0.661561
29.1562 3.59161 -0.767069 1.67718 0.038025
29.1875 3.56436 -0.97768 1.68618 0.488582
29.2188 3.53048 -1.1907 1.70517 0.694435
29.25 3.49002 -1.39628 1.72739 0.684958
29.2812 3.44339 -1.58507 1.74476 0.368356
29.3125 3.39113 -1.75592 1.74717 -0.245173
29.3438 3.33389 -1.9033 1.72931 -0.881576
29.375 3.27242 -2.02742 1.69293 -1.43668
29.4062 3.20739 -2.13061 1.64075 -1.87056
29.4375 3.13948 -2.21282 1.57817 -2.10226
29.4688 3.06923 -2.28175 1.51167 -2.10669
29.5 2.99699 -2.33947 1.44979 -1.80051
29.5312 2.92311 -2.38749 1.40273 -1.15001
29.5625 2.84779 -2.43344 1.38078 -0.241674
29.5938 2.77103 -2.47838 1.3865 0.579989
29.625 2.69293 -2.51965 1.41612 1.30799
29.6562 2.61358 -2.55814 1.46664 1.87803
29.6875 2.53311 -2.59066 1.53053 2.17796
29.7188 2.45181 -2.60914 1.60126 2.31897
29.75 2.37022 -2.6097 1.67294 2.22964
29.7812 2.28892 -2.58959 1.73894 1.97105
29.8125 2.20863 -2.54492 1.79393 1.50386
29.8438 2.13009 -2.47844 1.8311 0.873062
29.875 2.05388 -2.39766 1.84945 0.316094
29.9062 1.98034 -2.30767 1.85108 -0.209892
29.9375 1.90969 -2.21338 1.83744 -0.628042
29.9688 1.84197 -2.12201 1.81413 -0.836325
30 1.77698 -2.03832 1.78594 -0.966489
30.0312 1.71449 -1.96264 1.75366 -1.09954
30.0625 1.65423 -1.89555 1.71743 -1.21429
30.0938 1.5959 -1.83967 1.67792 -1.31486
30.125 1.53912 -1.7964 1.63509 -1.43036
30.1562 1.48352 -1.7629 1.5881 -1.58964
30.1875 1.42888 -1.7355 1.53438 -1.87731
30.2188 1.37499 -1.7143 1.46882 -2.35002
30.25 1.32169 -1.69699 1.3856 -3.00439
30.2812 1.26895 -1.67769 1.27961 -3.79524
30.3125 1.21687 -1.65489 1.14783 -4.64013
30.3438 1.16554 -1.62959 0.990318 -5.41251
30.375 1.11506 -1.60088 0.812241 -5.93167
30.4062 1.06553 -1.56816 0.622964 -6.12713
30.4375 1.01707 -1.53311 0.433128 -5.95325
30.4688 0.969717 -1.49758 0.255193 -5.37381
30.5 0.923479 -1.46167 0.10047 -4.47887
30.5312 0.878339 -1.42813 -0.0210719 -3.23504
30.5625 0.834151 -1.40093 -0.0985346 -1.69961
30.5938 0.790732 -1.37847 -0.127902 -0.213452
30.625 0.747954 -1.36025 -0.114471 1.02853
30.6562 0.70565 -1.34813 -0.0667213 1.96985
30.6875 0.663663 -1.33925 0.00465075 2.53204
30.7188 0.621946 -1.33049 0.0876311 2.7211
30.75 0.580536 -1.31892 0.171419 2.5935
30.7812 0.539571 -1.30204 0.247129 2.21751
30.8125 0.499196 -1.28132 0.30832 1.6789
30.8438 0.459555 -1.25423 0.351291 1.06674
30.875 0.420894 -1.21915 0.375234 0.478196
30.9062 0.383388 -1.18081 0.382524 0.0186438
30.9375 0.347149 -1.13713 0.378669 -0.226986
30.9688 0.312404 -1.08539 0.370397 -0.279111
31 0.279378 -1.02698 0.362045 -0.248846
31.0312 0.24832 -0.958934 0.355245 -0.178833
31.0625 0.219541 -0.881816 0.35108 -0.0937496
31.0938 0.193268 -0.798722 0.348296 -0.108571
31.125 0.16966 -0.71211 0.343059 -0.236763
31.1562 0.148733 -0.628035 0.333376 -0.382603
31.1875 0.130347 -0.549878 0.318712 -0.573849
31.2188 0.114256 -0.482249 0.295786 -0.925806
31.25 0.100057 -0.428472 0.259082 -1.44326
31.2812 0.0873911 -0.383292 0.204812 -2.0386
31.3125 0.0759928 -0.348621 0.131104 -2.68666
31.3438 0.0654518 -0.327712 0.0369275 -3.32737
31.375 0.055468 -0.31134 -0.0751975 -3.81131
31.4062 0.0459644 -0.298007 -0.198454 -4.02502
31.4375 0.0367622 -0.291795 -0.323296 -3.91041
31.4688 0.0277236 -0.286202 -0.439719 -3.49201
31.5 0.0188984 -0.278456 -0.538174 -2.7497
31.5312 0.010336 -0.268896 -0.6082 -1.69204
31.5625 0.00215476 -0.253643 -0.642304 -0.469762
31.5938 -0.00546313 -0.233124 -0.636045 0.891843
31.625 -0.0123472 -0.205951 -0.5867 2.23121
31.6562 -0.0182354 -0.169504 -0.500264 3.23425
31.6875 -0.0228682 -0.125768 -0.388312 3.87396
31.7188 -0.0259954 -0.0725301 -0.262061 4.13898
31.75 -0.0273093 -0.0107679 -0.133187 4.06968
31.7812 -0.0266513 0.0530408 -0.0094894 3.81685
31.8125 -0.0239723 0.118744 0.102946 3.33994
31.8438 -0.0192479 0.18251 0.197863 2.73206
31.875 -0.0126694 0.236655 0.274009 2.14461
31.9062 -0.00457299 0.279536 0.332022 1.57581
31.9375 0.00466382 0.309357 0.373536 1.10046
31.9688 0.0146405 0.327573 0.401602 0.70413
32 0.0250394 0.336188 0.418524 0.404763
32.0312 0.0355453 0.335047 0.428283 0.224345
32.0625 0.0459702 0.332706 0.431595 -0.0328468
32.0938 0.056366 0.332572 0.426077 -0.302692
32.125 0.0667437 0.331782 0.413815 -0.477669
32.1562 0.0771522 0.335395 0.395608 -0.699704
32.1875 0.0877404 0.342226 0.369958 -0.937607
32.2188 0.0985343 0.348755 0.336748 -1.20493
32.25 0.109563 0.357426 0.29328 -1.59588
32.2812 0.120873 0.366259 0.23605 -2.08435
32.3125 0.132475 0.377109 0.161667 -2.69351
32.3438 0.144495 0.392731 0.0678261 -3.28877
32.375 0.157045 0.411005 -0.041801 -3.69452
32.4062 0.170237 0.434224 -0.16123 -3.91615
32.4375 0.184202 0.459073 -0.283816 -3.87586
32.4688 0.198898 0.481395 -0.400056 -3.5115
32.5 0.214307 0.504904 -0.500165 -2.84682
32.5312 0.230408 0.524026 -0.57529 -1.92796
32.5625 0.246961 0.534314 -0.619157 -0.858544
32.5938 0.263779 0.541834 -0.62743 0.353623
32.625 0.280786 0.545642 -0.596323 1.62916
32.6562 0.297821 0.543954 -0.527239 2.75467
32.6875 0.31476 0.539882 -0.426891 3.61596
32.7188 0.331557 0.535304 -0.30502 4.12011
32.75 0.348259 0.534665 -0.172713 4.30897
32.7812 0.365032 0.539547 -0.0377201 4.29524
32.8125 0.382047 0.551037 0.0931997 4.04657
32.8438 0.399605 0.574908 0.213876 3.66946
32.875 0.418088 0.609324 0.321844 3.21563
32.9062 0.437786 0.653599 0.412836 2.58338
32.9375 0.4591 0.712872 0.483224 1.94012
32.9688 0.482446 0.782397 0.535399 1.41303
33 0.508077 0.859594 0.572069 0.943424
33.0312 0.536278 0.946716 0.595289 0.559824
33.0625 0.567296 1.03874 0.607973 0.264494
33.0938 0.601208 1.13145 0.612646 0.0478868
33.125 0.637968 1.21996 0.611538 -0.115066
33.1562 0.677365 1.30003 0.605684 -0.250508
33.1875 0.719119 1.37014 0.596857 -0.297681
33.2188 0.762828 1.42406 0.587591 -0.298125
33.25 0.807943 1.4609 0.577566 -0.358505
33.2812 0.854001 1.48475 0.56401 -0.532655
33.3125 0.900617 1.49704 0.542623 -0.860792
33.3438 0.947502 1.50321 0.509212 -1.28365
33.375 0.994563 1.50893 0.462387 -1.71004
33.4062 1.04186 1.51908 0.402873 -2.07905
33.4375 1.0896 1.53837 0.334813 -2.22219
33.4688 1.13807 1.56453 0.26773 -2.01506
33.5 1.18745 1.59711 0.211836 -1.51906
33.5312 1.23797 1.63655 0.175773 -0.735296
33.5625 1.28975 1.67761 0.169125 0.353313
33.5938 1.34285 1.72193 0.199899 1.64104
33.625 1.39743 1.77134 0.272784 3.02866
33.6562 1.45356 1.82119 0.388276 4.33108
33.6875 1.5113 1.87505 0.541302 5.43149
33.7188 1.57082 1.93484 0.72553 6.30681
33.75 1.63221 1.99412 0.930855 6.7511
33.7812 1.69542 2.05085 1.14335 6.80573
33.8125 1.76034 2.10234 1.35423 6.65678
33.8438 1.82673 2.14551 1.55689 6.27344
33.875 1.89433 2.17832 1.74412 5.67627
33.9062 1.96271 2.19566 1.9094 4.8651
33.9375 2.03143 2.20079 2.04645 3.88749
33.9688 2.10018 2.19816 2.15159 2.83727
34 2.16873 2.18771 2.22468 1.87573
34.0312 2.2369 2.17593 2.27118 1.12509
34.0625 2.30476 2.16723 2.29565 0.452732
34.0938 2.37239 2.16195 2.30146 -0.0342911
34.125 2.43993 2.16117 2.29597 -0.290277
34.1562 2.50749 2.16314 2.28504 -0.375208
34.1875 2.57511 2.16415 2.27412 -0.319201
34.2188 2.6427 2.16033 2.26457 -0.293451
34.25 2.71006 2.14915 2.25662 -0.20543
34.2812 2.77693 2.12945 2.25045 -0.23334
34.3125 2.84305 2.10051 2.24006 -0.440259
34.3438 2.9081 2.06081 2.2226 -0.693901
34.375 2.97177 2.0136 2.19564 -1.02969
34.4062 3.03391 1.96241 2.15956 -1.25684
34.4375 3.09436 1.90534 2.11793 -1.39107
34.4688 3.15299 1.8471 2.07456 -1.35123
34.5 3.20983 1.79123 2.03413 -1.2445
34.5312 3.26498 1.74008 1.997 -1.10886
34.5625 3.31869 1.69832 1.9661 -0.863901
34.5938 3.37121 1.66484 1.94355 -0.547625
34.625 3.42284 1.6408 1.93447 -0.00862801
34.6562 3.47381 1.62103 1.9431 0.559985
34.6875 3.52405 1.59153 1.97012 1.17189
34.7188 3.57307 1.54133 2.0145 1.62034
34.75 3.62003 1.45759 2.06925 1.8615
34.7812 3.66371 1.33067 2.12865 1.88943
34.8125 3.70275 1.16093 2.18479 1.68547
34.8438 3.73585 0.951375 2.23344 1.41628
34.875 3.76193 0.714919 2.27309 1.14211
34.9062 3.78042 0.467264 2.3075 1.1079
34.9375 3.79113 0.219288 2.3449 1.32731
34.9688 3.79427 -0.0151257 2.39377 1.85961
35 3.79039 -0.230109 2.46411 2.67026
35.0312 3.78017 -0.418822 2.561 3.51597
35.0625 3.76454 -0.576014 2.68195 4.18322
35.0938 3.74448 -0.702923 2.81954 4.57263
35.125 3.72092 -0.800355 2.96459 4.66462
35.1562 3.69473 -0.871556 3.109 4.55661
35.1875 3.66671 -0.917995 3.24817 4.32372
35.2188 3.63753 -0.947422 3.37707 3.89465
35.25 3.60756 -0.969979 3.49063 3.36795
35.2812 3.57694 -0.989942 3.58647 2.72918
35.3125 3.54564 -1.01482 3.65893 1.89051
35.3438 3.51339 -1.05069 3.70507 1.08215
35.375 3.47986 -1.09715 3.72753 0.36957
35.4062 3.44473 -1.1519 3.72976 -0.188689
35.4375 3.40784 -1.20927 3.71851 -0.484537
35.4688 3.36921 -1.26178 3.70267 -0.474862
35.5 3.32906 -1.30585 3.69165 -0.202865
35.5312 3.28773 -1.33663 3.69077 0.153115
35.5625 3.24568 -1.35237 3.70164 0.542398
35.5938 3.20331 -1.35798 3.72319 0.785966
35.625 3.16092 -1.35322 3.74684 0.66714
35.6562 3.11879 -1.34315 3.76174 0.241608
35.6875 3.07694 -1.33609 3.75899 -0.465411
35.7188 3.03528 -1.32972 3.72999 -1.42746
35.75 2.99379 -1.32709 3.66773 -2.58438
35.7812 2.95226 -1.33196 3.56752 -3.8299
35.8125 2.91049 -1.34223 3.42873 -5.04414
35.8438 2.86829 -1.3596 3.2532 -6.16493
35.875 2.82545 -1.38274 3.04539 -7.10126
35.9062 2.78182 -1.41044 2.81179 -7.79583
35.9375 2.73728 -1.43961 2.5625 -8.08666
35.9688 2.69193 -1.46096 2.30981 -8.04344
36 2.6461 -1.46984 2.06287 -7.70395
36.0312 2.60022 -1.46392 1.83073 -7.14668
36.0625 2.55476 -1.4432 1.61583 -6.59631
36.0938 2.51012 -1.41271 1.42072 -5.8535
36.125 2.46651 -1.37849 1.25026 -5.07896
36.1562 2.4239 -1.35101 1.10222 -4.3985
36.1875 2.38191 -1.33856 0.974799 -3.78561
36.2188 2.34008 -1.34122 0.863041 -3.40265
36.25 2.29791 -1.36098 0.760657 -3.17058
36.2812 2.25486 -1.39587 0.663436 -3.06831
36.3125 2.21059 -1.43811 0.568966 -2.96195
36.3438 2.16493 -1.48443 0.47954 -2.73731
36.375 2.11785 -1.52738 0.400241 -2.28658
36.4062 2.06958 -1.56037 0.339775 -1.54203
36.4375 2.02043 -1.58342 0.306042 -0.584487
36.4688 1.97073 -1.59496 0.304595 0.49274
36.5 1.92085 -1.59578 0.335706 1.47372
36.5312 1.87111 -1.58615 0.395287 2.30984
36.5625 1.82183 -1.56617 0.476885 2.84415
36.5938 1.77328 -1.54037 0.568849 2.97953
36.625 1.72562 -1.50862 0.658796 2.69708
36.6562 1.67907 -1.46924 0.732886 1.99629
36.6875 1.63381 -1.42788 0.781961 1.12512
36.7188 1.5898 -1.38895 0.801571 0.104342
36.75 1.54697 -1.35346 0.787708 -0.993302
36.7812 1.50513 -1.32633 0.739481 -2.08846
36.8125 1.46395 -1.3112 0.658618 -3.04632
36.8438 1.42304 -1.30869 0.551457 -3.78577
36.875 1.38201 -1.31932 0.423833 -4.33219
36.9062 1.34047 -1.34105 0.285155 -4.46938
36.9375 1.29811 -1.37148 0.147891 -4.27743
36.9688 1.25472 -1.40526 0.0202034 -3.85408
37 1.2103 -1.43697 -0.0910398 -3.24777
37.0312 1.16492 -1.46694 -0.18196 -2.55755
37.0625 1.11868 -1.49078 -0.25075 -1.86599
37.0938 1.07186 -1.50471 -0.300888 -1.37403
37.125 1.02466 -1.51586 -0.336953 -0.92309
37.1562 0.977143 -1.52422 -0.358842 -0.50645
37.1875 0.929503 -1.52317 -0.370808 -0.283981
37.2188 0.882005 -1.51607 -0.377351 -0.146615
37.25 0.834812 -1.50268 -0.381185 -0.117121
37.2812 0.788212 -1.47773 -0.384849 -0.106066
37.3125 0.74256 -1.44243 -0.387038 -0.0241928
37.3438 0.698158 -1.3979 -0.385369 0.158911
37.375 0.655241 -1.34872 -0.37497 0.537381
37.4062 0.613847 -1.30084 -0.3504 1.05316
37.4375 0.57391 -1.25597 -0.307929 1.68359
37.4688 0.535257 -1.21973 -0.244467 2.38151
37.5 0.497561 -1.19439 -0.159166 3.07036
37.5312 0.460507 -1.17899 -0.0538809 3.63113
37.5625 0.423747 -1.17538 0.0650484 3.93858
37.5938 0.386985 -1.17759 0.189937 4.01492
37.625 0.35015 -1.17984 0.313052 3.81426
37.6562 0.31326 -1.18037 0.425529 3.34424
37.6875 0.276468 -1.17248 0.519313 2.60852
37.7188 0.24009 -1.15411 0.586048 1.64367
37.75 0.204449 -1.12473 0.622094 0.668887
37.7812 0.169931 -1.08266 0.627418 -0.344004
37.8125 0.136837 -1.03509 0.600353 -1.37062
37.8438 0.105267 -0.984525 0.543757 -2.21563
37.875 0.0753646 -0.928705 0.464173 -2.83327
37.9062 0.0472012 -0.874674 0.370186 -3.12188
37.9375 0.0206462 -0.825311 0.272102 -3.11973
37.9688 -0.00440111 -0.77824 0.177339 -2.90586
38 -0.0280508 -0.736492 0.0928348 -2.47836
38.0312 -0.0505003 -0.701252 0.0225455 -2.03605
38.0625 -0.0719398 -0.671936 -0.0356563 -1.70652
38.0938 -0.0925663 -0.649271 -0.0850217 -1.46633
38.125 -0.112587 -0.633169 -0.128247 -1.31791
38.1562 -0.132209 -0.623654 -0.168511 -1.27149
38.1875 -0.151616 -0.618942 -0.207716 -1.22751
38.2188 -0.170916 -0.616525 -0.244923 -1.16313
38.25 -0.190145 -0.61359 -0.28158 -1.1982
38.2812 -0.209197 -0.604064 -0.319941 -1.25194
38.3125 -0.22777 -0.582313 -0.359817 -1.3024
38.3438 -0.245442 -0.546347 -0.400667 -1.28387
38.375 -0.261773 -0.496457 -0.438153 -1.09527
38.4062 -0.276309 -0.431015 -0.468333 -0.816154
38.4375 -0.288546 -0.350135 -0.486843 -0.325394
38.4688 -0.298119 -0.26188 -0.48693 0.331832
38.5 -0.304856 -0.167875 -0.465237 1.07931
38.5312 -0.308507 -0.0643085 -0.418345 1.92106
38.5625 -0.308818 0.0450827 -0.346356 2.66231
38.5938 -0.305634 0.159759 -0.253177 3.27651
38.625 -0.298776 0.279704 -0.144443 3.61822
38.6562 -0.288127 0.402168 -0.030904 3.59694
38.6875 -0.273636 0.524699 0.0772157 3.26441
38.7188 -0.255418 0.639451 0.169547 2.60544
38.75 -0.233795 0.742211 0.239259 1.85787
38.7812 -0.209213 0.827241 0.28538 1.08345
38.8125 -0.182336 0.889492 0.307045 0.322638
38.8438 -0.153791 0.934887 0.307197 -0.291693
38.875 -0.124079 0.963805 0.289734 -0.80887
38.9062 -0.0936902 0.98004 0.258302 -1.17057
38.9375 -0.0628275 0.995649 0.218542 -1.34192
38.9688 -0.0314287 1.01458 0.176664 -1.30357
39 0.00065954 1.04073 0.138401 -1.14015
39.0312 0.0337233 1.07685 0.105371 -0.970043
39.0625 0.0680473 1.12127 0.0784843 -0.736895
39.0938 0.103892 1.17415 0.0598942 -0.448871
39.125 0.141491 1.23272 0.0504094 -0.162473
39.1562 0.180952 1.29271 0.0494582 0.102503
39.1875 0.222268 1.35105 0.0574549 0.42321
39.2188 0.265363 1.40654 0.0760689 0.754434
39.25 0.310137 1.45805 0.103304 0.970423
39.2812 0.35641 1.50206 0.135877 1.09809
39.3125 0.403952 1.53994 0.170397 1.08482
39.3438 0.452622 1.57428 0.202901 1.00052
39.375 0.50229 1.60355 0.233834 0.996964
39.4062 0.5528 1.62864 0.266586 1.12808
39.4375 0.604052 1.65092 0.306138 1.42135
39.4688 0.655942 1.66948 0.355537 1.73398
39.5 0.708377 1.68645 0.414517 2.04629
39.5312 0.76137 1.70563 0.483149 2.32453
39.5625 0.815018 1.72873 0.557961 2.43823
39.5938 0.869493 1.7594 0.634326 2.42471
39.625 0.925113 1.80258 0.707108 2.19033
39.6562 0.982293 1.85889 0.769579 1.8005
39.6875 1.04139 1.92457 0.819046 1.3391
39.7188 1.10262 1.9939 0.850995 0.677834
39.75 1.16601 2.06283 0.861108 -0.0215717
39.7812 1.2315 2.12738 0.849903 -0.695728
39.8125 1.29884 2.17972 0.818439 -1.28648
39.8438 1.36757 2.21712 0.771549 -1.6953
39.875 1.43729 2.24331 0.713145 -2.021
39.9062 1.50766 2.25778 0.648207 -2.07374
39.9375 1.57829 2.26155 0.586416 -1.85512
39.9688 1.64894 2.25928 0.533797 -1.47639
40 1.71942 2.25004 0.496638 -0.87391
40.0312 1.7895 2.23441 0.479717 -0.210101
40.0625 1.85904 2.21505 0.483466 0.442797
40.0938 1.92788 2.18988 0.505515 0.917335
40.125 1.99586 2.16078 0.537796 1.11739
40.1562 2.06293 2.13133 0.574051 1.17686
40.1875 2.12911 2.10527 0.608841 1.00544
40.2188 2.19461 2.08876 0.635075 0.663293
40.25 2.25974 2.08077 0.650229 0.306725
40.2812 2.32475 2.08136 0.654067 -0.0662084
40.3125 2.38992 2.09082 0.645871 -0.455654
40.3438 2.45542 2.09981 0.626557 -0.752083
40.375 2.52107 2.09981 0.600959 -0.852392
40.4062 2.58649 2.08384 0.575422 -0.746136
40.4375 2.65107 2.04503 0.556252 -0.46217
40.4688 2.71401 1.97829 0.546954 -0.129496
40.5 2.7744 1.88165 0.548625 0.241795
40.5312 2.83134 1.75885 0.561539 0.565976
40.5625 2.8841 1.61457 0.583491 0.851048
40.5938 2.93212 1.45786 0.616099 1.25334
40.625 2.97518 1.29715 0.662365 1.71599
40.6562 3.01321 1.13834 0.724168 2.24992
40.6875 3.04645 0.991812 0.803086 2.80225
40.7188 3.07537 0.861235 0.900285 3.4415
40.75 3.10046 0.748476 1.01827 4.08151
40.7812 3.12239 0.658493 1.15364 4.58177
40.8125 3.14184 0.590007 1.30639 5.22687
40.8438 3.1595 0.54374 1.48118 5.96309
40.875 3.17604 0.517532 1.67994 6.77983
40.9062 3.19197 0.503827 1.90567 7.66393
40.9375 3.20761 0.497485 2.15851 8.51217
40.9688 3.22304 0.489286 2.43658 9.24549
41 3.23813 0.476063 2.73291 9.65722
41.0312 3.25272 0.455479 3.03582 9.64803
41.0625 3.26646 0.422435 3.33079 9.16229
41.0938 3.27912 0.388783 3.60564 8.39533
41.125 3.29084 0.362448 3.85341 7.43619
41.1562 3.30184 0.343632 4.07034 6.46668
41.1875 3.3125 0.341626 4.2585 5.57538
41.2188 3.32338 0.356899 4.4186 4.67679
41.25 3.33491 0.382166 4.55124 3.80771
41.2812 3.34732 0.412354 4.6559 2.89018
41.3125 3.36063 0.43831 4.73278 2.04209
41.3438 3.3746 0.453532 4.78319 1.17653
41.375 3.38884 0.455717 4.80776 0.449558
41.4062 3.4029 0.441167 4.81413 -0.0259931
41.4375 3.41625 0.410351 4.80593 -0.50257
41.4688 3.42838 0.363042 4.78245 -1.02263
41.5 3.43876 0.298585 4.7391 -1.80455
41.5312 3.44693 0.223189 4.66741 -2.8064
41.5625 3.45263 0.140601 4.56211 -3.95728
41.5938 3.4557 0.0567588 4.42006 -5.10521
41.625 3.45628 -0.0171346 4.24516 -6.068
41.6562 3.45481 -0.074216 4.04168 -6.92796
41.6875 3.45187 -0.109882 3.81518 -7.50961
41.7188 3.44816 -0.124338 3.57559 -7.7756
41.75 3.44426 -0.123253 3.33235 -7.74708
41.7812 3.44056 -0.112513 3.09326 -7.52943
41.8125 3.43722 -0.102713 2.86472 -7.0265
41.8438 3.43397 -0.108875 2.65778 -6.19448
41.875 3.43017 -0.138378 2.47729 -5.36701
41.9062 3.42504 -0.195531 2.322 -4.58455
41.9375 3.41761 -0.284883 2.18881 -3.97858
41.9688 3.40695 -0.400897 2.07141 -3.56251
42 3.39236 -0.53512 1.96375 -3.37512
42.0312 3.37343 -0.676966 1.85833 -3.38415
42.0625 3.35007 -0.816973 1.75224 -3.40005
42.0938 3.32244 -0.949619 1.64676 -3.3214
42.125 3.29087 -1.06896 1.54641 -3.08912
42.1562 3.25578 -1.1743 1.45362 -2.84704
42.1875 3.21764 -1.26369 1.36924 -2.54848
42.2188 3.17697 -1.33707 1.29299 -2.37115
42.25 3.13421 -1.39761 1.21934 -2.34709
42.2812 3.08972 -1.44818 1.14697 -2.26233
42.3125 3.04376 -1.49257 1.08015 -1.96989
42.3438 2.99644 -1.5362 1.02588 -1.49282
42.375 2.94766 -1.58797 0.986858 -1.00239
42.4062 2.89705 -1.65321 0.96326 -0.523875
42.4375 2.84417 -1.73452 0.951419 -0.295125
42.4688 2.78849 -1.83107 0.94119 -0.407128
42.5 2.72961 -1.93832 0.923581 -0.750992
42.5312 2.66728 -2.05166 0.892778 -1.23464
42.5625 2.60143 -2.16048 0.846312 -1.72574
42.5938 2.53241 -2.25346 0.786814 -2.03802
42.625 2.46077 -2.32883 0.721895 -2.07329
42.6562 2.38704 -2.38699 0.659439 -1.89607
42.6875 2.31182 -2.42351 0.604768 -1.58609
42.7188 2.23575 -2.4431 0.561161 -1.19104
42.75 2.15922 -2.45276 0.531444 -0.689878
42.7812 2.08258 -2.45018 0.51909 -0.0925026
42.8125 2.00616 -2.44003 0.525895 0.536122
42.8438 1.93012 -2.42597 0.553925 1.28753
42.875 1.85461 -2.40536 0.607521 2.13792
42.9062 1.7798 -2.38324 0.685697 2.81823
42.9375 1.70565 -2.3621 0.780183 3.16612
42.9688 1.63216 -2.34183 0.879376 3.1163
43 1.55925 -2.32496 0.971395 2.72306
43.0312 1.48682 -2.31123 1.04621 2.00506
43.0625 1.41474 -2.30292 1.0935 0.994712
43.0938 1.34284 -2.29811 1.10875 0.00911122
43.125 1.27114 -2.29054 1.09583 -0.812263
43.1562 1.1997 -2.28086 1.05961 -1.47384
43.1875 1.12866 -2.26388 1.00567 -1.95517
43.2188 1.05838 -2.23165 0.938482 -2.323
43.25 0.989334 -2.18453 0.862679 -2.48721
43.2812 0.922023 -2.12023 0.784881 -2.47788
43.3125 0.856992 -2.03963 0.708465 -2.39549
43.3438 0.794642 -1.94949 0.636706 -2.17335
43.375 0.735223 -1.85241 0.573482 -1.86862
43.4062 0.678877 -1.7544 0.519847 -1.57169
43.4375 0.625502 -1.66297 0.474149 -1.37855
43.4688 0.57485 -1.58036 0.432169 -1.32751
43.5 0.526611 -1.50912 0.38999 -1.39581
43.5312 0.480401 -1.45002 0.343265 -1.61704
43.5625 0.435899 -1.39931 0.288122 -1.91795
43.5938 0.392859 -1.35696 0.223229 -2.23172
43.625 0.350979 -1.32478 0.149545 -2.46279
43.6562 0.310011 -1.29751 0.0701745 -2.61337
43.6875 0.269855 -1.27341 -0.0132241 -2.69604
43.7188 0.230357 -1.25525 -0.0956353 -2.53858
43.75 0.191393 -1.23793 -0.170677 -2.25585
43.7812 0.153035 -1.21597 -0.235112 -1.82176
43.8125 0.115487 -1.18503 -0.281579 -1.12176
43.8438 0.0791249 -1.1395 -0.304527 -0.342722
43.875 0.044434 -1.07803 -0.302513 0.477725
43.9062 0.0119246 -0.999649 -0.275065 1.26041
43.9375 -0.0178715 -0.904868 -0.225306 1.89114
43.9688 -0.044511 -0.798822 -0.1599 2.23216
44 -0.067767 -0.689675 -0.0894785 2.2322
44.0312 -0.0876349 -0.582194 -0.0220376 2.06455
44.0625 -0.104188 -0.47835 0.0385127 1.80414
44.0938 -0.117646 -0.385156 0.0913452 1.59523
44.125 -0.128387 -0.30394 0.138655 1.42642
44.1562 -0.136749 -0.233312 0.180341 1.25315
44.1875 -0.143112 -0.176088 0.218057 1.16777
44.2188 -0.147867 -0.129677 0.25256 1.01702
44.25 -0.151303 -0.0916537 0.280322 0.741989
44.2812 -0.153688 -0.0624009 0.297808 0.36469
44.3125 -0.155274 -0.0399951 0.303689 0.043455
44.3438 -0.156224 -0.0211394 0.302459 -0.110367
44.375 -0.156615 -0.00427707 0.296369 -0.286784
44.4062 -0.156524 0.00968628 0.285151 -0.411077
44.4375 -0.156005 0.0241938 0.271115 -0.499466
44.4688 -0.154948 0.0445595 0.252802 -0.685018
44.5 -0.153152 0.0714394 0.227882 -0.918694
44.5312 -0.150411 0.105353 0.194554 -1.22431
44.5625 -0.14647 0.14852 0.151547 -1.51468
44.5938 -0.141034 0.200574 0.100736 -1.72628
44.625 -0.133884 0.257565 0.0444748 -1.85626
44.6562 -0.124913 0.316703 -0.01407 -1.87395
44.6875 -0.114114 0.37337 -0.0716244 -1.78858
44.7188 -0.101679 0.420701 -0.124353 -1.56731
44.75 -0.0879148 0.458829 -0.169233 -1.30676
44.7812 -0.0731073 0.486684 -0.205475 -0.98795
44.8125 -0.0576417 0.501116 -0.229238 -0.515729
44.8438 -0.0418701 0.50749 -0.237535 -0.0161608
44.875 -0.0259653 0.509738 -0.229613 0.54268
44.9062 -0.0100374 0.509754 -0.202794 1.17228
44.9375 0.00592954 0.512806 -0.157287 1.71599
44.9688 0.0220338 0.517895 -0.0976194 2.05768
45 0.0383152 0.524994 -0.031956 2.09548
45.0312 0.054934 0.540114 0.0311911 1.92383
45.0625 0.0721375 0.56152 0.0868538 1.6107
45.0938 0.0900787 0.588155 0.130479 1.1768
45.125 0.109033 0.627462 0.161427 0.830794
45.1562 0.12944 0.680541 0.183592 0.594695
45.1875 0.151676 0.744299 0.198714 0.376006
45.2188 0.176069 0.818405 0.207343 0.177648
45.25 0.202882 0.897847 0.209696 -0.0285003
45.2812 0.232173 0.976339 0.205762 -0.217466
45.3125 0.263856 1.05014 0.196248 -0.39302
45.3438 0.297691 1.1129 0.181374 -0.544968
45.375 0.333257 1.16092 0.163762 -0.55336
45.4062 0.3701 1.19462 0.148002 -0.44944
45.4375 0.407761 1.21312 0.135292 -0.379233
45.4688 0.445774 1.2177 0.122937 -0.437789
45.5 0.483765 1.21236 0.106489 -0.628297
45.5312 0.521472 1.2 0.0835652 -0.834917
45.5625 0.558737 1.18498 0.0541198 -1.06192
45.5938 0.59556 1.17224 0.0165238 -1.34185
45.625 0.632024 1.16169 -0.0283653 -1.4957
45.6562 0.668194 1.15411 -0.0749501 -1.46422
45.6875 0.704239 1.15429 -0.119144 -1.357
45.7188 0.740417 1.16204 -0.159256 -1.20034
45.75 0.77692 1.17507 -0.19344 -0.973907
45.7812 0.813923 1.19433 -0.219258 -0.667302
45.8125 0.851652 1.22174 -0.234815 -0.326823
45.8438 0.89036 1.25648 -0.239302 0.055158
45.875 0.930226 1.29575 -0.229956 0.565121
45.9062 0.971409 1.34101 -0.203328 1.13532
45.9375 1.01408 1.38957 -0.159812 1.63333
45.9688 1.05822 1.43533 -0.102184 2.03858
46 1.10376 1.47864 -0.0341387 2.27125
46.0312 1.15053 1.51137 0.036141 2.16769
46.0625 1.19802 1.52555 0.0987233 1.81545
46.0938 1.24573 1.52558 0.148754 1.3733
46.125 1.2932 1.50943 0.18404 0.893137
46.1562 1.33992 1.47918 0.206468 0.583839
46.1875 1.3856 1.44406 0.222404 0.449447
46.2188 1.43015 1.40672 0.235284 0.397241
46.25 1.47358 1.37424 0.249178 0.518343
46.2812 1.51613 1.35002 0.268246 0.699293
46.3125 1.55799 1.33016 0.293035 0.899497
46.3438 1.59934 1.31779 0.325383 1.18152
46.375 1.64046 1.31501 0.367318 1.50902
46.4062 1.68161 1.31975 0.420029 1.86474
46.4375 1.72304 1.33367 0.483665 2.20702
46.4688 1.76507 1.35796 0.558111 2.55461
46.5 1.808 1.39073 0.642058 2.78296
46.5312 1.85205 1.42937 0.730107 2.83539
46.5625 1.89733 1.46768 0.818921 2.8463
46.5938 1.94372 1.50048 0.907916 2.854
46.625 1.99103 1.52531 0.997949 2.91588
46.6562 2.03891 1.53669 1.08992 2.96104
46.6875 2.08693 1.53479 1.18322 3.03027
46.7188 2.13473 1.52246 1.28079 3.22729
46.75 2.18199 1.50084 1.38478 3.41851
46.7812 2.22855 1.48043 1.494 3.56622
46.8125 2.2746 1.46795 1.60746 3.69874
46.8438 2.32038 1.46443 1.72616 3.92137
46.875 2.36632 1.47931 1.85325 4.20389
46.9062 2.41307 1.51587 1.98792 4.40535
46.9375 2.46125 1.57063 2.1284 4.57588
46.9688 2.51142 1.64245 2.27197 4.56634
47 2.564 1.7235 2.41128 4.3179
47.0312 2.61915 1.80572 2.53959 3.84979
47.0625 2.67681 1.88337 2.64994 3.2135
47.0938 2.73669 1.94533 2.74226 2.72805
47.125 2.79818 1.98644 2.82125 2.33186
47.1562 2.86063 2.0066 2.88977 2.10801
47.1875 2.92332 2.00154 2.95584 2.13163
47.2188 2.98546 1.97145 3.02178 2.06403
47.25 3.04628 1.91698 3.0844 1.94395
47.2812 3.10503 1.83904 3.1423 1.72948
47.3125 3.16105 1.74391 3.19094 1.38032
47.3438 3.21392 1.63945 3.22925 1.07999
47.375 3.26357 1.54039 3.258 0.744039
47.4062 3.31033 1.45442 3.27557 0.397723
47.4375 3.35467 1.38777 3.28461 0.205754
47.4688 3.39737 1.34866 3.2889 0.0628995
47.5 3.4391 1.3231 3.28845 -0.0809638
47.5312 3.48009 1.30046 3.28484 -0.140342
47.5625 3.52035 1.27463 3.27932 -0.230207
47.5938 3.55955 1.23067 3.26951 -0.403628
47.625 3.59706 1.16661 3.25416 -0.577526
47.6562 3.63223 1.07969 3.23323 -0.766245
47.6875 3.66431 0.971324 3.2061 -0.972395
47.7188 3.69281 0.850339 3.17248 -1.16821
47.75 3.71731 0.71517 3.13461 -1.23257
47.7812 3.73744 0.573198 3.095 -1.33924
47.8125 3.75315 0.43237 3.04921 -1.58407
47.8438 3.76448 0.293672 2.99769 -1.69843
47.875 3.77162 0.16565 2.94233 -1.86072
47.9062 3.77497 0.0510149 2.88145 -2.03092
47.9375 3.77494 -0.0505675 2.81466 -2.25878
47.9688 3.77197 -0.137642 2.7412 -2.40104
48 3.7664 -0.218046 2.66649 -2.37365
48.0312 3.75834 -0.298187 2.59335 -2.27881
48.0625 3.74769 -0.385548 2.52678 -1.93813
48.0938 3.73408 -0.488616 2.47475 -1.35245
48.125 3.71699 -0.607734 2.44372 -0.640439
48.1562 3.69591 -0.744915 2.43277 -0.0956057
48.1875 3.67026 -0.898436 2.43595 0.267756
48.2188 3.63967 -1.05997 2.44683 0.385507
48.25 3.60402 -1.22068 2.45858 0.361752
48.2812 3.56349 -1.37094 2.46932 0.320366
48.3125 3.51854 -1.5016 2.47849 0.269249
48.3438 3.46988 -1.60853 2.48594 0.194651
48.375 3.41829 -1.6886 2.48989 0.0541763
48.4062 3.3646 -1.74459 2.48933 -0.0951424
48.4375 3.30938 -1.78856 2.4833 -0.296621
48.4688 3.2529 -1.825 2.47099 -0.484628
48.5 3.19534 -1.85923 2.45334 -0.634576
48.5312 3.13665 -1.89748 2.43306 -0.622105
48.5625 3.07672 -1.9386 2.41673 -0.397927
48.5938 3.01541 -1.98629 2.40947 -0.0479721
48.625 2.9525 -2.04094 2.41424 0.342696
48.6562 2.88781 -2.10072 2.42935 0.597826
48.6875 2.82113 -2.1677 2.45017 0.705751
48.7188 2.75231 -2.2361 2.47048 0.533861
48.75 2.68143 -2.29897 2.48047 0.0783762
48.7812 2.60876 -2.34887 2.4743 -0.496209
48.8125 2.5349 -2.37299 2.44751 -1.24303
48.8438 2.46076 -2.36731 2.39682 -1.97354
48.875 2.38723 -2.33323 2.32559 -2.58251
48.9062 2.31524 -2.26998 2.23464 -3.25144
48.9375 2.24557 -2.18635 2.12226 -3.93445
48.9688 2.17868 -2.09434 1.98934 -4.553
49 2.1147 -2.00044 1.84044 -4.91214
49.0312 2.05358 -1.91323 1.68606 -4.92709
49.0625 1.99502 -1.83596 1.53447 -4.73054
49.0938 1.93872 -1.76926 1.39477 -4.13306
49.125 1.88426 -1.71915 1.27888 -3.28519
49.1562 1.83114 -1.68212 1.18786 -2.56548
49.1875 1.77904 -1.65373 1.11764 -1.94463
49.2188 1.72764 -1.63807 1.06416 -1.52646
49.25 1.67658 -1.63088 1.01962 -1.35222
49.2812 1.62569 -1.62591 0.97811 -1.33773
49.3125 1.57494 -1.6223 0.933296 -1.57202
49.3438 1.52433 -1.61539 0.878293 -1.9578
49.375 1.47406 -1.601 0.810533 -2.38683
49.4062 1.42435 -1.57938 0.728982 -2.81958
49.4375 1.37543 -1.54977 0.636315 -3.06515
49.4688 1.3276 -1.5098 0.540422 -3.02697
49.5 1.28115 -1.4616 0.449562 -2.75493
49.5312 1.23628 -1.4097 0.370113 -2.29979
49.5625 1.19308 -1.35487 0.307903 -1.64674
49.5938 1.1516 -1.30014 0.269032 -0.821392
49.625 1.11175 -1.25203 0.257095 0.055564
49.6562 1.07324 -1.21466 0.271664 0.85003
49.6875 1.03569 -1.19142 0.307836 1.42023
49.7188 0.998627 -1.18237 0.357431 1.69914
49.75 0.961681 -1.18366 0.409839 1.57957
49.7812 0.924565 -1.19283 0.452104 1.0821
49.8125 0.887094 -1.20528 0.475832 0.41369
49.8438 0.849271 -1.21444 0.476152 -0.418839
49.875 0.81126 -1.2171 0.449539 -1.26091
49.9062 0.773266 -1.21364 0.399028 -1.95772
49.9375 0.735462 -1.20492 0.327353 -2.62235
49.9688 0.698018 -1.19052 0.236744 -3.13871
