0 0 0 0 0
0.03125 0.00021875 0.014 5.55628e-38 6.17664e-35
0.0625 0.000875 0.028 3.68882e-28 1.88926e-25
0.09375 0.00196875 0.042 1.37936e-22 4.61967e-20
0.125 0.0035 0.056 1.07063e-18 2.64153e-16
0.15625 0.00546875 0.07 9.58321e-16 1.84058e-13
0.1875 0.007875 0.084 2.09254e-13 3.24197e-11
0.21875 0.0107188 0.098 1.70942e-11 2.18846e-09
0.25 0.014 0.112 6.56143e-10 6.95749e-08
0.28125 0.0177188 0.126 1.34472e-08 1.18301e-06
0.3125 0.021875 0.139997 1.67006e-07 1.23109e-05
0.34375 0.0264685 0.153988 1.36366e-06 8.27705e-05
0.375 0.0314995 0.168014 7.4564e-06 0.000360102
0.40625 0.0369709 0.182179 2.86703e-05 0.00110085
0.4375 0.0428864 0.196384 8.40095e-05 0.00256781
0.46875 0.0492381 0.209937 0.000194875 0.00457592
0.5 0.0559951 0.222377 0.000373843 0.00701255
0.53125 0.0631396 0.23513 0.00064697 0.0107086
0.5625 0.070715 0.250086 0.00105255 0.0153051
0.59375 0.0787834 0.266307 0.00160825 0.0204325
0.625 0.0873564 0.282431 0.00234569 0.0270238
0.65625 0.096454 0.30026 0.00330782 0.0346376
0.6875 0.106139 0.319409 0.00451476 0.0426921
0.71875 0.11638 0.335235 0.00598382 0.0514951
0.75 0.127054 0.347643 0.00774471 0.0613352
0.78125 0.138108 0.359825 0.00981541 0.0710117
0.8125 0.149519 0.369774 0.0121764 0.0802199
0.84375 0.161185 0.376651 0.014849 0.0910916
0.875 0.173068 0.384078 0.0178655 0.101671
0.90625 0.185187 0.391243 0.0211994 0.112057
0.9375 0.197502 0.396909 0.0249011 0.125102
0.96875 0.210013 0.404175 0.0290022 0.136882
1 0.222773 0.412388 0.0334493 0.148134
1.03125 0.235781 0.420225 0.0382899 0.161766
1.0625 0.249063 0.430262 0.0435372 0.173592
1.09375 0.262686 0.441623 0.0491347 0.184968
1.125 0.276664 0.45317 0.0551148 0.197712
1.15625 0.291036 0.467083 0.0614736 0.208994
1.1875 0.305868 0.482175 0.0681783 0.220332
1.21875 0.321175 0.49769 0.0752537 0.232471
1.25 0.337 0.515459 0.0827016 0.244138
1.28125 0.353398 0.534021 0.0905164 0.256177
1.3125 0.370381 0.553121 0.0987251 0.269373
1.34375 0.387991 0.574191 0.107362 0.28356
1.375 0.40627 0.595593 0.116463 0.299211
1.40625 0.425221 0.617582 0.126082 0.316443
1.4375 0.444887 0.641165 0.136214 0.331296
1.46875 0.465294 0.664855 0.146764 0.34425
1.5 0.486449 0.689392 0.157801 0.363911
1.53125 0.508391 0.71483 0.169635 0.395454
1.5625 0.531115 0.739383 0.182615 0.43584
1.59375 0.554608 0.764449 0.196802 0.469337
1.625 0.578908 0.790878 0.211759 0.48593
1.65625 0.604045 0.817984 0.227176 0.502406
1.6875 0.630042 0.845918 0.243257 0.527179
1.71875 0.656907 0.873194 0.260069 0.547375
1.75 0.684608 0.899763 0.277427 0.564065
1.78125 0.713148 0.9267 0.295413 0.588902
1.8125 0.742507 0.951815 0.314322 0.621833
1.84375 0.77262 0.975529 0.334247 0.652265
1.875 0.803501 1.00131 0.355063 0.680972
1.90625 0.835222 1.02899 0.376939 0.721194
1.9375 0.867816 1.05708 0.400173 0.764848
1.96875 0.901291 1.08535 0.424693 0.80499
2 0.935654 1.11393 0.450593 0.854009
2.03125 0.970909 1.14216 0.47802 0.898487
2.0625 1.00701 1.16772 0.506591 0.92934
2.09375 1.04387 1.19102 0.536142 0.961976
2.125 1.08145 1.21388 0.566537 0.977819
2.15625 1.11971 1.23435 0.596929 0.964505
2.1875 1.15857 1.25274 0.626822 0.949657
2.21875 1.19802 1.27201 0.656203 0.926551
2.25 1.23807 1.29086 0.68444 0.87791
2.28125 1.27869 1.30891 0.711115 0.832104
2.3125 1.31989 1.32834 0.736551 0.794824
2.34375 1.36171 1.34823 0.760623 0.74356
2.375 1.40415 1.36743 0.783056 0.695071
2.40625 1.44718 1.3867 0.804236 0.661125
2.4375 1.49081 1.40548 0.824266 0.618033
2.46875 1.535 1.42235 0.84279 0.568658
2.5 1.57968 1.43703 0.859943 0.530746
2.53125 1.62479 1.44969 0.875952 0.492567
2.5625 1.67026 1.45921 0.890696 0.451969
2.59375 1.71595 1.46466 0.904283 0.417637
2.625 1.76176 1.46667 0.916651 0.370038
2.65625 1.80758 1.46482 0.927244 0.307897
2.6875 1.85327 1.4588 0.936049 0.259289
2.71875 1.89873 1.4502 0.943626 0.227
2.75 1.94387 1.43848 0.950237 0.195314
2.78125 1.98858 1.4222 0.95582 0.16339
2.8125 2.03273 1.40289 0.960683 0.153469
2.84375 2.07624 1.38163 0.965755 0.17517
2.875 2.11906 1.358 0.971758 0.209493
2.90625 2.16111 1.33314 0.978838 0.243488
2.9375 2.20237 1.3077 0.987033 0.283514
2.96875 2.24283 1.28113 0.996824 0.348347
3 2.28243 1.2536 1.00907 0.437533
3.03125 2.32115 1.22366 1.02413 0.522096
3.0625 2.35887 1.19001 1.04126 0.56507
3.09375 2.39551 1.15494 1.05892 0.559959
3.125 2.43105 1.11957 1.07619 0.546714
3.15625 2.46547 1.0825 1.09318 0.541971
3.1875 2.4987 1.0442 1.11019 0.550653
3.21875 2.53073 1.0055 1.12779 0.575611
3.25 2.56152 0.965019 1.14606 0.592545
3.28125 2.591 0.920708 1.16499 0.625185
3.3125 2.61903 0.872612 1.18528 0.667954
3.34375 2.6455 0.821241 1.20609 0.654309
3.375 2.67031 0.765772 1.22605 0.629616
3.40625 2.69333 0.707051 1.24597 0.649445
3.4375 2.71448 0.64659 1.2665 0.659285
3.46875 2.73373 0.585215 1.2872 0.673968
3.5 2.75106 0.524099 1.30942 0.76083
3.53125 2.76649 0.462957 1.33523 0.893279
3.5625 2.78001 0.402476 1.3653 1.03413
3.59375 2.79166 0.343622 1.40022 1.20816
3.625 2.80147 0.284215 1.44107 1.40335
3.65625 2.80942 0.224382 1.48741 1.55263
3.6875 2.81551 0.1656 1.53772 1.66605
3.71875 2.81976 0.10615 1.59154 1.77657
3.75 2.82214 0.0463943 1.64851 1.86562
3.78125 2.82268 -0.0113546 1.70796 1.93568
3.8125 2.82145 -0.0676442 1.76906 1.96507
3.84375 2.81847 -0.122555 1.83031 1.95184
3.875 2.81383 -0.173539 1.89108 1.93807
3.90625 2.80767 -0.219609 1.9513 1.91208
3.9375 2.80015 -0.261571 2.01035 1.86346
3.96875 2.79137 -0.298945 2.06755 1.79374
4 2.78151 -0.331889 2.12229 1.71063
4.03125 2.77066 -0.361803 2.17475 1.65148
4.0625 2.75893 -0.388434 2.2255 1.58943
4.09375 2.74642 -0.411565 2.27333 1.45892
4.125 2.73323 -0.432463 2.31621 1.28377
4.15625 2.71941 -0.451617 2.35371 1.1186
4.1875 2.70503 -0.468799 2.38605 0.946744
4.21875 2.69012 -0.485285 2.41247 0.738003
4.25 2.67468 -0.503086 2.4319 0.502
4.28125 2.65867 -0.521272 2.44361 0.242434
4.3125 2.64212 -0.537443 2.44663 -0.0553763
4.34375 2.6251 -0.551428 2.44001 -0.366022
4.375 2.60768 -0.56307 2.42401 -0.654754
4.40625 2.58995 -0.571391 2.39915 -0.936257
4.4375 2.572 -0.576523 2.36562 -1.20552
4.46875 2.55394 -0.579261 2.32404 -1.45355
4.5 2.53581 -0.580682 2.27483 -1.69346
4.53125 2.51765 -0.581351 2.21853 -1.90337
4.5625 2.49949 -0.58087 2.15611 -2.09079
4.59375 2.48136 -0.57911 2.08796 -2.26647
4.625 2.46331 -0.576503 2.01494 -2.39817
4.65625 2.44534 -0.57347 1.93847 -2.49138
4.6875 2.42747 -0.569696 1.85943 -2.56374
4.71875 2.40973 -0.565645 1.77855 -2.605
4.75 2.39209 -0.563908 1.6973 -2.58239
4.78125 2.37446 -0.56527 1.61772 -2.50772
4.8125 2.35674 -0.568948 1.54041 -2.44471
4.84375 2.33885 -0.577264 1.46478 -2.3966
4.875 2.3206 -0.591348 1.39052 -2.35978
4.90625 2.30186 -0.608769 1.31701 -2.34733
4.9375 2.28252 -0.62937 1.24401 -2.31678
4.96875 2.26248 -0.653508 1.17273 -2.23844
5 2.24166 -0.679188 1.1043 -2.1414
5.03125 2.22003 -0.705563 1.03875 -2.05587
5.0625 2.19755 -0.732869 0.975896 -1.96171
5.09375 2.17422 -0.760499 0.91654 -1.83233
5.125 2.15003 -0.787215 0.861389 -1.70104
5.15625 2.12503 -0.813202 0.810016 -1.58675
5.1875 2.0992 -0.840069 0.762481 -1.44984
5.21875 2.07251 -0.867553 0.719516 -1.30368
5.25 2.04497 -0.895035 0.680557 -1.19671
5.28125 2.01657 -0.922944 0.64446 -1.11603
5.3125 1.98729 -0.950932 0.61054 -1.06182
5.34375 1.95714 -0.978391 0.577615 -1.05126
5.375 1.92616 -1.00406 0.5447 -1.0543
5.40625 1.89441 -1.02757 0.511874 -1.04352
5.4375 1.86194 -1.05033 0.479651 -1.01716
5.46875 1.82878 -1.072 0.448251 -0.995613
5.5 1.79496 -1.09178 0.417204 -0.993513
5.53125 1.76056 -1.1095 0.3862 -0.987377
5.5625 1.72566 -1.12379 0.355826 -0.949784
5.59375 1.69036 -1.13489 0.327279 -0.870995
5.625 1.65474 -1.14397 0.301641 -0.76795
5.65625 1.6189 -1.14967 0.279368 -0.655405
5.6875 1.58292 -1.15281 0.260876 -0.524833
5.71875 1.54684 -1.15668 0.24668 -0.383718
5.75 1.51062 -1.16072 0.236795 -0.251692
5.78125 1.4743 -1.16379 0.230764 -0.136537
5.8125 1.43788 -1.1678 0.228221 -0.0258015
5.84375 1.40131 -1.1726 0.229074 0.0755612
5.875 1.3646 -1.17639 0.232401 0.127054
5.90625 1.32779 -1.17935 0.23655 0.135648
5.9375 1.2909 -1.18169 0.240948 0.149116
5.96875 1.25395 -1.18297 0.246057 0.179783
6 1.21697 -1.18325 0.252205 0.212274
6.03125 1.18 -1.18259 0.259121 0.225438
6.0625 1.14307 -1.18122 0.265932 0.204066
6.09375 1.10618 -1.17995 0.271455 0.142591
6.125 1.06932 -1.17894 0.274473 0.0465178
6.15625 1.03251 -1.1767 0.274299 -0.055618
6.1875 0.995791 -1.17286 0.271225 -0.137179
6.21875 0.959206 -1.16841 0.265884 -0.20399
6.25 0.922789 -1.16171 0.258425 -0.275143
6.28125 0.886633 -1.15196 0.248563 -0.358048
6.3125 0.850797 -1.14147 0.235921 -0.452775
6.34375 0.815313 -1.12884 0.220222 -0.551122
6.375 0.780286 -1.11249 0.201647 -0.633353
6.40625 0.745784 -1.09588 0.18094 -0.687241
6.4375 0.711793 -1.07926 0.158931 -0.718228
6.46875 0.678351 -1.06088 0.136268 -0.727664
6.5 0.645475 -1.04366 0.113807 -0.704047
6.53125 0.613093 -1.02903 0.0924929 -0.659285
6.5625 0.581152 -1.01534 0.0725569 -0.616628
6.59375 0.549627 -1.00232 0.0541707 -0.552899
6.625 0.518504 -0.989581 0.038541 -0.439555
6.65625 0.487776 -0.977086 0.0269957 -0.298016
6.6875 0.457428 -0.965272 0.0198355 -0.163044
6.71875 0.427446 -0.953613 0.0166596 -0.0407406
6.75 0.397824 -0.942301 0.017415 0.0926863
6.78125 0.36855 -0.931179 0.0225824 0.236627
6.8125 0.339628 -0.919853 0.031883 0.351521
6.84375 0.311057 -0.908554 0.0441897 0.43259
6.875 0.282863 -0.895399 0.0587671 0.497164
6.90625 0.255122 -0.879758 0.0748947 0.526351
6.9375 0.227883 -0.863478 0.0910482 0.498193
6.96875 0.201171 -0.845668 0.10566 0.435545
7 0.175051 -0.825876 0.118417 0.384602
7.03125 0.149556 -0.805802 0.129744 0.336375
7.0625 0.124689 -0.785624 0.138983 0.247043
7.09375 0.100454 -0.765409 0.144853 0.126066
7.125 0.0768578 -0.744547 0.146754 -0.00626476
7.15625 0.0539324 -0.722632 0.144382 -0.145046
7.1875 0.0316881 -0.701034 0.137833 -0.271271
7.21875 0.0101368 -0.677609 0.127535 -0.386876
7.25 -0.0106206 -0.650411 0.113803 -0.487349
7.28125 -0.0305024 -0.621914 0.0973599 -0.563355
7.3125 -0.0494699 -0.591445 0.078399 -0.656151
7.34375 -0.0674356 -0.558114 0.056116 -0.769243
7.375 -0.084353 -0.52467 0.0305446 -0.864059
7.40625 -0.100219 -0.49042 0.00214885 -0.95365
7.4375 -0.114987 -0.454719 -0.0288124 -1.01731
7.46875 -0.128646 -0.419548 -0.0604989 -0.995818
7.5 -0.141202 -0.383747 -0.0905074 -0.923086
7.53125 -0.152625 -0.347471 -0.118297 -0.856376
7.5625 -0.162933 -0.312368 -0.143789 -0.766625
7.59375 -0.172138 -0.27652 -0.165639 -0.625294
7.625 -0.180212 -0.240377 -0.182766 -0.472476
7.65625 -0.187177 -0.205459 -0.19517 -0.317159
7.6875 -0.193037 -0.169171 -0.202121 -0.120539
7.71875 -0.197736 -0.131604 -0.202584 0.0871581
7.75 -0.201283 -0.0958406 -0.197025 0.264293
7.78125 -0.203748 -0.0622068 -0.186165 0.430445
7.8125 -0.205182 -0.0297202 -0.170188 0.590646
7.84375 -0.205621 0.00127864 -0.149292 0.746071
7.875 -0.205133 0.0294613 -0.123819 0.874328
7.90625 -0.203796 0.0560907 -0.0955074 0.924091
7.9375 -0.201621 0.0831082 -0.066576 0.924779
7.96875 -0.198616 0.108935 -0.0378022 0.913524
8 -0.194817 0.134407 -0.00982562 0.870992
8.03125 -0.190202 0.160875 0.016382 0.80436
8.0625 -0.184783 0.185551 0.0403983 0.732608
8.09375 -0.178607 0.210117 0.0621814 0.661019
8.125 -0.171629 0.236483 0.0814912 0.567328
8.15625 -0.163845 0.261403 0.0970643 0.422
8.1875 -0.155287 0.286741 0.107808 0.271543
8.21875 -0.145895 0.314521 0.114599 0.171228
8.25 -0.135638 0.341765 0.118716 0.0903398
8.28125 -0.124534 0.369032 0.119937 -0.0176406
8.3125 -0.112567 0.396755 0.117433 -0.142292
8.34375 -0.0997489 0.423458 0.111163 -0.257543
8.375 -0.0861084 0.449301 0.101274 -0.378284
8.40625 -0.0716986 0.472255 0.0874163 -0.506778
8.4375 -0.0566258 0.49215 0.0699643 -0.602191
8.46875 -0.0409454 0.511229 0.0502121 -0.656844
8.5 -0.024698 0.528128 0.0291978 -0.68278
8.53125 -0.00795443 0.543486 0.00790989 -0.674308
8.5625 0.00927938 0.559553 -0.0127258 -0.643984
8.59375 0.0270109 0.575078 -0.0321199 -0.591809
8.625 0.0452166 0.590133 -0.0493378 -0.50525
8.65625 0.0638968 0.605355 -0.0635136 -0.3998
8.6875 0.0830454 0.620087 -0.0740984 -0.272414
8.71875 0.102652 0.63469 -0.0802487 -0.118736
8.75 0.122706 0.648633 -0.0815043 0.03788
8.78125 0.143187 0.662231 -0.0778436 0.197895
8.8125 0.1641 0.676066 -0.0691134 0.358775
8.84375 0.18542 0.687946 -0.0557177 0.491853
8.875 0.207079 0.698239 -0.0388106 0.584037
8.90625 0.229065 0.708952 -0.0194653 0.652186
8.9375 0.251389 0.719794 0.00180916 0.704049
8.96875 0.27406 0.73132 0.0239132 0.698159
9 0.297103 0.743419 0.0449258 0.645891
9.03125 0.320528 0.755995 0.0646063 0.619968
9.0625 0.344372 0.770239 0.0837483 0.600792
9.09375 0.36866 0.78381 0.101802 0.550439
9.125 0.393339 0.795551 0.117983 0.481989
9.15625 0.418389 0.80778 0.131627 0.386384
9.1875 0.443819 0.819451 0.141997 0.277935
9.21875 0.469591 0.829986 0.149048 0.172781
9.25 0.495704 0.841415 0.152752 0.065734
9.28125 0.522184 0.853259 0.153462 -0.0137726
9.3125 0.549032 0.865104 0.152127 -0.0726565
9.34375 0.576264 0.877934 0.148588 -0.161493
9.375 0.603908 0.891273 0.141606 -0.28984
9.40625 0.631965 0.904364 0.13044 -0.421203
9.4375 0.660436 0.917907 0.115641 -0.520267
9.46875 0.689345 0.932372 0.0981093 -0.601093
9.5 0.718697 0.945788 0.078206 -0.666418
9.53125 0.748445 0.958172 0.0571415 -0.66883
9.5625 0.778605 0.972446 0.0369907 -0.616999
9.59375 0.809221 0.986554 0.0185777 -0.561865
9.625 0.840237 0.998231 0.00207294 -0.487572
9.65625 0.871614 1.01 -0.0114401 -0.371881
9.6875 0.903342 1.01984 -0.0209585 -0.233906
9.71875 0.935303 1.02508 -0.0257133 -0.0637404
9.75 0.96739 1.02823 -0.0247183 0.125767
9.78125 0.999538 1.02854 -0.0182028 0.284939
9.8125 1.03164 1.02547 -0.00710401 0.425581
9.84375 1.06362 1.02162 0.00844552 0.568962
9.875 1.09547 1.01628 0.0282579 0.693724
9.90625 1.12713 1.00971 0.0514216 0.782989
9.9375 1.15858 1.00327 0.0769532 0.849325
9.96875 1.18982 0.995684 0.104424 0.906094
10 1.22082 0.988749 0.133278 0.93517
10.0312 1.25164 0.983702 0.162717 0.949898
10.0625 1.28229 0.977868 0.192765 0.973707
10.0938 1.31275 0.971488 0.223497 0.991775
10.125 1.34301 0.96535 0.254724 1.00583
10.1562 1.37307 0.958445 0.286086 0.993231
10.1875 1.40291 0.950745 0.316279 0.933751
10.2188 1.43249 0.942166 0.344403 0.868973
10.25 1.4618 0.934233 0.370835 0.827033
10.2812 1.4909 0.928177 0.396393 0.813551
10.3125 1.51981 0.922538 0.421909 0.821275
10.3438 1.54856 0.917838 0.447745 0.832045
10.375 1.57719 0.914424 0.473875 0.838502
10.4062 1.60571 0.910852 0.499922 0.823702
10.4375 1.63412 0.90733 0.525187 0.794788
10.4688 1.66242 0.903403 0.549998 0.802677
10.5 1.69058 0.899189 0.57591 0.862121
10.5312 1.71863 0.895944 0.604143 0.948247
10.5625 1.74658 0.892579 0.635434 1.05906
10.5938 1.77442 0.889637 0.670608 1.19626
10.625 1.8022 0.888582 0.7105 1.36218
10.6562 1.82996 0.888222 0.755977 1.54849
10.6875 1.85772 0.888934 0.807074 1.71748
10.7188 1.88553 0.890516 0.863274 1.8832
10.75 1.91337 0.891194 0.925135 2.08004
10.7812 1.94124 0.892888 0.993187 2.26802
10.8125 1.96919 0.896134 1.06626 2.39954
10.8438 1.99724 0.898928 1.14282 2.4981
10.875 2.02539 0.902873 1.22226 2.57994
10.9062 2.05369 0.908489 1.30334 2.59569
10.9375 2.08216 0.913438 1.38389 2.55595
10.9688 2.11077 0.917275 1.46298 2.50049
11 2.13948 0.920183 1.53949 2.38164
11.0312 2.16827 0.922341 1.61107 2.19382
11.0625 2.19712 0.92392 1.67659 2.00102
11.0938 2.22601 0.925265 1.7361 1.80379
11.125 2.25496 0.927866 1.78902 1.58135
11.1562 2.28401 0.930703 1.83515 1.3765
11.1875 2.31312 0.932686 1.87518 1.18143
11.2188 2.34232 0.936143 1.90861 0.955999
11.25 2.37164 0.940078 1.93532 0.765144
11.2812 2.40105 0.941649 1.95706 0.631346
11.3125 2.43047 0.941311 1.97492 0.513787
11.3438 2.45985 0.938148 1.9893 0.406694
11.375 2.48905 0.93013 2.00007 0.275807
11.4062 2.51792 0.916512 2.00621 0.115741
11.4375 2.54628 0.89713 2.00741 -0.0365517
11.4688 2.57395 0.873495 2.00403 -0.178414
11.5 2.60084 0.846911 1.99655 -0.290319
11.5312 2.62686 0.818029 1.98677 -0.320921
11.5625 2.65195 0.787578 1.9771 -0.295188
11.5938 2.67607 0.756049 1.96817 -0.279219
11.625 2.6992 0.724333 1.95973 -0.255504
11.6562 2.72132 0.690959 1.95262 -0.193928
11.6875 2.74236 0.655236 1.94773 -0.121005
11.7188 2.76228 0.619758 1.94477 -0.0745
11.75 2.78109 0.583424 1.9427 -0.0620484
11.7812 2.79872 0.544884 1.94079 -0.0612022
11.8125 2.81514 0.506452 1.93877 -0.0717031
11.8438 2.83037 0.467601 1.93593 -0.116736
11.875 2.84435 0.426811 1.93112 -0.195747
11.9062 2.85703 0.384309 1.92346 -0.299303
11.9375 2.86833 0.338402 1.91199 -0.442453
11.9688 2.87813 0.288052 1.89539 -0.62244
12 2.8863 0.234483 1.8732 -0.793508
12.0312 2.89275 0.177121 1.846 -0.947395
12.0625 2.89733 0.115961 1.81388 -1.1092
12.0938 2.89997 0.0528169 1.77677 -1.261
12.125 2.90061 -0.0125658 1.73565 -1.35794
12.1562 2.89916 -0.0802989 1.69265 -1.38494
12.1875 2.89557 -0.149943 1.64934 -1.38798
12.2188 2.88977 -0.221413 1.60579 -1.39946
12.25 2.88174 -0.292722 1.56202 -1.39606
12.2812 2.87149 -0.362822 1.51914 -1.33534
12.3125 2.85907 -0.431596 1.47934 -1.20294
12.3438 2.84454 -0.497885 1.44418 -1.0489
12.375 2.82798 -0.561807 1.41356 -0.913276
12.4062 2.80945 -0.623686 1.38719 -0.769153
12.4375 2.78902 -0.683161 1.36582 -0.596026
12.4688 2.76677 -0.740464 1.34976 -0.438167
12.5 2.74276 -0.795982 1.33827 -0.29424
12.5312 2.71704 -0.850061 1.33167 -0.125664
12.5625 2.68965 -0.902455 1.33014 0.0172667
12.5938 2.66066 -0.952384 1.33208 0.099277
12.625 2.63015 -1.00017 1.33616 0.161772
12.6562 2.59817 -1.04581 1.34211 0.21648
12.6875 2.56484 -1.08653 1.34962 0.266509
12.7188 2.53033 -1.12123 1.35913 0.349183
12.75 2.4948 -1.15228 1.37163 0.448232
12.7812 2.45835 -1.1793 1.38676 0.513208
12.8125 2.42114 -1.20173 1.40342 0.550257
12.8438 2.38326 -1.22277 1.42095 0.565379
12.875 2.34472 -1.24359 1.43819 0.528326
12.9062 2.30555 -1.26316 1.45344 0.440965
12.9375 2.26578 -1.28187 1.46542 0.320123
12.9688 2.22544 -1.2999 1.47295 0.153537
13 2.18456 -1.31629 1.47466 -0.0470254
13.0312 2.1432 -1.3301 1.46993 -0.25632
13.0625 2.10145 -1.34101 1.45864 -0.465351
13.0938 2.05942 -1.3484 1.44096 -0.665301
13.125 2.01721 -1.35247 1.41692 -0.876559
13.1562 1.97491 -1.35453 1.38615 -1.08913
13.1875 1.93259 -1.35336 1.34925 -1.26706
13.2188 1.89037 -1.34815 1.30706 -1.43417
13.25 1.84835 -1.34056 1.2596 -1.60146
13.2812 1.80663 -1.32914 1.20721 -1.74413
13.3125 1.76534 -1.31279 1.15128 -1.82176
13.3438 1.7246 -1.29392 1.09409 -1.83252
13.375 1.68449 -1.27262 1.03664 -1.84955
13.4062 1.64508 -1.24943 0.978459 -1.86862
13.4375 1.6064 -1.22655 0.920318 -1.84602
13.4688 1.56843 -1.2028 0.863357 -1.79507
13.5 1.53123 -1.17803 0.808577 -1.70121
13.5312 1.4948 -1.15376 0.757596 -1.55516
13.5625 1.45912 -1.12958 0.711548 -1.39232
13.5938 1.42419 -1.10606 0.670495 -1.23526
13.625 1.38998 -1.08376 0.634487 -1.0658
13.6562 1.35645 -1.06269 0.603913 -0.895356
13.6875 1.32354 -1.04368 0.578093 -0.762178
13.7188 1.29121 -1.02589 0.55633 -0.625597
13.75 1.25941 -1.00948 0.539144 -0.477923
13.7812 1.22809 -0.995048 0.525963 -0.373861
13.8125 1.19722 -0.980716 0.515484 -0.299143
13.8438 1.16678 -0.967674 0.507021 -0.249059
13.875 1.13671 -0.956833 0.499489 -0.237712
13.9062 1.10699 -0.944802 0.492044 -0.239672
13.9375 1.07768 -0.931446 0.484327 -0.259657
13.9688 1.04878 -0.917968 0.475443 -0.313439
14 1.02032 -0.902976 0.464631 -0.378273
14.0312 0.992357 -0.886667 0.451742 -0.45086
14.0625 0.964909 -0.870001 0.435989 -0.565023
14.0938 0.937972 -0.854277 0.416266 -0.693064
14.125 0.911493 -0.840615 0.393156 -0.779534
14.1562 0.88543 -0.827404 0.367568 -0.863192
14.1875 0.859771 -0.815205 0.338853 -0.977472
14.2188 0.834446 -0.805994 0.306533 -1.08786
14.25 0.809393 -0.797109 0.271061 -1.17949
14.2812 0.784645 -0.786665 0.233013 -1.25167
14.3125 0.760227 -0.776091 0.193142 -1.29386
14.3438 0.736148 -0.764666 0.152623 -1.2907
14.375 0.712457 -0.751264 0.112975 -1.24057
14.4062 0.689202 -0.737072 0.0753087 -1.16874
14.4375 0.66639 -0.722876 0.0399467 -1.09443
14.4688 0.644025 -0.708468 0.00697195 -1.01276
14.5 0.622106 -0.694436 -0.0229576 -0.893833
14.5312 0.600618 -0.680715 -0.0483245 -0.722208
14.5625 0.579577 -0.665592 -0.0678168 -0.523624
14.5938 0.559026 -0.649853 -0.0810599 -0.325193
14.625 0.538947 -0.635309 -0.0882242 -0.13415
14.6562 0.519322 -0.620579 -0.0894814 0.0522139
14.6875 0.500156 -0.606434 -0.0852041 0.215594
14.7188 0.481392 -0.59469 -0.0763222 0.350665
14.75 0.462987 -0.583138 -0.0632785 0.483935
14.7812 0.444939 -0.572383 -0.0463209 0.593974
14.8125 0.427187 -0.563891 -0.0266063 0.662875
14.8438 0.409704 -0.554806 -0.00508255 0.711222
14.875 0.392509 -0.545998 0.017482 0.72536
14.9062 0.375555 -0.539245 0.0398138 0.69824
14.9375 0.358812 -0.53216 0.0608399 0.643758
14.9688 0.342291 -0.52541 0.0798868 0.573595
15 0.325964 -0.519481 0.0965291 0.48648
15.0312 0.309843 -0.511897 0.109848 0.359276
15.0625 0.293973 -0.504015 0.118815 0.215812
15.0938 0.27833 -0.497128 0.123409 0.0765835
15.125 0.262914 -0.489258 0.123347 -0.0840065
15.1562 0.247761 -0.480494 0.118227 -0.238138
15.1875 0.232878 -0.47211 0.108843 -0.358715
15.2188 0.218261 -0.463107 0.095833 -0.475547
15.25 0.203963 -0.451445 0.0790466 -0.598567
15.2812 0.190069 -0.437607 0.0585341 -0.711042
15.3125 0.176613 -0.423514 0.034906 -0.794384
15.3438 0.163616 -0.407842 0.00944513 -0.824579
15.375 0.15115 -0.389777 -0.0160277 -0.799048
15.4062 0.139249 -0.372137 -0.0403536 -0.758579
15.4375 0.127876 -0.35592 -0.0634097 -0.713016
15.4688 0.116994 -0.340717 -0.0844986 -0.630363
15.5 0.106563 -0.327198 -0.102667 -0.533781
15.5312 0.0965243 -0.315625 -0.117862 -0.433932
15.5625 0.0868134 -0.306201 -0.12916 -0.276757
15.5938 0.077379 -0.297486 -0.134611 -0.0694074
15.625 0.0682343 -0.287593 -0.133671 0.123597
15.6562 0.0594061 -0.277464 -0.127232 0.284769
15.6875 0.0508959 -0.267011 -0.116006 0.431946
15.7188 0.0427283 -0.255701 -0.100414 0.56211
15.75 0.0349049 -0.24519 -0.0810925 0.672063
15.7812 0.0274023 -0.234823 -0.0585511 0.766838
15.8125 0.0202381 -0.223658 -0.0335523 0.825724
15.8438 0.013417 -0.21301 -0.00728456 0.852623
15.875 0.0069267 -0.202204 0.0195764 0.861531
15.9062 0.000789368 -0.190517 0.0460399 0.822446
15.9375 -0.00498226 -0.178925 0.070541 0.742331
15.9688 -0.0103953 -0.167524 0.0923384 0.650674
16 -0.0154554 -0.156406 0.110967 0.536541
16.0312 -0.0201758 -0.145757 0.125589 0.395804
16.0625 -0.0245671 -0.135286 0.135556 0.240654
16.0938 -0.0286263 -0.124335 0.140574 0.07958
16.125 -0.0323265 -0.11237 0.140438 -0.0897688
16.1562 -0.0356523 -0.100614 0.134986 -0.255972
16.1875 -0.0386153 -0.0888009 0.124752 -0.394245
16.2188 -0.0411818 -0.075197 0.110499 -0.517429
16.25 -0.0433113 -0.0611393 0.0924722 -0.633787
16.2812 -0.044996 -0.0463093 0.0711034 -0.730489
16.3125 -0.0461758 -0.0288244 0.0469965 -0.808989
16.3438 -0.0467881 -0.010299 0.0208627 -0.856784
16.375 -0.0468053 0.00960349 -0.00610058 -0.861791
16.4062 -0.0461677 0.0312326 -0.0325628 -0.824834
16.4375 -0.0448665 0.05186 -0.0572815 -0.753318
16.4688 -0.0429151 0.073534 -0.0795569 -0.672149
16.5 -0.0402471 0.0971683 -0.0991904 -0.580119
16.5312 -0.0368692 0.118547 -0.115407 -0.450484
16.5625 -0.0328382 0.139936 -0.126977 -0.285968
16.5938 -0.028087 0.16444 -0.133088 -0.101931
16.625 -0.0225678 0.188491 -0.133122 0.102488
16.6562 -0.0163091 0.212392 -0.126726 0.302112
16.6875 -0.00926307 0.23894 -0.114656 0.464233
16.7188 -0.00136917 0.266149 -0.0979893 0.598115
16.75 0.00736199 0.292528 -0.0776938 0.692441
16.7812 0.0169043 0.317919 -0.0550194 0.760258
16.8125 0.0272095 0.341242 -0.0298121 0.85748
16.8438 0.0382141 0.362864 -0.00169447 0.928943
16.875 0.0498797 0.383619 0.027342 0.919639
16.9062 0.0621863 0.404026 0.0556494 0.89445
16.9375 0.0751386 0.425094 0.0832406 0.86585
16.9688 0.0887668 0.447323 0.109138 0.780466
17 0.103111 0.470982 0.131582 0.654753
17.0312 0.11822 0.496217 0.150219 0.540609
17.0625 0.134138 0.522781 0.165278 0.417785
17.0938 0.150905 0.550445 0.17604 0.27031
17.125 0.168551 0.579121 0.18236 0.137448
17.1562 0.187117 0.609352 0.184602 0.00312833
17.1875 0.20665 0.640899 0.182586 -0.125547
17.2188 0.227171 0.672386 0.177382 -0.198974
17.25 0.248673 0.703714 0.170324 -0.254343
17.2812 0.271151 0.73472 0.161446 -0.311147
17.3125 0.29458 0.764625 0.151186 -0.340835
17.3438 0.318936 0.794127 0.140305 -0.354122
17.375 0.344208 0.823054 0.129229 -0.349415
17.4062 0.370361 0.850545 0.118951 -0.299054
17.4375 0.397365 0.877754 0.111077 -0.198855
17.4688 0.425215 0.904335 0.106632 -0.0874646
17.5 0.453862 0.928821 0.105491 0.0145277
17.5312 0.483261 0.9528 0.107685 0.128937
17.5625 0.513418 0.977234 0.113692 0.257992
17.5938 0.544331 1.00106 0.124139 0.418924
17.625 0.575981 1.0246 0.14035 0.621923
17.6562 0.608371 1.04839 0.162816 0.808112
17.6875 0.64151 1.07261 0.19038 0.950943
17.7188 0.675413 1.09711 0.222076 1.07493
17.75 0.710068 1.12054 0.257254 1.16923
17.7812 0.745435 1.14286 0.294727 1.22492
17.8125 0.781495 1.16493 0.333785 1.2768
17.8438 0.818228 1.18558 0.374583 1.33213
17.875 0.855565 1.20357 0.416704 1.35587
17.9062 0.893439 1.22042 0.458767 1.32631
17.9375 0.931856 1.2385 0.498981 1.23911
17.9688 0.97085 1.257 0.535967 1.1288
18 1.01041 1.27454 0.569677 1.02912
18.0312 1.05052 1.29289 0.600058 0.908728
18.0625 1.09121 1.31124 0.626117 0.756023
18.0938 1.13243 1.32639 0.647282 0.599726
18.125 1.1741 1.34005 0.663695 0.451742
18.1562 1.21618 1.35313 0.675451 0.296744
18.1875 1.25864 1.36355 0.681925 0.11434
18.2188 1.3014 1.37367 0.682746 -0.053871
18.25 1.34451 1.38535 0.679136 -0.170035
18.2812 1.38798 1.3965 0.67232 -0.265492
18.3125 1.43179 1.40775 0.662603 -0.354048
18.3438 1.47597 1.41986 0.65043 -0.4203
18.375 1.52053 1.43159 0.636652 -0.456349
18.4062 1.56545 1.44313 0.622241 -0.460018
18.4375 1.61072 1.45427 0.608327 -0.423425
18.4688 1.65632 1.46355 0.596092 -0.357535
18.5 1.70217 1.47018 0.585994 -0.288491
18.5312 1.74817 1.47355 0.578179 -0.208835
18.5625 1.79422 1.47286 0.573063 -0.118092
18.5938 1.84017 1.46711 0.570815 -0.0245285
18.625 1.88587 1.45655 0.571697 0.0845971
18.6562 1.93117 1.44192 0.57629 0.210542
18.6875 1.97593 1.42205 0.584729 0.324399
18.7188 2.01999 1.39683 0.596213 0.406814
18.75 2.06319 1.36762 0.610091 0.481115
18.7812 2.10542 1.33413 0.626091 0.53685
18.8125 2.14653 1.29646 0.643346 0.56747
18.8438 2.18641 1.2554 0.661891 0.626658
18.875 2.22496 1.21106 0.68271 0.703599
18.9062 2.26208 1.16471 0.705626 0.761217
18.9375 2.29774 1.11688 0.730373 0.824004
18.9688 2.33186 1.06636 0.756899 0.865219
19 2.36437 1.0142 0.784048 0.872859
19.0312 2.39524 0.961629 0.811916 0.919898
19.0625 2.42445 0.906728 0.841748 0.985344
19.0938 2.45188 0.848822 0.87303 1.0091
19.125 2.47749 0.790082 0.904491 1.0018
19.1562 2.50127 0.731628 0.935643 0.994857
19.1875 2.52322 0.674033 0.967033 1.02202
19.2188 2.54342 0.618825 1.00003 1.09667
19.25 2.56193 0.566812 1.03582 1.19532
19.2812 2.57888 0.517921 1.07499 1.32143
19.3125 2.59433 0.471448 1.11925 1.52322
19.3438 2.60836 0.426343 1.17026 1.73085
19.375 2.62099 0.382654 1.22656 1.86288
19.4062 2.63229 0.340735 1.28676 1.999
19.4375 2.6423 0.300551 1.35211 2.18867
19.4688 2.6511 0.262921 1.42343 2.37025
19.5 2.65878 0.228992 1.50003 2.53227
19.5312 2.66544 0.197844 1.58184 2.70437
19.5625 2.67116 0.168131 1.66891 2.86477
19.5938 2.67598 0.141324 1.76069 3.0062
19.625 2.68002 0.117072 1.85653 3.12156
19.6562 2.68329 0.0926664 1.95542 3.20016
19.6875 2.68582 0.0692904 2.05578 3.20455
19.7188 2.68764 0.0472715 2.15439 3.08864
19.75 2.68876 0.0240417 2.24808 2.89892
19.7812 2.68914 0.000831417 2.33489 2.64345
19.8125 2.68883 -0.0210217 2.41262 2.32657
19.8438 2.68784 -0.0420852 2.48033 2.00681
19.875 2.68622 -0.0606953 2.53766 1.65085
19.9062 2.68407 -0.0763423 2.58285 1.23648
19.9375 2.68147 -0.0895891 2.61504 0.827917
19.9688 2.67851 -0.0999824 2.63465 0.423539
20 2.67525 -0.108265 2.64124 -0.00234711
20.0312 2.67176 -0.114886 2.63496 -0.386233
20.0625 2.66807 -0.121059 2.61789 -0.696718
20.0938 2.66418 -0.128109 2.59185 -0.965224
20.125 2.66007 -0.134862 2.55766 -1.22412
20.1562 2.65574 -0.143108 2.51523 -1.49032
20.1875 2.65109 -0.154578 2.46491 -1.72032
20.2188 2.64607 -0.16661 2.40834 -1.89252
20.25 2.64066 -0.179985 2.34694 -2.03376
20.2812 2.63479 -0.196209 2.28144 -2.15261
20.3125 2.62839 -0.213269 2.213 -2.21467
20.3438 2.62145 -0.231005 2.14366 -2.22072
20.375 2.61396 -0.247983 2.07394 -2.24628
20.4062 2.60599 -0.262052 2.00347 -2.25138
20.4375 2.5976 -0.274895 1.93417 -2.17217
20.4688 2.58882 -0.286332 1.86808 -2.05391
20.5 2.57972 -0.295745 1.80605 -1.91263
20.5312 2.57033 -0.306097 1.74853 -1.77276
20.5625 2.56056 -0.31909 1.69493 -1.66104
20.5938 2.55036 -0.334552 1.64459 -1.56406
20.625 2.53963 -0.352275 1.59675 -1.508
20.6562 2.52831 -0.372445 1.54982 -1.49901
20.6875 2.51632 -0.395257 1.50306 -1.49478
20.7188 2.50359 -0.419942 1.45589 -1.53858
20.75 2.49005 -0.447336 1.40606 -1.65646
20.7812 2.47559 -0.478868 1.35259 -1.75703
20.8125 2.46009 -0.513811 1.29654 -1.83027
20.8438 2.44344 -0.551913 1.23809 -1.91208
20.875 2.42555 -0.593812 1.17697 -2.00247
20.9062 2.40629 -0.63915 1.1126 -2.12297
20.9375 2.38558 -0.686887 1.04402 -2.26747
20.9688 2.36335 -0.736224 0.971055 -2.39449
21 2.33955 -0.786939 0.89519 -2.445
21.0312 2.31416 -0.837855 0.819048 -2.42055
21.0625 2.28721 -0.886706 0.744127 -2.37154
21.0938 2.25877 -0.933287 0.671236 -2.28222
21.125 2.22889 -0.978268 0.602367 -2.11196
21.1562 2.19765 -1.02056 0.539669 -1.90196
21.1875 2.16514 -1.06023 0.483197 -1.71434
21.2188 2.1314 -1.09841 0.432897 -1.49339
21.25 2.0965 -1.13488 0.390333 -1.23121
21.2812 2.06049 -1.16966 0.355611 -0.99531
21.3125 2.02342 -1.20236 0.32821 -0.753429
21.3438 1.98537 -1.23244 0.308661 -0.500625
21.375 1.94641 -1.26077 0.296523 -0.282825
21.4062 1.9066 -1.28629 0.290762 -0.0864616
21.4375 1.86606 -1.30763 0.291125 0.109067
21.4688 1.8249 -1.32623 0.29752 0.301197
21.5 1.78321 -1.34177 0.310255 0.52054
21.5312 1.74107 -1.35442 0.330112 0.741142
21.5625 1.69857 -1.36538 0.355545 0.870297
21.5938 1.65578 -1.37226 0.384139 0.964669
21.625 1.61284 -1.37583 0.416224 1.0884
21.6562 1.5698 -1.37854 0.451517 1.15412
21.6875 1.52672 -1.37759 0.487514 1.14184
21.7188 1.48373 -1.37381 0.522583 1.0969
21.75 1.44084 -1.37116 0.555437 0.992056
21.7812 1.39803 -1.3687 0.583775 0.811757
21.8125 1.35529 -1.36666 0.605752 0.589202
21.8438 1.31259 -1.3665 0.620235 0.332696
21.875 1.26989 -1.36587 0.626448 0.0666781
21.9062 1.22724 -1.36403 0.62443 -0.199936
21.9375 1.18465 -1.36135 0.613454 -0.509877
21.9688 1.14218 -1.356 0.592546 -0.820849
22 1.09992 -1.34839 0.562819 -1.07083
22.0312 1.05792 -1.33954 0.526255 -1.25883
22.0625 1.01623 -1.32784 0.484786 -1.38677
22.0938 0.974957 -1.31354 0.439926 -1.47989
22.125 0.934145 -1.29828 0.392688 -1.53515
22.1562 0.893834 -1.28122 0.344384 -1.5534
22.1875 0.854093 -1.26201 0.295728 -1.55554
22.2188 0.81496 -1.24255 0.247779 -1.50148
22.25 0.776437 -1.22263 0.202384 -1.40014
22.2812 0.738572 -1.20034 0.160545 -1.26884
22.3125 0.701432 -1.17648 0.123806 -1.07294
22.3438 0.665047 -1.152 0.0936029 -0.865206
22.375 0.62945 -1.12593 0.0693647 -0.688378
22.4062 0.594691 -1.09854 0.0507349 -0.498601
22.4375 0.560792 -1.07104 0.0384952 -0.282057
22.4688 0.527746 -1.04398 0.0331141 -0.0643473
22.5 0.495538 -1.01738 0.0343448 0.14314
22.5312 0.46416 -0.990889 0.0423001 0.372264
22.5625 0.433598 -0.965368 0.0578081 0.616541
22.5938 0.403805 -0.941558 0.0801208 0.795474
22.625 0.374745 -0.918241 0.106636 0.891803
22.6562 0.346417 -0.894798 0.13551 0.952444
22.6875 0.318823 -0.871076 0.165853 0.982132
22.7188 0.291985 -0.846394 0.196268 0.952106
22.75 0.265928 -0.821225 0.224495 0.840223
22.7812 0.240663 -0.795605 0.248063 0.661396
22.8125 0.216216 -0.768851 0.265768 0.474575
22.8438 0.192611 -0.741911 0.277795 0.291354
22.875 0.16984 -0.715471 0.283438 0.0597741
22.9062 0.147901 -0.688383 0.281205 -0.201381
22.9375 0.126835 -0.65953 0.271147 -0.438331
22.9688 0.106693 -0.629554 0.253781 -0.677248
23 0.0874844 -0.599849 0.228614 -0.932225
23.0312 0.0692028 -0.570112 0.196034 -1.13848
23.0625 0.051849 -0.540807 0.158448 -1.25383
23.0938 0.0353731 -0.514155 0.118111 -1.32596
23.125 0.0196957 -0.489265 0.0756678 -1.38573
23.1562 0.00479324 -0.464596 0.0320458 -1.39596
23.1875 -0.0093561 -0.441204 -0.0110995 -1.36034
23.2188 -0.0227856 -0.418135 -0.0526491 -1.29153
23.25 -0.0354764 -0.393929 -0.0912672 -1.17167
23.2812 -0.0474026 -0.369287 -0.125507 -1.01572
23.3125 -0.0585448 -0.343492 -0.154524 -0.837448
23.3438 -0.0688505 -0.315822 -0.177599 -0.635627
23.375 -0.0782713 -0.286902 -0.194035 -0.413441
23.4062 -0.0867659 -0.256497 -0.203391 -0.187264
23.4375 -0.0942937 -0.225298 -0.205958 0.0198884
23.4688 -0.100854 -0.194662 -0.202151 0.226945
23.5 -0.106464 -0.164424 -0.191476 0.461084
23.5312 -0.111132 -0.134426 -0.173137 0.713119
23.5625 -0.114877 -0.10545 -0.147095 0.947153
23.5938 -0.117738 -0.0778664 -0.114425 1.13639
23.625 -0.119742 -0.0502071 -0.0764649 1.28642
23.6562 -0.120872 -0.0222658 -0.0346359 1.37701
23.6875 -0.121158 0.00353145 0.00862107 1.37605
23.7188 -0.12066 0.028517 0.0505976 1.30211
23.75 -0.119359 0.0547749 0.0897107 1.19857
23.7812 -0.117257 0.0792046 0.125219 1.06451
23.8125 -0.114434 0.101356 0.155328 0.846076
23.8438 -0.110925 0.123083 0.177449 0.568717
23.875 -0.10677 0.142234 0.191283 0.325679
23.9062 -0.10206 0.159108 0.198046 0.103797
23.9375 -0.0968261 0.175713 0.197283 -0.160908
23.9688 -0.0910971 0.190598 0.187749 -0.447381
24 -0.0849179 0.205147 0.169728 -0.696926
24.0312 -0.0782516 0.221746 0.144761 -0.892323
24.0625 -0.0710599 0.238345 0.114485 -1.03682
24.0938 -0.0633602 0.254519 0.0804892 -1.13048
24.125 -0.0551451 0.271279 0.0444137 -1.16741
24.1562 -0.0464097 0.287722 0.00822144 -1.14044
24.1875 -0.0371575 0.304616 -0.0267266 -1.0997
24.2188 -0.0273618 0.322345 -0.0606976 -1.07207
24.25 -0.0170086 0.340436 -0.0931033 -0.986951
24.2812 -0.00606331 0.360415 -0.121537 -0.82348
24.3125 0.00552271 0.380856 -0.14428 -0.63101
24.3438 0.0177211 0.399699 -0.161023 -0.441829
24.375 0.0305112 0.419055 -0.171863 -0.248799
24.4062 0.043906 0.437763 -0.176348 -0.0373186
24.4375 0.0578386 0.453598 -0.17443 0.153741
24.4688 0.0722557 0.469233 -0.166931 0.328508
24.5 0.0871592 0.484169 -0.153621 0.525739
24.5312 0.102485 0.496345 -0.134191 0.713776
24.5625 0.11818 0.508272 -0.109128 0.890606
24.5938 0.134253 0.520279 -0.0786182 1.05605
24.625 0.150688 0.531576 -0.0437628 1.16289
24.6562 0.167489 0.543879 -0.00659629 1.20652
24.6875 0.184684 0.55657 0.0310762 1.19545
24.7188 0.202273 0.569204 0.0675867 1.13305
24.75 0.220264 0.582159 0.101325 1.01598
24.7812 0.238639 0.593393 0.130514 0.846079
24.8125 0.257334 0.602961 0.15403 0.65725
24.8438 0.276317 0.611737 0.17134 0.443776
24.875 0.295544 0.618355 0.181327 0.190173
24.9062 0.31494 0.622645 0.183077 -0.0781302
24.9375 0.334438 0.624902 0.176569 -0.334317
24.9688 0.353986 0.626239 0.162525 -0.558926
25 0.373583 0.627921 0.141847 -0.763703
25.0312 0.393218 0.628485 0.114799 -0.965637
25.0625 0.412865 0.629304 0.0819299 -1.12438
25.0938 0.432579 0.632664 0.0457078 -1.17316
25.125 0.452403 0.635826 0.00954643 -1.13532
25.1562 0.472316 0.638841 -0.0253563 -1.10236
25.1875 0.492349 0.643386 -0.0592454 -1.05787
25.2188 0.512515 0.646996 -0.0907767 -0.950986
25.25 0.532792 0.651156 -0.11841 -0.816607
25.2812 0.553247 0.658367 -0.141747 -0.673913
25.3125 0.573943 0.666134 -0.16014 -0.493814
25.3438 0.594894 0.67526 -0.171939 -0.252189
25.375 0.616179 0.687272 -0.175724 0.00553697
25.4062 0.637849 0.699397 -0.172079 0.220939
25.4375 0.659889 0.711323 -0.162049 0.422578
25.4688 0.682317 0.724226 -0.145566 0.632433
25.5 0.705157 0.737482 -0.122592 0.836315
25.5312 0.728409 0.750679 -0.0934178 1.02835
25.5625 0.752072 0.763727 -0.058473 1.20653
25.5938 0.776146 0.777033 -0.0180431 1.38052
25.625 0.800631 0.789808 0.027668 1.54013
25.6562 0.825489 0.800878 0.077712 1.65117
25.6875 0.850681 0.811351 0.129976 1.67888
25.7188 0.876188 0.820688 0.181944 1.6411
25.75 0.901947 0.82754 0.232321 1.57786
25.7812 0.927892 0.832723 0.279951 1.45822
25.8125 0.953971 0.835934 0.322906 1.28736
25.8438 0.980119 0.837336 0.360347 1.1065
25.875 1.0063 0.837928 0.391696 0.892715
25.9062 1.03248 0.837957 0.415908 0.657752
25.9375 1.05869 0.83983 0.433013 0.440097
25.9688 1.08499 0.843789 0.443506 0.232484
26 1.11143 0.848046 0.447773 0.0481719
26.0312 1.13803 0.85515 0.447149 -0.0780781
26.0625 1.16491 0.865168 0.443301 -0.165263
26.0938 1.1921 0.875491 0.437015 -0.230233
26.125 1.21964 0.887331 0.429692 -0.222394
26.1562 1.24757 0.899659 0.42399 -0.133442
26.1875 1.27586 0.911248 0.421577 -0.0212964
26.2188 1.30453 0.923805 0.422562 0.0828651
26.25 1.33358 0.935113 0.426766 0.189034
26.2812 1.36296 0.944995 0.434764 0.33177
26.3125 1.39267 0.957256 0.448097 0.529952
26.3438 1.4228 0.970729 0.468205 0.757971
26.375 1.45335 0.984654 0.495358 0.977749
26.4062 1.48437 1.00102 0.529414 1.20734
26.4375 1.51592 1.01805 0.571094 1.4588
26.4688 1.54799 1.03437 0.620021 1.6598
26.5 1.58057 1.05097 0.674375 1.82013
26.5312 1.61367 1.06719 0.734182 2.01394
26.5625 1.64726 1.08268 0.800336 2.21655
26.5938 1.68134 1.09836 0.872335 2.38324
26.625 1.71591 1.11414 0.948683 2.49346
26.6562 1.75096 1.12845 1.02781 2.56876
26.6875 1.78642 1.14078 1.10908 2.62462
26.7188 1.82225 1.15202 1.19079 2.5829
26.75 1.85839 1.16084 1.26947 2.44491
26.7812 1.89476 1.16623 1.3435 2.29224
26.8125 1.93127 1.17002 1.41235 2.10402
26.8438 1.96787 1.17173 1.4745 1.8707
26.875 2.00447 1.17044 1.52927 1.63342
26.9062 2.041 1.16753 1.57626 1.36578
26.9375 2.07743 1.16355 1.61435 1.07339
26.9688 2.11371 1.15861 1.64356 0.798156
27 2.14983 1.15241 1.66426 0.526661
27.0312 2.18573 1.14539 1.6767 0.277129
27.0625 2.22142 1.13872 1.68199 0.0650232
27.0938 2.25688 1.13073 1.68091 -0.131086
27.125 2.29209 1.12265 1.67423 -0.286519
27.1562 2.32708 1.11737 1.66363 -0.382811
27.1875 2.36192 1.11222 1.65073 -0.437208
27.2188 2.39659 1.10702 1.6367 -0.454471
27.25 2.43114 1.10376 1.62259 -0.446684
27.2812 2.46557 1.09951 1.60881 -0.432942
27.3125 2.49983 1.09295 1.59603 -0.371876
27.3438 2.53385 1.08362 1.58641 -0.234958
27.375 2.5675 1.06896 1.58133 -0.0977493
27.4062 2.60061 1.0491 1.57971 -0.0123572
27.4375 2.63301 1.02324 1.58052 0.0668792
27.4688 2.66447 0.988766 1.58385 0.139346
27.5 2.69473 0.947264 1.5887 0.165364
27.5312 2.72362 0.900942 1.59421 0.192255
27.5625 2.75099 0.849792 1.60108 0.253696
27.5938 2.7767 0.795093 1.61052 0.35763
27.625 2.80066 0.738058 1.62357 0.471953
27.6562 2.8228 0.678493 1.63932 0.5257
27.6875 2.84303 0.615769 1.6562 0.557803
27.7188 2.86124 0.549092 1.67449 0.613655
27.75 2.87732 0.479241 1.69397 0.613672
27.7812 2.89117 0.407198 1.71152 0.494101
27.8125 2.90275 0.333204 1.72468 0.355088
27.8438 2.91199 0.258387 1.73408 0.247237
27.875 2.91889 0.183202 1.73987 0.117933
27.9062 2.92344 0.108076 1.7413 -0.026119
27.9375 2.92566 0.0340782 1.73827 -0.168599
27.9688 2.92558 -0.0391739 1.73059 -0.326873
28 2.92323 -0.110728 1.71776 -0.489849
28.0312 2.91869 -0.178995 1.70051 -0.604638
28.0625 2.91206 -0.245043 1.68045 -0.672175
28.0938 2.90341 -0.308002 1.65906 -0.686623
28.125 2.89286 -0.36662 1.63811 -0.647871
28.1562 2.88052 -0.422644 1.61894 -0.570884
28.1875 2.86648 -0.475366 1.60307 -0.433279
28.2188 2.85085 -0.524492 1.59248 -0.237831
28.25 2.8337 -0.572902 1.58827 -0.036281
28.2812 2.81506 -0.6197 1.58992 0.141553
28.3125 2.795 -0.663996 1.59756 0.359816
28.3438 2.77356 -0.707924 1.61301 0.631547
28.375 2.75078 -0.749795 1.63676 0.878835
28.4062 2.72673 -0.788594 1.66729 1.06697
28.4375 2.7015 -0.826491 1.70308 1.21886
28.4688 2.6751 -0.862729 1.7431 1.33488
28.5 2.6476 -0.896349 1.78599 1.40107
28.5312 2.61909 -0.928366 1.82989 1.39171
28.5625 2.58959 -0.959341 1.87185 1.27973
28.5938 2.55916 -0.987949 1.90941 1.11978
28.625 2.52789 -1.01237 1.94135 0.910415
28.6562 2.49591 -1.03439 1.96534 0.611806
28.6875 2.46326 -1.05426 1.97902 0.257214
28.7188 2.43008 -1.06857 1.98107 -0.128036
28.75 2.39652 -1.07839 1.97118 -0.499029
28.7812 2.36271 -1.08461 1.95014 -0.847703
28.8125 2.32879 -1.08576 1.9181 -1.20248
28.8438 2.29487 -1.08491 1.87534 -1.52388
28.875 2.26098 -1.08391 1.8236 -1.77683
28.9062 2.22713 -1.08305 1.76462 -1.99872
28.9375 2.19326 -1.08494 1.6984 -2.24318
28.9688 2.1593 -1.08862 1.62459 -2.47047
29 2.12522 -1.09257 1.54487 -2.61881
29.0312 2.09101 -1.09707 1.4614 -2.71932
29.0625 2.05667 -1.10048 1.37527 -2.78241
29.0938 2.02224 -1.10261 1.28848 -2.75385
29.125 1.98777 -1.10312 1.20401 -2.64451
29.1562 1.95333 -1.101 1.12344 -2.5083
29.1875 1.91897 -1.09741 1.04771 -2.32797
29.2188 1.88476 -1.09146 0.978548 -2.09187
29.25 1.85079 -1.08256 0.917228 -1.82925
29.2812 1.81711 -1.07241 0.864428 -1.54781
29.3125 1.78379 -1.0601 0.820487 -1.26553
29.3438 1.75088 -1.04573 0.785392 -0.97687
29.375 1.71843 -1.03065 0.759614 -0.674403
29.4062 1.68648 -1.01401 0.742746 -0.417593
29.4375 1.65506 -0.996957 0.73276 -0.231289
29.4688 1.62416 -0.980911 0.727792 -0.0939837
29.5 1.59375 -0.965434 0.72644 0.000818083
29.5312 1.56381 -0.951236 0.727427 0.054431
29.5625 1.53429 -0.937958 0.729188 0.0457284
29.5938 1.50518 -0.925281 0.729522 -0.0347406
29.625 1.47644 -0.91399 0.726527 -0.162339
29.6562 1.44805 -0.903087 0.719155 -0.311807
29.6875 1.41999 -0.89332 0.706837 -0.482296
29.7188 1.3922 -0.885527 0.68848 -0.702166
29.75 1.36464 -0.878524 0.662494 -0.964308
29.7812 1.33726 -0.874101 0.628267 -1.2216
29.8125 1.30998 -0.871779 0.586585 -1.43834
29.8438 1.28278 -0.868876 0.538692 -1.62528
29.875 1.25566 -0.867811 0.485056 -1.80315
29.9062 1.22852 -0.868975 0.426672 -1.91844
29.9375 1.20135 -0.870052 0.365847 -1.97126
29.9688 1.17414 -0.871319 0.303277 -2.03684
30 1.1469 -0.871929 0.238762 -2.08015
30.0312 1.11965 -0.871862 0.174311 -2.02769
30.0625 1.09241 -0.871077 0.112796 -1.90291
30.0938 1.06524 -0.867736 0.0555613 -1.75729
30.125 1.03817 -0.86482 0.00335528 -1.57485
30.1562 1.01116 -0.864081 -0.0423819 -1.348
30.1875 0.984181 -0.862426 -0.0807561 -1.10527
30.2188 0.957251 -0.861553 -0.111229 -0.843018
30.25 0.930314 -0.86234 -0.133626 -0.596214
30.2812 0.903379 -0.861054 -0.148585 -0.355154
30.3125 0.876509 -0.858675 -0.155241 -0.0646778
30.3438 0.849716 -0.855749 -0.152735 0.218062
30.375 0.823063 -0.849409 -0.141932 0.472165
30.4062 0.796645 -0.841326 -0.123235 0.722217
30.4375 0.770487 -0.832478 -0.0971316 0.940978
30.4688 0.744648 -0.820746 -0.0649962 1.10375
30.5 0.7192 -0.808003 -0.0290201 1.1859
30.5312 0.694136 -0.796156 0.00868465 1.22562
30.5625 0.669446 -0.783887 0.0474217 1.2455
30.5938 0.645142 -0.771749 0.0856647 1.18659
30.625 0.621196 -0.76105 0.120882 1.0609
30.6562 0.597573 -0.750741 0.151649 0.901701
30.6875 0.574268 -0.741105 0.176752 0.698062
30.7188 0.551227 -0.733953 0.195065 0.473454
30.75 0.528381 -0.728255 0.206257 0.238063
30.7812 0.505701 -0.723631 0.209454 -0.040988
30.8125 0.483126 -0.721572 0.203602 -0.327667
30.8438 0.460594 -0.720432 0.189569 -0.561363
30.875 0.438101 -0.719159 0.168917 -0.754509
30.9062 0.415642 -0.718107 0.142951 -0.896794
30.9375 0.393238 -0.715404 0.113315 -0.998564
30.9688 0.37094 -0.711695 0.080473 -1.1018
31 0.348754 -0.708105 0.0449181 -1.16314
31.0312 0.326706 -0.702565 0.00822035 -1.18324
31.0625 0.304864 -0.695106 -0.0288951 -1.18558
31.0938 0.283275 -0.686278 -0.0651332 -1.11961
31.125 0.261989 -0.675838 -0.098182 -0.988632
31.1562 0.241042 -0.664613 -0.126691 -0.834762
31.1875 0.22047 -0.651599 -0.150413 -0.685305
31.2188 0.200327 -0.637783 -0.169459 -0.527599
31.25 0.180592 -0.62529 -0.182778 -0.314958
31.2812 0.161268 -0.610811 -0.188829 -0.0728227
31.3125 0.142448 -0.593526 -0.187537 0.151905
31.3438 0.124173 -0.57595 -0.179424 0.368945
31.375 0.106473 -0.556369 -0.164214 0.60928
31.4062 0.0894223 -0.534744 -0.141307 0.850697
31.4375 0.0730497 -0.513131 -0.11175 1.02863
31.4688 0.0573513 -0.491642 -0.0775242 1.15798
31.5 0.0423093 -0.471306 -0.0396242 1.26067
31.5312 0.027885 -0.451886 0.000652898 1.30642
31.5625 0.0140605 -0.433136 0.0414322 1.29471
31.5938 0.00079267 -0.416257 0.0810419 1.23283
31.625 -0.0119555 -0.399459 0.118149 1.13781
31.6562 -0.0241689 -0.382293 0.151749 1.00232
31.6875 -0.0358546 -0.365476 0.180032 0.796742
31.7188 -0.0469877 -0.346598 0.201087 0.546846
31.75 -0.0575045 -0.326574 0.214109 0.287339
31.7812 -0.0674078 -0.307227 0.219219 0.0421552
31.8125 -0.0766933 -0.286818 0.2166 -0.217242
31.8438 -0.0853342 -0.266442 0.205252 -0.507677
31.875 -0.0933624 -0.247492 0.185611 -0.73164
31.9062 -0.100802 -0.228613 0.160349 -0.879678
31.9375 -0.107656 -0.210189 0.130737 -1.01246
31.9688 -0.113949 -0.192697 0.0975072 -1.10615
32 -0.119701 -0.175431 0.0618567 -1.17591
32.0312 -0.124916 -0.158446 0.0239858 -1.24437
32.0625 -0.129617 -0.142713 -0.0153422 -1.25978
32.0938 -0.133853 -0.128456 -0.0540517 -1.21078
32.125 -0.137635 -0.113264 -0.0908201 -1.13962
32.1562 -0.140917 -0.0967535 -0.12482 -1.02421
32.1875 -0.143685 -0.0803249 -0.154112 -0.844368
32.2188 -0.145912 -0.0616077 -0.177638 -0.664981
32.25 -0.14751 -0.0405221 -0.195642 -0.48109
32.2812 -0.148439 -0.0186243 -0.207239 -0.256286
32.3125 -0.148638 0.00653668 -0.211586 -0.0218378
32.3438 -0.148006 0.0339923 -0.208485 0.223233
32.375 -0.146501 0.0628801 -0.197603 0.469985
32.4062 -0.14402 0.096752 -0.179448 0.686525
32.4375 -0.140431 0.132826 -0.154918 0.881447
32.4688 -0.135731 0.168046 -0.124493 1.06142
32.5 -0.129901 0.205558 -0.0891372 1.18792
32.5312 -0.122879 0.243509 -0.0511021 1.23654
32.5625 -0.114708 0.279285 -0.0120857 1.26002
32.5938 -0.105417 0.315546 0.0274241 1.26021
32.625 -0.0949817 0.352216 0.066061 1.20424
32.6562 -0.0834074 0.38859 0.10223 1.10116
32.6875 -0.0706902 0.425273 0.134103 0.92682
32.7188 -0.0568385 0.461045 0.159821 0.719707
32.75 -0.0418789 0.496392 0.178992 0.498963
32.7812 -0.0258212 0.530938 0.190262 0.2145
32.8125 -0.00872862 0.562462 0.192642 -0.0488872
32.8438 0.00930969 0.591715 0.187951 -0.246796
32.875 0.0282297 0.618618 0.177099 -0.450405
32.9062 0.0479372 0.642212 0.160005 -0.633796
32.9375 0.0683539 0.664399 0.138273 -0.74488
32.9688 0.0894593 0.686245 0.114042 -0.799164
33 0.111237 0.70748 0.0886078 -0.826317
33.0312 0.133682 0.729174 0.0624031 -0.852008
33.0625 0.156827 0.752335 0.0354076 -0.870042
33.0938 0.18071 0.776177 0.00878573 -0.817119
33.125 0.205336 0.799907 -0.0147287 -0.678017
33.1562 0.23071 0.824192 -0.0333044 -0.508698
33.1875 0.25685 0.848724 -0.0463266 -0.320507
33.2188 0.283754 0.873244 -0.0531148 -0.111596
33.25 0.31144 0.898837 -0.0531722 0.110113
33.2812 0.33993 0.924308 -0.0461615 0.337854
33.3125 0.369195 0.948526 -0.0321238 0.561287
33.3438 0.399214 0.972673 -0.0108979 0.799541
33.375 0.429982 0.996339 0.0176819 1.02196
33.4062 0.461474 1.01903 0.0524922 1.20092
33.4375 0.493669 1.04147 0.0924739 1.35033
33.4688 0.526568 1.06414 0.136102 1.42838
33.5 0.560189 1.08772 0.181319 1.4661
33.5312 0.594544 1.11072 0.22777 1.5007
33.5625 0.629591 1.1322 0.274182 1.45045
33.5938 0.665315 1.15433 0.317487 1.31313
33.625 0.701731 1.176 0.356089 1.15733
33.6562 0.7388 1.19635 0.389765 0.994789
33.6875 0.776511 1.21723 0.417873 0.795605
33.7188 0.814862 1.23685 0.439031 0.554379
33.75 0.853796 1.25479 0.452435 0.302841
33.7812 0.893272 1.2711 0.457901 0.0475045
33.8125 0.933185 1.28245 0.455675 -0.183327
33.8438 0.973393 1.29064 0.446652 -0.395913
33.875 1.01383 1.297 0.430841 -0.610748
33.9062 1.0544 1.29823 0.409362 -0.746631
33.9375 1.09495 1.29702 0.384781 -0.826392
33.9688 1.13547 1.29612 0.35762 -0.908112
34 1.17594 1.29368 0.328754 -0.923482
34.0312 1.21632 1.29138 0.300741 -0.860157
34.0625 1.25667 1.29053 0.275285 -0.769036
34.0938 1.29698 1.28984 0.252492 -0.691588
34.125 1.33728 1.28929 0.232479 -0.572691
34.1562 1.37756 1.28856 0.217852 -0.35126
34.1875 1.41782 1.28781 0.210583 -0.120616
34.2188 1.45805 1.28691 0.209943 0.0766969
34.25 1.49824 1.28535 0.215233 0.258529
34.2812 1.5384 1.28519 0.225918 0.424935
34.3125 1.57858 1.28608 0.241907 0.600044
34.3438 1.61877 1.28638 0.263369 0.770546
34.375 1.65898 1.28685 0.289834 0.918864
34.4062 1.69918 1.2855 0.320499 1.03961
34.4375 1.73929 1.28147 0.354691 1.14772
34.4688 1.77926 1.27579 0.391946 1.22656
34.5 1.81898 1.26566 0.430566 1.23437
34.5312 1.85831 1.25078 0.468748 1.2079
34.5625 1.89712 1.23192 0.506003 1.17419
34.5938 1.93523 1.20647 0.541882 1.11667
34.625 1.97246 1.17486 0.575484 1.03108
34.6562 2.00861 1.1382 0.606344 0.945578
34.6875 2.04354 1.09624 0.634535 0.855361
34.7188 2.0771 1.0519 0.659744 0.762868
34.75 2.10926 1.006 0.682756 0.716809
34.7812 2.13995 0.957601 0.704553 0.674299
34.8125 2.16913 0.910027 0.724978 0.642774
34.8438 2.19684 0.863771 0.745634 0.692264
34.875 2.22311 0.817379 0.768628 0.779427
34.9062 2.24796 0.774042 0.794296 0.86512
34.9375 2.27153 0.734759 0.823116 0.989949
34.9688 2.29391 0.698248 0.856799 1.17205
35 2.3152 0.665085 0.896414 1.36017
35.0312 2.33551 0.634762 0.941603 1.52927
35.0625 2.3549 0.606861 0.991797 1.67906
35.0938 2.37346 0.581039 1.04632 1.8081
35.125 2.39123 0.556256 1.10471 1.9262
35.1562 2.40824 0.533263 1.16642 2.01956
35.1875 2.42458 0.512579 1.23102 2.12162
35.2188 2.44031 0.494478 1.29959 2.27407
35.25 2.45552 0.48006 1.37316 2.42758
35.2812 2.47034 0.468659 1.45071 2.52765
35.3125 2.48484 0.460082 1.53116 2.63092
35.3438 2.49912 0.453867 1.61598 2.80835
35.375 2.5132 0.446967 1.70676 2.99352
35.4062 2.52705 0.438903 1.80226 3.10435
35.4375 2.54062 0.429238 1.90013 3.1526
35.4688 2.55383 0.415409 1.99894 3.16478
35.5 2.56656 0.399144 2.09726 3.11259
35.5312 2.57877 0.382053 2.19247 2.96728
35.5625 2.59041 0.362478 2.28222 2.7731
35.5938 2.6014 0.341048 2.3655 2.54883
35.625 2.61171 0.318819 2.44087 2.26413
35.6562 2.62133 0.296318 2.50651 1.92952
35.6875 2.63024 0.274189 2.56081 1.53217
35.7188 2.63846 0.252431 2.60164 1.07792
35.75 2.64605 0.233404 2.62833 0.63295
35.7812 2.65309 0.217651 2.64094 0.165705
35.8125 2.65966 0.203397 2.63851 -0.314598
35.8438 2.66584 0.193134 2.62207 -0.724423
35.875 2.67177 0.186807 2.5938 -1.07852
35.9062 2.67754 0.182494 2.55514 -1.38791
35.9375 2.68324 0.183231 2.50739 -1.66368
35.9688 2.68902 0.186738 2.45164 -1.89125
36 2.69489 0.188746 2.39018 -2.02753
36.0312 2.70082 0.191025 2.32549 -2.10955
36.0625 2.7068 0.190424 2.25832 -2.19088
36.0938 2.71265 0.183486 2.18859 -2.26521
36.125 2.71822 0.172092 2.11759 -2.26351
36.1562 2.72334 0.15457 2.04768 -2.21092
36.1875 2.72781 0.130582 1.97911 -2.17908
36.2188 2.73145 0.100962 1.91194 -2.10744
36.25 2.73405 0.0643813 1.84788 -1.99433
36.2812 2.73543 0.0232222 1.78668 -1.93266
36.3125 2.73546 -0.021778 1.72701 -1.8767
36.3438 2.73402 -0.0709987 1.67026 -1.74372
36.375 2.73101 -0.121942 1.61836 -1.57743
36.4062 2.72639 -0.173397 1.57167 -1.4112
36.4375 2.72018 -0.223872 1.52991 -1.26981
36.4688 2.71241 -0.273776 1.49178 -1.17285
36.5 2.70306 -0.324123 1.45687 -1.05714
36.5312 2.69216 -0.37359 1.42538 -0.972332
36.5625 2.6797 -0.424536 1.39526 -0.962496
36.5938 2.66559 -0.478944 1.36502 -0.978679
36.625 2.64975 -0.535273 1.33327 -1.07178
36.6562 2.63211 -0.594288 1.29688 -1.27378
36.6875 2.61258 -0.655441 1.25302 -1.53531
36.7188 2.59115 -0.715533 1.20126 -1.76876
36.75 2.56787 -0.774405 1.14272 -1.97866
36.7812 2.54277 -0.831794 1.07776 -2.16796
36.8125 2.51591 -0.886413 1.00826 -2.26268
36.8438 2.48738 -0.939227 0.937158 -2.27643
36.875 2.45724 -0.989664 0.866897 -2.20336
36.9062 2.42556 -1.03709 0.800372 -2.04367
36.9375 2.39243 -1.08303 0.739596 -1.84161
36.9688 2.3579 -1.12651 0.685498 -1.61612
37 2.32206 -1.16673 0.639139 -1.3367
37.0312 2.28499 -1.20565 0.602963 -0.965153
37.0625 2.24672 -1.24303 0.579151 -0.562062
37.0938 2.20733 -1.27748 0.567328 -0.203455
37.125 2.16691 -1.30887 0.566163 0.130554
37.1562 2.12556 -1.33697 0.575808 0.490787
37.1875 2.08338 -1.36245 0.596644 0.83157
37.2188 2.04044 -1.38495 0.626796 1.08125
37.25 1.99686 -1.40413 0.663268 1.2391
37.2812 1.95269 -1.42212 0.703394 1.31558
37.3125 1.908 -1.43778 0.744718 1.31831
37.3438 1.86288 -1.44937 0.785205 1.2648
37.375 1.81744 -1.45849 0.823361 1.17281
37.4062 1.77177 -1.46343 0.858363 1.0652
37.4375 1.72603 -1.46336 0.889495 0.912914
37.4688 1.68033 -1.46072 0.914229 0.652287
37.5 1.63478 -1.45385 0.929781 0.346926
37.5312 1.58951 -1.44272 0.936498 0.0911556
37.5625 1.54461 -1.43068 0.935561 -0.155908
37.5938 1.50011 -1.41658 0.926406 -0.43297
37.625 1.45611 -1.39941 0.908561 -0.705723
37.6562 1.41266 -1.38179 0.882456 -0.964631
37.6875 1.36974 -1.36442 0.84819 -1.23009
37.7188 1.32738 -1.34662 0.805527 -1.49987
37.75 1.28557 -1.32953 0.754623 -1.75115
37.7812 1.24426 -1.31473 0.696893 -1.9254
37.8125 1.20338 -1.30204 0.635366 -2.00056
37.8438 1.16286 -1.29159 0.572154 -2.04378
37.875 1.12262 -1.28427 0.507924 -2.05664
37.9062 1.08258 -1.27816 0.444483 -1.989
37.9375 1.04274 -1.27165 0.384382 -1.84818
37.9688 1.00311 -1.2646 0.329344 -1.67065
38 0.963739 -1.25452 0.280288 -1.45951
38.0312 0.924737 -1.24127 0.238926 -1.1758
38.0625 0.886175 -1.2263 0.207104 -0.862622
38.0938 0.848137 -1.20737 0.184878 -0.55895
38.125 0.810746 -1.18543 0.172215 -0.256381
38.1562 0.774054 -1.16262 0.168098 -0.0205529
38.1875 0.738119 -1.1365 0.170641 0.188186
38.2188 0.703052 -1.10761 0.180145 0.416833
38.25 0.668898 -1.07811 0.195912 0.575368
38.2812 0.635683 -1.04743 0.215169 0.644399
38.3125 0.603441 -1.01603 0.235483 0.647707
38.3438 0.57219 -0.983785 0.255606 0.645577
38.375 0.541966 -0.950463 0.275994 0.653388
38.4062 0.512789 -0.916763 0.295672 0.594528
38.4375 0.484685 -0.881616 0.312921 0.51057
38.4688 0.457696 -0.845705 0.327364 0.402847
38.5 0.431817 -0.810684 0.337311 0.22525
38.5312 0.407023 -0.776269 0.341243 0.0250178
38.5625 0.383284 -0.743391 0.338738 -0.185625
38.5938 0.360547 -0.711847 0.330027 -0.36089
38.625 0.338784 -0.681336 0.316591 -0.502219
38.6562 0.317937 -0.653157 0.297926 -0.705979
38.6875 0.297958 -0.625426 0.271966 -0.95618
38.7188 0.278843 -0.598293 0.238481 -1.17778
38.75 0.260539 -0.573405 0.198959 -1.34443
38.7812 0.243006 -0.548693 0.154597 -1.49511
38.8125 0.226225 -0.525896 0.105841 -1.61008
38.8438 0.21011 -0.505497 0.0553778 -1.59639
38.875 0.194643 -0.48437 0.00701355 -1.49257
38.9062 0.179808 -0.465861 -0.0377532 -1.37007
38.9375 0.165498 -0.449877 -0.0783086 -1.21793
38.9688 0.15171 -0.432386 -0.113261 -1.00809
39 0.138456 -0.416359 -0.140786 -0.749662
39.0312 0.125676 -0.401328 -0.160098 -0.486249
39.0625 0.113396 -0.38447 -0.170972 -0.204554
39.0938 0.101632 -0.368821 -0.172736 0.0899728
39.125 0.0903315 -0.354391 -0.16554 0.36812
39.1562 0.0794859 -0.339806 -0.14997 0.619779
39.1875 0.069083 -0.326079 -0.127652 0.794393
39.2188 0.0591118 -0.311852 -0.100793 0.924278
39.25 0.0496042 -0.296489 -0.0698378 1.054
39.2812 0.0405976 -0.279468 -0.0353869 1.14123
39.3125 0.0321732 -0.259183 0.000915184 1.17289
39.3438 0.024418 -0.236967 0.0372885 1.14525
39.375 0.0173791 -0.213133 0.0720785 1.0783
39.4062 0.0111217 -0.187074 0.104609 1.00317
39.4375 0.00569567 -0.160059 0.13478 0.927618
39.4688 0.00113122 -0.131877 0.162299 0.821793
39.5 -0.00255142 -0.104193 0.185106 0.622896
39.5312 -0.0054081 -0.0789048 0.200903 0.392131
39.5625 -0.00748933 -0.0544783 0.209905 0.183949
39.5938 -0.00885128 -0.0336851 0.212137 -0.0449373
39.625 -0.00965152 -0.01803 0.207114 -0.2738
39.6562 -0.00998535 -0.00340179 0.195134 -0.492139
39.6875 -0.00989166 0.00862265 0.176442 -0.702975
39.7188 -0.00948686 0.0170438 0.150985 -0.935099
39.75 -0.00882114 0.0256546 0.117575 -1.20039
39.7812 -0.00789801 0.0329387 0.076919 -1.37928
39.8125 -0.00678482 0.0382531 0.0325062 -1.45185
39.8438 -0.00550003 0.0440033 -0.0132622 -1.46691
39.875 -0.00404908 0.0484913 -0.0584683 -1.41678
39.9062 -0.00247996 0.0520634 -0.101296 -1.31332
39.9375 -0.000777991 0.0570793 -0.139543 -1.11731
39.9688 0.00109007 0.0624368 -0.170598 -0.872782
40 0.00312964 0.0683535 -0.194469 -0.656373
40.0312 0.00538213 0.0760839 -0.211157 -0.399089
40.0625 0.00789854 0.0852046 -0.218777 -0.0830376
40.0938 0.0107294 0.0964104 -0.216264 0.24103
40.125 0.013948 0.109822 -0.204217 0.517552
40.1562 0.0176008 0.124047 -0.184591 0.733839
40.1875 0.0217121 0.139332 -0.158307 0.948692
40.2188 0.0263229 0.15586 -0.125786 1.11661
40.25 0.0314529 0.172441 -0.0895701 1.18917
40.2812 0.0371082 0.189792 -0.0517807 1.22863
40.3125 0.0433365 0.209086 -0.0128526 1.25921
40.3438 0.050181 0.228912 0.0264937 1.24921
40.375 0.0576436 0.248825 0.0645594 1.17769
40.4062 0.0657443 0.269712 0.0997296 1.07021
40.4375 0.0744901 0.289608 0.131305 0.948378
40.4688 0.0838164 0.306947 0.15892 0.818794
40.5 0.0936669 0.32349 0.182349 0.673532
40.5312 0.104031 0.339637 0.200236 0.457063
40.5625 0.114876 0.354127 0.210347 0.187736
40.5938 0.126155 0.367715 0.21207 -0.0746155
40.625 0.13786 0.381453 0.205876 -0.317621
40.6562 0.149989 0.394615 0.192488 -0.537039
40.6875 0.162518 0.407223 0.172224 -0.76288
40.7188 0.175447 0.420323 0.144789 -0.990003
40.75 0.188788 0.43343 0.110547 -1.19943
40.7812 0.202534 0.446364 0.0700713 -1.38167
40.8125 0.216685 0.45916 0.0251216 -1.47898
40.8438 0.231206 0.469636 -0.0215902 -1.50037
40.875 0.246014 0.477943 -0.0677198 -1.43047
40.9062 0.26107 0.485295 -0.109707 -1.2449
40.9375 0.276307 0.489197 -0.14554 -1.05461
40.9688 0.291618 0.49068 -0.175594 -0.85823
41 0.306986 0.492969 -0.198233 -0.577905
41.0312 0.322418 0.494368 -0.2114 -0.266305
41.0625 0.337881 0.495588 -0.21511 0.0253014
41.0938 0.353419 0.499167 -0.209894 0.310534
41.125 0.369084 0.503387 -0.195403 0.621906
41.1562 0.384894 0.508958 -0.171044 0.929144
41.1875 0.400931 0.517861 -0.138204 1.1562
41.2188 0.417274 0.528192 -0.0996575 1.30064
41.25 0.433954 0.539681 -0.0572925 1.40819
41.2812 0.45103 0.553526 -0.0117362 1.50426
41.3125 0.468568 0.569185 0.0362065 1.55102
41.3438 0.486623 0.586639 0.0844037 1.52525
41.375 0.505255 0.606173 0.131398 1.48385
41.4062 0.524531 0.62782 0.177118 1.43761
41.4375 0.544508 0.650762 0.220717 1.34204
41.4688 0.5652 0.673506 0.260392 1.19077
41.5 0.586601 0.696159 0.295068 1.03205
41.5312 0.608701 0.717855 0.325107 0.889437
41.5625 0.631443 0.73741 0.350145 0.699671
41.5938 0.654785 0.75651 0.368105 0.443574
41.625 0.678722 0.775233 0.377928 0.191647
41.6562 0.703221 0.792504 0.380617 -0.0110566
41.6875 0.728244 0.808777 0.377625 -0.177235
41.7188 0.753751 0.823323 0.369584 -0.337972
41.75 0.779688 0.836555 0.356484 -0.49994
41.7812 0.806029 0.849025 0.338446 -0.650579
41.8125 0.832726 0.859236 0.316336 -0.751303
41.8438 0.859729 0.869155 0.29251 -0.756741
41.875 0.887061 0.880084 0.269957 -0.674082
41.9062 0.914716 0.889514 0.251133 -0.518429
41.9375 0.942659 0.899305 0.238283 -0.294036
41.9688 0.970952 0.91178 0.233187 -0.0284188
42 0.999654 0.925222 0.236578 0.245271
42.0312 1.0288 0.940785 0.248602 0.528659
42.0625 1.05849 0.960053 0.27003 0.848661
42.0938 1.08883 0.981598 0.301731 1.17721
42.125 1.11987 1.00566 0.343369 1.48497
42.1562 1.1517 1.03196 0.394347 1.77096
42.1875 1.18436 1.05807 0.453359 1.99351
42.2188 1.21784 1.08444 0.518435 2.16715
42.25 1.25215 1.11195 0.588326 2.28996
42.2812 1.28732 1.1385 0.660206 2.29107
42.3125 1.3233 1.16431 0.73111 2.25257
42.3438 1.3601 1.1912 0.801383 2.24262
42.375 1.39775 1.21795 0.870406 2.15503
42.4062 1.43623 1.24484 0.935149 1.98255
42.4375 1.47557 1.2735 0.994322 1.80637
42.4688 1.51581 1.30148 1.04802 1.62753
42.5 1.5569 1.32767 1.09575 1.42034
42.5312 1.59879 1.35307 1.13631 1.16891
42.5625 1.64142 1.37481 1.16868 0.906913
42.5938 1.68466 1.39178 1.19334 0.673411
42.625 1.72838 1.40573 1.21049 0.414789
42.6562 1.77247 1.41535 1.21888 0.123365
42.6875 1.81679 1.42001 1.21869 -0.122737
42.7188 1.86118 1.42021 1.21212 -0.284364
42.75 1.90549 1.41495 1.20144 -0.399308
42.7812 1.94956 1.40431 1.18673 -0.549648
42.8125 1.99321 1.38856 1.16714 -0.692332
42.8438 2.0363 1.3692 1.14455 -0.736113
42.875 2.07877 1.34827 1.12206 -0.689103
42.9062 2.12055 1.32514 1.10243 -0.552436
42.9375 2.16159 1.30182 1.08813 -0.357937
42.9688 2.20193 1.28057 1.08028 -0.140992
43 2.24162 1.25914 1.07947 0.0895347
43.0312 2.28064 1.23858 1.08583 0.317283
43.0625 2.31906 1.2206 1.09932 0.544012
43.0938 2.35693 1.20282 1.11947 0.738321
43.125 2.39424 1.18502 1.14521 0.908905
43.1562 2.43099 1.16715 1.17618 1.06604
43.1875 2.46716 1.14735 1.2109 1.13622
43.2188 2.50268 1.12542 1.24626 1.11994
43.25 2.53747 1.10026 1.28084 1.0923
43.2812 2.57139 1.07004 1.31408 1.02364
43.3125 2.6043 1.03534 1.34438 0.9173
43.3438 2.63605 0.995619 1.37184 0.846992
43.375 2.66644 0.947983 1.39755 0.800931
43.4062 2.69522 0.892407 1.42203 0.765969
43.4375 2.72215 0.830471 1.44525 0.71622
43.4688 2.74704 0.761401 1.4667 0.658906
43.5 2.76967 0.686129 1.48669 0.625113
43.5312 2.78989 0.607495 1.50605 0.615929
43.5625 2.80762 0.527147 1.52496 0.586211
43.5938 2.82285 0.447549 1.54254 0.548455
43.625 2.83563 0.371041 1.56031 0.604905
43.6562 2.84608 0.298945 1.58061 0.686328
43.6875 2.85437 0.231872 1.60254 0.709392
43.7188 2.86063 0.169604 1.62496 0.733377
43.75 2.86501 0.111776 1.64886 0.797077
43.7812 2.86764 0.0566335 1.67411 0.800088
43.8125 2.86858 0.00423674 1.69784 0.709007
43.8438 2.86794 -0.0445981 1.71817 0.59188
43.875 2.86581 -0.0915205 1.73514 0.507458
43.9062 2.86225 -0.135678 1.75096 0.517376
43.9375 2.85737 -0.176459 1.76757 0.53935
43.9688 2.85123 -0.216398 1.78439 0.537853
44 2.84385 -0.255477 1.80147 0.56087
44.0312 2.83528 -0.293023 1.81979 0.617364
44.0625 2.82554 -0.330561 1.84026 0.693926
44.0938 2.81463 -0.367462 1.86337 0.793155
44.125 2.80258 -0.403407 1.89061 0.962101
44.1562 2.7894 -0.440269 1.9238 1.15955
44.1875 2.77506 -0.477508 1.96264 1.31845
44.2188 2.75955 -0.515624 2.00583 1.44115
44.25 2.74281 -0.556088 2.05237 1.52819
44.2812 2.72478 -0.597761 2.10054 1.54027
44.3125 2.70544 -0.640286 2.14785 1.47768
44.3438 2.68476 -0.682901 2.19234 1.3592
44.375 2.66277 -0.724744 2.2321 1.17586
44.4062 2.63949 -0.764442 2.2653 0.938432
44.4375 2.61505 -0.798734 2.28982 0.613998
44.4688 2.58962 -0.828343 2.30291 0.219826
44.5 2.56333 -0.852312 2.30367 -0.168255
44.5312 2.53645 -0.86666 2.29244 -0.551379
44.5625 2.50924 -0.874219 2.26909 -0.946706
44.5938 2.48186 -0.876442 2.23299 -1.36668
44.625 2.45454 -0.871329 2.18379 -1.7746
44.6562 2.42745 -0.861759 2.12274 -2.12215
44.6875 2.40071 -0.848993 2.0517 -2.416
44.7188 2.37443 -0.832989 1.97224 -2.66251
44.75 2.34865 -0.816486 1.88564 -2.87294
44.7812 2.3234 -0.799996 1.79347 -3.00819
44.8125 2.29865 -0.784065 1.69862 -3.05365
44.8438 2.27436 -0.770747 1.60276 -3.07997
44.875 2.25044 -0.760754 1.50679 -3.04001
44.9062 2.22677 -0.754899 1.41445 -2.84712
44.9375 2.20321 -0.754218 1.32936 -2.60412
44.9688 2.17957 -0.759322 1.25099 -2.42082
45 2.1557 -0.76962 1.17799 -2.24572
45.0312 2.13143 -0.783621 1.11101 -2.03677
45.0625 2.10669 -0.800288 1.05081 -1.81464
45.0938 2.08141 -0.817209 0.997681 -1.58495
45.125 2.05564 -0.832234 0.951773 -1.3526
45.1562 2.02941 -0.845784 0.913292 -1.10623
45.1875 2.00279 -0.857649 0.882766 -0.85007
45.2188 1.97584 -0.867159 0.859605 -0.645919
45.25 1.94861 -0.875375 0.84154 -0.5209
45.2812 1.92114 -0.882577 0.826679 -0.432838
45.3125 1.89346 -0.88828 0.814206 -0.374891
45.3438 1.86562 -0.893709 0.802378 -0.39667
45.375 1.8376 -0.899367 0.78882 -0.47536
45.4062 1.80941 -0.905318 0.772364 -0.587156
45.4375 1.781 -0.913078 0.751302 -0.773627
45.4688 1.75232 -0.922654 0.723487 -1.0114
45.5 1.72332 -0.933878 0.687811 -1.27617
45.5312 1.69393 -0.947109 0.643647 -1.54721
45.5625 1.66412 -0.961109 0.591471 -1.78563
45.5938 1.63385 -0.975975 0.53244 -1.98578
45.625 1.60311 -0.991264 0.467708 -2.15392
45.6562 1.57192 -1.00516 0.39799 -2.30075
45.6875 1.54029 -1.01878 0.325007 -2.34426
45.7188 1.50825 -1.03162 0.252995 -2.24754
45.75 1.47585 -1.04157 0.185109 -2.09211
45.7812 1.44316 -1.05026 0.12254 -1.90743
45.8125 1.41021 -1.05853 0.0662769 -1.68389
45.8438 1.37701 -1.06593 0.0181293 -1.38433
45.875 1.34359 -1.07287 -0.0198648 -1.04865
45.9062 1.30997 -1.07876 -0.0474473 -0.710658
45.9375 1.27617 -1.0848 -0.063616 -0.316388
45.9688 1.24217 -1.09127 -0.0674372 0.0585122
46 1.20799 -1.09568 -0.0608703 0.350309
46.0312 1.1737 -1.09908 -0.0460866 0.58775
46.0625 1.1393 -1.1023 -0.0245672 0.786628
46.0938 1.10483 -1.10293 0.00325472 0.99957
46.125 1.07039 -1.10091 0.0379335 1.21117
46.1562 1.03604 -1.09748 0.0779094 1.3279
46.1875 1.00182 -1.09203 0.120112 1.36913
46.2188 0.967806 -1.08473 0.163526 1.40788
46.25 0.934024 -1.07739 0.207427 1.38268
46.2812 0.900478 -1.06925 0.248753 1.24824
46.3125 0.867225 -1.05854 0.284918 1.06072
46.3438 0.834334 -1.04624 0.314749 0.845557
46.375 0.801863 -1.03116 0.337706 0.621895
46.4062 0.769933 -1.01184 0.35316 0.355095
46.4375 0.738634 -0.991262 0.359311 0.0360552
46.4688 0.707993 -0.969318 0.355557 -0.274855
46.5 0.678075 -0.945434 0.341931 -0.601683
46.5312 0.64888 -0.923525 0.318032 -0.920119
46.5625 0.62034 -0.902954 0.284957 -1.19081
46.5938 0.592446 -0.882626 0.243948 -1.4244
46.625 0.565134 -0.866103 0.196822 -1.57702
46.6562 0.53829 -0.85198 0.145913 -1.67846
46.6875 0.511872 -0.839313 0.0921871 -1.74949
46.7188 0.485782 -0.831159 0.0376015 -1.72527
46.75 0.459905 -0.825029 -0.0146268 -1.60436
46.7812 0.434207 -0.820106 -0.0620364 -1.42248
46.8125 0.408611 -0.818391 -0.103232 -1.21075
46.8438 0.383063 -0.816435 -0.137481 -0.976999
46.875 0.357588 -0.814227 -0.164057 -0.720438
46.9062 0.332154 -0.813548 -0.182175 -0.430459
46.9375 0.306762 -0.811106 -0.190376 -0.0888297
46.9688 0.281482 -0.806622 -0.187883 0.239223
47 0.256365 -0.800352 -0.175997 0.515579
47.0312 0.231492 -0.791136 -0.155917 0.763762
47.0625 0.206932 -0.780511 -0.128882 0.953842
47.0938 0.18274 -0.767068 -0.0969938 1.07961
47.125 0.159025 -0.750485 -0.0615924 1.18689
47.1562 0.135832 -0.733869 -0.0226732 1.3048
47.1875 0.113177 -0.715552 0.0196534 1.39243
47.2188 0.0911361 -0.694911 0.0633885 1.3913
47.25 0.069742 -0.674366 0.105897 1.32193
47.2812 0.0489924 -0.653496 0.145719 1.22397
47.3125 0.0289013 -0.632329 0.182248 1.1097
47.3438 0.00947913 -0.610432 0.214494 0.939711
47.375 -0.00923433 -0.58706 0.240112 0.691254
47.4062 -0.0272034 -0.562688 0.257621 0.432577
47.4375 -0.0443715 -0.535501 0.267245 0.180853
47.4688 -0.0606519 -0.506465 0.268515 -0.109116
47.5 -0.0760353 -0.478121 0.259778 -0.458411
47.5312 -0.0905261 -0.449152 0.239817 -0.810243
47.5625 -0.104115 -0.420909 0.210015 -1.08436
47.5938 -0.116855 -0.394557 0.172423 -1.31995
47.625 -0.12877 -0.367944 0.127808 -1.52497
47.6562 -0.139856 -0.341717 0.0779493 -1.65313
47.6875 -0.150129 -0.31558 0.0251901 -1.71228
47.7188 -0.159566 -0.288331 -0.0283871 -1.70849
47.75 -0.168154 -0.261387 -0.0813059 -1.67355
47.7812 -0.175902 -0.234412 -0.132228 -1.56584
47.8125 -0.182804 -0.207455 -0.178044 -1.357
47.8438 -0.188881 -0.181525 -0.217027 -1.14082
47.875 -0.194148 -0.155591 -0.249237 -0.914452
47.9062 -0.198615 -0.130559 -0.273853 -0.658294
47.9375 -0.202317 -0.1063 -0.290146 -0.376807
47.9688 -0.205248 -0.0812541 -0.296813 -0.0435853
48 -0.207414 -0.0577787 -0.293009 0.27664
48.0312 -0.208858 -0.0340873 -0.280398 0.516449
48.0625 -0.20951 -0.0073861 -0.261364 0.696759
48.0938 -0.209327 0.0189094 -0.236906 0.868715
48.125 -0.20831 0.0469376 -0.207289 1.01926
48.1562 -0.206352 0.0786011 -0.173607 1.13477
48.1875 -0.203398 0.11065 -0.136217 1.25953
48.2188 -0.199394 0.146602 -0.0952484 1.35014
48.25 -0.194194 0.186254 -0.0526179 1.36913
48.2812 -0.187756 0.226031 -0.0100487 1.34968
48.3125 -0.180017 0.270231 0.0312583 1.2853
48.3438 -0.170837 0.317157 0.0698864 1.18426
48.375 -0.160216 0.362477 0.105244 1.07698
48.4062 -0.148166 0.409098 0.136688 0.919899
48.4375 -0.134647 0.455753 0.161685 0.669023
48.4688 -0.119713 0.499535 0.178551 0.419071
48.5 -0.103448 0.541034 0.188143 0.189374
48.5312 -0.0859404 0.578592 0.189759 -0.0924431
48.5625 -0.0673399 0.611013 0.182485 -0.367116
48.5938 -0.0478073 0.638074 0.16697 -0.625441
48.625 -0.0275245 0.659126 0.143878 -0.834463
48.6562 -0.00665076 0.676395 0.115982 -0.942078
48.6875 0.0147252 0.691178 0.0847323 -1.06602
48.7188 0.0365167 0.70311 0.049582 -1.16643
48.75 0.0586604 0.714082 0.0130504 -1.15789
48.7812 0.0811434 0.724663 -0.022309 -1.09785
48.8125 0.103938 0.733952 -0.0548966 -0.976833
48.8438 0.127003 0.742075 -0.0829707 -0.816592
48.875 0.150308 0.749296 -0.105476 -0.611214
48.9062 0.173833 0.756294 -0.120535 -0.350971
48.9375 0.197572 0.762961 -0.127792 -0.119686
48.9688 0.221521 0.77003 -0.127852 0.126168
49 0.24572 0.778976 -0.119354 0.42003
49.0312 0.270214 0.788643 -0.101835 0.694316
49.0625 0.295025 0.799764 -0.0765213 0.912818
49.0938 0.320226 0.813339 -0.0458218 1.03599
49.125 0.345862 0.827382 -0.0122697 1.11239
49.1562 0.371958 0.843311 0.0239408 1.20599
49.1875 0.398589 0.860994 0.0628141 1.27429
49.2188 0.425753 0.877303 0.103199 1.30599
49.25 0.453427 0.894146 0.144075 1.30068
49.2812 0.481646 0.91169 0.183732 1.22512
49.3125 0.510393 0.928008 0.220078 1.09537
49.3438 0.539649 0.94441 0.251892 0.934769
49.375 0.56941 0.960051 0.278075 0.735577
49.4062 0.599647 0.975283 0.297826 0.532262
49.4375 0.630373 0.991032 0.311508 0.340476
49.4688 0.661563 1.00481 0.318487 0.0930247
49.5 0.693174 1.01865 0.316795 -0.202147
49.5312 0.725244 1.03374 0.306153 -0.472065
49.5625 0.757766 1.04742 0.287656 -0.706686
49.5938 0.790712 1.06136 0.262326 -0.90874
49.625 0.824096 1.07477 0.231157 -1.08198
49.6562 0.85786 1.08597 0.195103 -1.21441
49.6875 0.891973 1.09729 0.156292 -1.24935
49.7188 0.926419 1.10667 0.118151 -1.17933
49.75 0.961119 1.11419 0.0828638 -1.08007
49.7812 0.99607 1.12267 0.0507419 -0.966309
49.8125 1.03125 1.12814 0.0236279 -0.746277
49.8438 1.06654 1.13009 0.00511687 -0.433076
49.875 1.10188 1.13125 -0.00366805 -0.136506
49.9062 1.13721 1.12909 -0.00368188 0.135716
49.9375 1.17241 1.12394 0.00496456 0.420131
49.9688 1.20745 1.11854 0.0225797 0.703963
