10 0.0685397 0 -4 
20 0.136928 0 -4 
30 0.205013 0 -4 
40 0.27265 0 -4 
50 0.339698 1.3 0 
60 0.406024 1.3 0 
70 0.471501 1.3 0 
80 0.536014 1.3 0 
90 0.59946 1.3 0 
100 0.661745 1.3 0 
110 0.722788 1.3 0 
120 0.782521 1.3 0 
130 0.840887 1.3 0 
140 0.897842 1.3 0 
150 0.953352 1.3 0 
160 1.00739 1.3 0 
170 1.05996 1.3 0 
180 1.11104 1.3 0 
190 1.16064 1.3 0 
200 1.20878 1.3 0 
210 1.25547 1.3 0 
220 1.30074 1.3 0 
230 1.34461 1.3 0 
240 1.38712 1.3 0 
250 1.4283 1.3 0 
260 1.4682 1.3 0 
270 1.50684 1.3 0 
280 1.54428 1.3 0 
290 1.58055 1.3 0 
300 1.6157 1.3 0 
310 1.64976 1.3 0 
320 1.68278 1.3 0 
330 1.7148 1.3 0 
340 1.74586 1.3 0 
350 1.77601 1.3 0 
360 1.80527 1.3 0 
370 1.83369 1.3 0 
380 1.86131 1.3 0 
390 1.88815 1.3 0 
400 1.91426 1.3 0 
410 1.93967 1.3 0 
420 1.9644 1.3 0 
430 1.9885 1.3 0 
440 2.01198 1.3 0 
450 2.03488 1.3 0 
460 2.05721 1.3 0 
470 2.07902 1.3 0 
480 2.10032 1.3 0 
490 2.12113 1.3 0 
500 2.14148 0 -4 
510 2.16139 0 -4 
520 2.18088 0 -4 
530 2.19996 0 -4 
540 2.21865 0 -4 
550 2.23698 0 -4 
560 2.25495 0 -4 
570 2.27259 0 -4 
580 2.2899 0 -4 
590 2.3069 0 -4 
600 2.32361 0 -4 
610 2.34004 0 -4 
620 2.35619 0 -4 
630 2.37208 0 -4 
640 2.38772 0 -4 
650 2.40312 0 -4 
660 2.41828 0 -4 
670 2.43323 0 -4 
680 2.44796 0 -4 
690 2.46249 0 -4 
700 2.47682 0 -4 
710 2.49096 0 -4 
720 2.50492 0 -4 
730 2.5187 0 -4 
740 2.53231 0 -4 
750 2.54575 0 -4 
760 2.55904 0 -4 
770 2.57217 0 -4 
780 2.58515 0 -4 
790 2.59799 0 -4 