10 0.102029 0 -4 
20 0.203196 0 -4 
30 0.302683 0 -4 
40 0.39976 1.3 0 
50 0.493811 1.3 0 
60 0.584355 1.3 0 
70 0.671042 1.3 0 
80 0.753652 1.3 0 
90 0.832082 1.3 0 
100 0.906323 1.3 0 
110 0.976446 1.3 0 
120 1.04258 1.3 0 
130 1.1049 1.3 0 
140 1.16359 1.3 0 
150 1.21889 1.3 0 
160 1.27102 1.3 0 
170 1.3202 1.3 0 
180 1.36665 1.3 0 
190 1.41059 1.3 0 
200 1.45222 1.3 0 
210 1.49173 1.3 0 
220 1.5293 0 -4 
230 1.56508 0 -4 
240 1.59924 0 -4 
250 1.6319 0 -4 
260 1.6632 0 -4 
270 1.69324 0 -4 
280 1.72214 0 -4 
290 1.74998 0 -4 