10 0.0593034 0 -4 
20 0.118492 0 -4 
30 0.177452 0 -4 
40 0.236072 0 -4 
50 0.294247 0 -4 
60 0.351874 0 -4 
70 0.408859 0 -4 
80 0.465114 1.3 0 
90 0.52056 1.3 0 
100 0.575124 1.3 0 
110 0.628744 1.3 0 
120 0.681365 1.3 0 
130 0.732942 1.3 0 
140 0.783438 1.3 0 
150 0.832823 1.3 0 
160 0.881076 1.3 0 
170 0.928182 1.3 0 
180 0.974133 1.3 0 
190 1.01893 1.3 0 
200 1.06257 1.3 0 
210 1.10507 1.3 0 
220 1.14643 1.3 0 
230 1.18669 1.3 0 
240 1.22584 1.3 0 
250 1.26392 1.3 0 
260 1.30096 1.3 0 
270 1.33697 1.3 0 
280 1.37198 1.3 0 
290 1.40603 1.3 0 
300 1.43914 1.3 0 
310 1.47135 1.3 0 
320 1.50268 1.3 0 
330 1.53316 1.3 0 
340 1.56283 1.3 0 
350 1.59171 1.3 0 
360 1.61983 1.3 0 
370 1.64723 1.3 0 
380 1.67392 1.3 0 
390 1.69995 1.3 0 
400 1.72532 1.3 0 
410 1.75008 1.3 0 
420 1.77425 1.3 0 
430 1.79784 1.3 0 
440 1.82089 1.3 0 
450 1.84341 0 -4 
460 1.86543 0 -4 
470 1.88696 0 -4 
480 1.90804 0 -4 
490 1.92867 0 -4 
500 1.94888 0 -4 
510 1.96868 0 -4 
520 1.98809 0 -4 
530 2.00713 0 -4 
540 2.02581 0 -4 
550 2.04414 0 -4 
560 2.06214 0 -4 
570 2.07983 0 -4 
580 2.09721 0 -4 
590 2.11429 0 -4 
600 2.1311 0 -4 
610 2.14763 0 -4 
620 2.16391 0 -4 
630 2.17993 0 -4 
640 2.19572 0 -4 
650 2.21127 0 -4 
660 2.22659 0 -4 
670 2.24171 0 -4 
680 2.25661 0 -4 
690 2.27132 0 -4 
700 2.28583 0 -4 
710 2.30016 0 -4 
720 2.3143 0 -4 
730 2.32827 0 -4 
740 2.34208 0 -4 
750 2.35572 0 -4 
760 2.3692 0 -4 
770 2.38253 0 -4 
780 2.39571 0 -4 
790 2.40875 0 -4 