10 0.199767 0 -4 
20 0.382948 0 -4 
30 0.540506 0 -4 
40 0.671693 0 -4 
50 0.780323 0 -4 
60 0.871337 0 -4 
70 0.949126 0 -4 
80 1.01707 0 -4 
90 1.07763 0 -4 
100 1.13254 0 -4 
110 1.18301 0 -4 
120 1.22992 0 -4 
130 1.27389 0 -4 
140 1.31539 0 -4 
150 1.35476 0 -4 
160 1.39229 0 -4 
170 1.42817 0 -4 
180 1.4626 0 -4 
190 1.49571 0 -4 
200 1.52762 0 -4 
210 1.55845 0 -4 
220 1.58827 0 -4 
230 1.61716 0 -4 
240 1.6452 0 -4 
250 1.67245 0 -4 
260 1.69895 0 -4 
270 1.72476 0 -4 
280 1.74992 0 -4 
290 1.77447 0 -4 
300 1.79844 0 -4 
310 1.82187 0 -4 
320 1.84479 0 -4 
330 1.86723 0 -4 
340 1.8892 0 -4 
350 1.91074 0 -4 
360 1.93185 0 -4 
370 1.95258 0 -4 
380 1.97292 0 -4 
390 1.9929 0 -4 
400 2.01254 0 -4 
410 2.03184 0 -4 
420 2.05082 0 -4 
430 2.0695 0 -4 
440 2.08789 0 -4 
450 2.10599 0 -4 
460 2.12382 0 -4 
470 2.1414 0 -4 
480 2.15871 0 -4 
490 2.17579 0 -4 
500 2.19263 0 -4 
510 2.20924 0 -4 
520 2.22564 0 -4 
530 2.24182 0 -4 
540 2.25779 0 -4 
550 2.27357 0 -4 
560 2.28915 0 -4 
570 2.30455 0 -4 
580 2.31976 0 -4 
590 2.3348 0 -4 
600 2.34966 0 -4 
610 2.36436 0 -4 
620 2.3789 0 -4 
630 2.39327 0 -4 
640 2.4075 0 -4 
650 2.42157 0 -4 
660 2.4355 0 -4 
670 2.44929 0 -4 
680 2.46294 0 -4 
690 2.47646 0 -4 
700 2.48984 0 -4 
710 2.50309 0 -4 
720 2.51622 0 -4 
730 2.52923 0 -4 
740 2.54211 0 -4 
750 2.55488 0 -4 
760 2.56754 0 -4 
770 2.58008 0 -4 
780 2.59251 0 -4 
790 2.60484 0 -4 