10 0.116438 0 -4 
20 0.229426 0 -4 
30 0.336215 0 -4 
40 0.435144 0 -4 
50 0.52564 0 -4 
60 0.607944 0 -4 
70 0.68277 0 -4 
80 0.751028 0 -4 
90 0.813635 0 -4 
100 0.871428 0 -4 
110 0.925123 0 -4 
120 0.975316 0 -4 
130 1.0225 0 -4 
140 1.06706 0 -4 
150 1.10933 0 -4 
160 1.14957 0 -4 
170 1.18801 0 -4 
180 1.22483 0 -4 
190 1.26019 0 -4 
200 1.29421 0 -4 
210 1.32702 0 -4 
220 1.35871 0 -4 
230 1.38937 0 -4 
240 1.41907 0 -4 
250 1.44789 0 -4 
260 1.47589 0 -4 
270 1.50312 0 -4 
280 1.52963 0 -4 
290 1.55546 0 -4 
300 1.58066 0 -4 
310 1.60526 0 -4 
320 1.6293 0 -4 
330 1.6528 0 -4 
340 1.67579 0 -4 
350 1.6983 0 -4 
360 1.72036 0 -4 
370 1.74198 0 -4 
380 1.76319 0 -4 
390 1.78401 0 -4 
400 1.80444 0 -4 
410 1.82452 0 -4 
420 1.84425 0 -4 
430 1.86364 0 -4 
440 1.88272 0 -4 
450 1.9015 0 -4 
460 1.91998 0 -4 
470 1.93817 0 -4 
480 1.9561 0 -4 
490 1.97376 0 -4 
500 1.99117 0 -4 
510 2.00833 0 -4 
520 2.02526 0 -4 
530 2.04196 0 -4 
540 2.05844 0 -4 
550 2.07471 0 -4 
560 2.09077 0 -4 
570 2.10663 0 -4 
580 2.12229 0 -4 
590 2.13777 0 -4 
600 2.15306 0 -4 
610 2.16817 0 -4 
620 2.18312 0 -4 
630 2.19789 0 -4 
640 2.2125 0 -4 
650 2.22695 0 -4 
660 2.24125 0 -4 
670 2.2554 0 -4 
680 2.2694 0 -4 
690 2.28325 0 -4 
700 2.29697 0 -4 
710 2.31055 0 -4 
720 2.324 0 -4 
730 2.33732 0 -4 
740 2.35051 0 -4 
750 2.36358 0 -4 
760 2.37653 0 -4 
770 2.38936 0 -4 
780 2.40207 0 -4 
790 2.41468 0 -4 