10 0.0685416 0 -4 
20 0.136931 0 -4 
30 0.205019 0 -4 
40 0.272658 0 -4 
50 0.339707 1.3 0 
60 0.406034 1.3 0 
70 0.471513 1.3 0 
80 0.536028 1.3 0 
90 0.599475 1.3 0 
100 0.661761 1.3 0 
110 0.722805 1.3 0 
120 0.782539 1.3 0 
130 0.840906 1.3 0 
140 0.897861 1.3 0 
150 0.953372 1.3 0 
160 1.00742 1.3 0 
170 1.05998 1.3 0 
180 1.11106 1.3 0 
190 1.16066 1.3 0 
200 1.2088 1.3 0 
210 1.25549 1.3 0 
220 1.30076 1.3 0 
230 1.34463 1.3 0 
240 1.38714 1.3 0 
250 1.42832 1.3 0 
260 1.46822 1.3 0 
270 1.50686 1.3 0 
280 1.5443 1.3 0 
290 1.58057 1.3 0 
300 1.61571 1.3 0 
310 1.64978 1.3 0 
320 1.6828 1.3 0 
330 1.71482 1.3 0 
340 1.74588 1.3 0 
350 1.77602 1.3 0 
360 1.80529 1.3 0 
370 1.83371 1.3 0 
380 1.86132 1.3 0 
390 1.88817 1.3 0 
400 1.91428 1.3 0 
410 1.93968 1.3 0 
420 1.96441 1.3 0 
430 1.98851 1.3 0 
440 2.01199 1.3 0 
450 2.03489 1.3 0 
460 2.05722 1.3 0 
470 2.07903 1.3 0 
480 2.10033 1.3 0 
490 2.12114 1.3 0 
500 2.14149 0 -4 
510 2.1614 0 -4 
520 2.18088 0 -4 
530 2.19996 0 -4 
540 2.21866 0 -4 
550 2.23699 0 -4 
560 2.25496 0 -4 
570 2.27259 0 -4 
580 2.28991 0 -4 
590 2.30691 0 -4 
600 2.32362 0 -4 
610 2.34004 0 -4 
620 2.35619 0 -4 
630 2.37208 0 -4 
640 2.38772 0 -4 
650 2.40312 0 -4 
660 2.41829 0 -4 
670 2.43323 0 -4 
680 2.44797 0 -4 
690 2.4625 0 -4 
700 2.47683 0 -4 
710 2.49097 0 -4 
720 2.50492 0 -4 
730 2.5187 0 -4 
740 2.53231 0 -4 
750 2.54575 0 -4 
760 2.55904 0 -4 
770 2.57217 0 -4 
780 2.58516 0 -4 
790 2.598 0 -4 