0 0 0 0
10 0.280215 0 -4 
20 0.473828 0 -4 
30 0.612952 0 -4 
40 0.722398 0 -4 
50 0.813535 0 -4 
60 0.892246 0 -4 
70 0.961942 0 -4 
80 1.02477 0 -4 
90 1.08217 0 -4 
100 1.13517 0 -4 
110 1.18451 0 -4 
120 1.23076 0 -4 
130 1.27436 0 -4 
140 1.31564 0 -4 
150 1.3549 0 -4 
160 1.39236 0 -4 
170 1.42822 0 -4 
180 1.46263 0 -4 
190 1.49574 0 -4 
200 1.52765 0 -4 
210 1.55847 0 -4 
220 1.58829 0 -4 
230 1.61718 0 -4 
240 1.64522 0 -4 
250 1.67246 0 -4 
260 1.69896 0 -4 
270 1.72477 0 -4 
280 1.74993 0 -4 
290 1.77448 0 -4 
300 1.79845 0 -4 
310 1.82188 0 -4 
320 1.84481 0 -4 
330 1.86724 0 -4 
340 1.88922 0 -4 
350 1.91076 0 -4 
360 1.93188 0 -4 
370 1.95261 0 -4 
380 1.97296 0 -4 
390 1.99295 0 -4 
400 2.01259 0 -4 
410 2.0319 0 -4 
420 2.05089 0 -4 
430 2.06957 0 -4 
440 2.08796 0 -4 
450 2.10607 0 -4 
460 2.12391 0 -4 
470 2.14149 0 -4 
480 2.15881 0 -4 
490 2.17589 0 -4 
500 2.19273 0 -4 
510 2.20934 0 -4 
520 2.22574 0 -4 
530 2.24192 0 -4 
540 2.2579 0 -4 
550 2.27367 0 -4 
560 2.28926 0 -4 
570 2.30465 0 -4 
580 2.31986 0 -4 
590 2.3349 0 -4 
600 2.34976 0 -4 
610 2.36446 0 -4 
620 2.379 0 -4 
630 2.39338 0 -4 
640 2.4076 0 -4 
650 2.42168 0 -4 
660 2.43561 0 -4 
670 2.4494 0 -4 
680 2.46305 0 -4 
690 2.47657 0 -4 
700 2.48996 0 -4 
710 2.50322 0 -4 
720 2.51636 0 -4 
730 2.52938 0 -4 
740 2.54227 0 -4 
750 2.55505 0 -4 
760 2.56772 0 -4 
770 2.58028 0 -4 
780 2.59272 0 -4 
790 2.60506 0 -4 